9.054542e-01 9.047668e-01 9.027056e-01 8.992738e-01 8.944766e-01 8.883211e-01 8.808169e-01 8.719751e-01 8.618093e-01 8.503347e-01 8.375689e-01 8.235311e-01 8.082425e-01 7.917264e-01 7.740077e-01 7.551133e-01 7.350718e-01 7.139136e-01 6.916706e-01 6.683767e-01 6.440669e-01 6.187782e-01 5.925488e-01 5.654185e-01 5.374283e-01 5.086205e-01 4.790389e-01 4.487281e-01 4.177341e-01 3.861037e-01 3.538848e-01 3.211261e-01 2.878773e-01 2.541886e-01 2.201109e-01 1.856959e-01 1.509955e-01 1.160622e-01 8.094877e-02 4.570837e-02 1.039419e-02 -2.494039e-02 -6.024202e-02 -9.545739e-02 -1.305333e-01 -1.654169e-01 -2.000555e-01 -2.343969e-01 -2.683893e-01 -3.019814e-01 -3.351227e-01 -3.677634e-01 -3.998542e-01 -4.313469e-01 -4.621942e-01 -4.923498e-01 -5.217684e-01 -5.504060e-01 -5.782196e-01 -6.051678e-01 -6.312101e-01 -6.563078e-01 -6.804235e-01 -7.035214e-01 -7.255671e-01 -7.465282e-01 -7.663736e-01 -7.850742e-01 -8.026025e-01 -8.189331e-01 -8.340421e-01 -8.479077e-01 -8.605101e-01 -8.718312e-01 -8.818551e-01 -8.905682e-01 -8.979590e-01 -9.040187e-01 -9.087408e-01 -9.121192e-01 -9.141430e-01 -9.147823e-01 
9.047668e-01 9.040799e-01 9.020203e-01 8.985911e-01 8.937975e-01 8.876468e-01 8.801482e-01 8.713131e-01 8.611550e-01 8.496892e-01 8.369330e-01 8.229059e-01 8.076289e-01 7.911253e-01 7.734201e-01 7.545401e-01 7.345138e-01 7.133716e-01 6.911456e-01 6.678693e-01 6.435780e-01 6.183084e-01 5.920990e-01 5.649893e-01 5.370203e-01 5.082344e-01 4.786752e-01 4.483875e-01 4.174170e-01 3.858106e-01 3.536161e-01 3.208824e-01 2.876588e-01 2.539956e-01 2.199439e-01 1.855549e-01 1.508809e-01 1.159741e-01 8.088738e-02 4.567373e-02 1.038637e-02 -2.492139e-02 -6.019622e-02 -9.538486e-02 -1.304342e-01 -1.652913e-01 -1.999036e-01 -2.342189e-01 -2.681855e-01 -3.017521e-01 -3.348683e-01 -3.674841e-01 -3.995505e-01 -4.310194e-01 -4.618433e-01 -4.919760e-01 -5.213723e-01 -5.499881e-01 -5.777807e-01 -6.047083e-01 -6.307309e-01 -6.558096e-01 -6.799070e-01 -7.029873e-01 -7.250163e-01 -7.459615e-01 -7.657918e-01 -7.844782e-01 -8.019933e-01 -8.183115e-01 -8.334090e-01 -8.472642e-01 -8.598570e-01 -8.711695e-01 -8.811858e-01 -8.898923e-01 -8.972775e-01 -9.033326e-01 -9.080511e-01 -9.114269e-01 -9.134493e-01 -9.140881e-01 
9.027056e-01 9.020203e-01 8.999654e-01 8.965440e-01 8.917613e-01 8.856246e-01 8.781431e-01 8.693282e-01 8.591932e-01 8.477535e-01 8.350264e-01 8.210312e-01 8.057891e-01 7.893231e-01 7.716582e-01 7.528212e-01 7.328405e-01 7.117465e-01 6.895711e-01 6.663478e-01 6.421119e-01 6.168999e-01 5.907502e-01 5.637022e-01 5.357970e-01 5.070767e-01 4.775849e-01 4.473661e-01 4.164661e-01 3.849318e-01 3.528107e-01 3.201515e-01 2.870036e-01 2.534172e-01 2.194430e-01 1.851324e-01 1.505373e-01 1.157101e-01 8.070329e-02 4.556986e-02 1.036289e-02 -2.486443e-02 -6.005890e-02 -9.516737e-02 -1.301368e-01 -1.649145e-01 -1.994480e-01 -2.336851e-01 -2.675743e-01 -3.010645e-01 -3.341052e-01 -3.666468e-01 -3.986402e-01 -4.300373e-01 -4.607910e-01 -4.908551e-01 -5.201844e-01 -5.487351e-01 -5.764644e-01 -6.033307e-01 -6.292940e-01 -6.543156e-01 -6.783581e-01 -7.013859e-01 -7.233648e-01 -7.442623e-01 -7.640475e-01 -7.826913e-01 -8.001665e-01 -8.164476e-01 -8.315108e-01 -8.453344e-01 -8.578986e-01 -8.691854e-01 -8.791789e-01 -8.878655e-01 -8.952340e-01 -9.012753e-01 -9.059831e-01 -9.093513e-01 -9.113690e-01 -9.120064e-01 
8.992738e-01 8.985911e-01 8.965440e-01 8.931356e-01 8.883711e-01 8.822577e-01 8.748047e-01 8.660233e-01 8.559269e-01 8.445306e-01 8.318519e-01 8.179099e-01 8.027257e-01 7.863224e-01 7.687247e-01 7.499593e-01 7.300546e-01 7.090408e-01 6.869497e-01 6.638147e-01 6.396709e-01 6.145548e-01 5.885045e-01 5.615593e-01 5.337602e-01 5.051491e-01 4.757694e-01 4.456655e-01 4.148831e-01 3.834686e-01 3.514696e-01 3.189346e-01 2.859128e-01 2.524540e-01 2.186090e-01 1.844289e-01 1.499653e-01 1.152705e-01 8.039678e-02 4.539693e-02 1.032381e-02 -2.476958e-02 -5.983024e-02 -9.480524e-02 -1.296418e-01 -1.642873e-01 -1.986894e-01 -2.327964e-01 -2.665568e-01 -2.999196e-01 -3.328348e-01 -3.652526e-01 -3.971244e-01 -4.284022e-01 -4.590390e-01 -4.889888e-01 -5.182067e-01 -5.466489e-01 -5.742727e-01 -6.010370e-01 -6.269017e-01 -6.518281e-01 -6.757793e-01 -6.987196e-01 -7.206150e-01 -7.414331e-01 -7.611431e-01 -7.797162e-01 -7.971250e-01 -8.133442e-01 -8.283503e-01 -8.421214e-01 -8.546378e-01 -8.658818e-01 -8.758374e-01 -8.844911e-01 -8.918315e-01 -8.978500e-01 -9.025399e-01 -9.058953e-01 -9.079054e-01 -9.085404e-01 
8.944766e-01 8.937975e-01 8.917613e-01 8.883711e-01 8.836321e-01 8.775513e-01 8.701380e-01 8.614035e-01 8.513609e-01 8.400255e-01 8.274144e-01 8.135468e-01 7.984436e-01 7.821277e-01 7.646239e-01 7.459586e-01 7.261601e-01 7.052584e-01 6.832852e-01 6.602736e-01 6.362586e-01 6.112766e-01 5.853652e-01 5.585638e-01 5.309130e-01 5.024546e-01 4.732316e-01 4.432883e-01 4.126701e-01 3.814232e-01 3.495950e-01 3.172336e-01 2.843879e-01 2.511076e-01 2.174432e-01 1.834454e-01 1.491657e-01 1.146560e-01 7.996833e-02 4.515520e-02 1.026919e-02 -2.463699e-02 -5.951061e-02 -9.429903e-02 -1.289497e-01 -1.634104e-01 -1.976290e-01 -2.315541e-01 -2.651343e-01 -2.983193e-01 -3.310588e-01 -3.633038e-01 -3.950055e-01 -4.261165e-01 -4.565899e-01 -4.863800e-01 -5.154421e-01 -5.437326e-01 -5.712091e-01 -5.978306e-01 -6.235574e-01 -6.483510e-01 -6.721745e-01 -6.949924e-01 -7.167711e-01 -7.374782e-01 -7.570832e-01 -7.755573e-01 -7.928733e-01 -8.090061e-01 -8.239322e-01 -8.376299e-01 -8.500797e-01 -8.612638e-01 -8.711664e-01 -8.797740e-01 -8.870753e-01 -8.930618e-01 -8.977267e-01 -9.010642e-01 -9.030636e-01 -9.036953e-01 
8.883211e-01 8.876468e-01 8.856246e-01 8.822577e-01 8.775513e-01 8.715123e-01 8.641501e-01 8.554757e-01 8.455022e-01 8.342448e-01 8.217205e-01 8.079483e-01 7.929491e-01 7.767455e-01 7.593622e-01 7.408253e-01 7.211631e-01 7.004053e-01 6.785832e-01 6.557301e-01 6.318804e-01 6.070702e-01 5.813372e-01 5.547203e-01 5.272597e-01 4.989972e-01 4.699753e-01 4.402381e-01 4.098306e-01 3.787988e-01 3.471896e-01 3.150509e-01 2.824313e-01 2.493801e-01 2.159473e-01 1.821835e-01 1.481397e-01 1.138675e-01 7.941858e-02 4.484503e-02 1.019911e-02 -2.446685e-02 -5.910048e-02 -9.364949e-02 -1.280617e-01 -1.622852e-01 -1.962684e-01 -2.299600e-01 -2.633092e-01 -2.962658e-01 -3.287801e-01 -3.608031e-01 -3.922868e-01 -4.231837e-01 -4.534474e-01 -4.830325e-01 -5.118947e-01 -5.399905e-01 -5.672781e-01 -5.937165e-01 -6.192663e-01 -6.438893e-01 -6.675489e-01 -6.902100e-01 -7.118389e-01 -7.324036e-01 -7.518738e-01 -7.702208e-01 -7.874178e-01 -8.034397e-01 -8.182632e-01 -8.318668e-01 -8.442310e-01 -8.553382e-01 -8.651728e-01 -8.737213e-01 -8.809725e-01 -8.869178e-01 -8.915507e-01 -8.948653e-01 -8.968510e-01 -8.974784e-01 
8.808169e-01 8.801482e-01 8.781431e-01 8.748047e-01 8.701380e-01 8.641501e-01 8.568500e-01 8.482489e-01 8.383597e-01 8.271974e-01 8.147789e-01 8.011231e-01 7.862506e-01 7.701839e-01 7.529474e-01 7.345672e-01 7.150711e-01 6.944886e-01 6.728510e-01 6.501909e-01 6.265426e-01 6.019421e-01 5.764265e-01 5.500345e-01 5.228059e-01 4.947821e-01 4.660055e-01 4.365196e-01 4.063689e-01 3.755993e-01 3.442572e-01 3.123900e-01 2.800459e-01 2.472740e-01 2.141236e-01 1.806451e-01 1.468890e-01 1.129063e-01 7.874837e-02 4.446691e-02 1.011368e-02 -2.425941e-02 -5.860046e-02 -9.285760e-02 -1.269791e-01 -1.609135e-01 -1.946096e-01 -2.280166e-01 -2.610841e-01 -2.937623e-01 -3.260019e-01 -3.577545e-01 -3.889722e-01 -4.196082e-01 -4.496163e-01 -4.789515e-01 -5.075699e-01 -5.354285e-01 -5.624856e-01 -5.887007e-01 -6.140348e-01 -6.384499e-01 -6.619098e-01 -6.843795e-01 -7.058258e-01 -7.262169e-01 -7.455227e-01 -7.637149e-01 -7.807668e-01 -7.966535e-01 -8.113518e-01 -8.248407e-01 -8.371006e-01 -8.481141e-01 -8.578657e-01 -8.663421e-01 -8.735322e-01 -8.794274e-01 -8.840212e-01 -8.873079e-01 -8.892768e-01 -8.898990e-01 
8.719751e-01 8.713131e-01 8.693282e-01 8.660233e-01 8.614035e-01 8.554757e-01 8.482489e-01 8.397341e-01 8.299442e-01 8.188939e-01 8.066001e-01 7.930814e-01 7.783582e-01 7.624528e-01 7.453894e-01 7.271937e-01 7.078933e-01 6.875175e-01 6.660970e-01 6.436644e-01 6.202536e-01 5.959000e-01 5.706406e-01 5.445135e-01 5.175583e-01 4.898159e-01 4.613281e-01 4.321382e-01 4.022903e-01 3.718295e-01 3.408020e-01 3.092548e-01 2.772354e-01 2.447925e-01 2.119750e-01 1.788325e-01 1.454152e-01 1.117737e-01 7.795872e-02 4.402141e-02 1.001305e-02 -2.401498e-02 -5.801129e-02 -9.192454e-02 -1.257035e-01 -1.592973e-01 -1.926552e-01 -2.257268e-01 -2.584624e-01 -2.908125e-01 -3.227286e-01 -3.541624e-01 -3.850668e-01 -4.153953e-01 -4.451022e-01 -4.741431e-01 -5.024743e-01 -5.300533e-01 -5.568389e-01 -5.827909e-01 -6.078708e-01 -6.320409e-01 -6.552654e-01 -6.775097e-01 -6.987409e-01 -7.189274e-01 -7.380396e-01 -7.560494e-01 -7.729302e-01 -7.886576e-01 -8.032086e-01 -8.165622e-01 -8.286992e-01 -8.396023e-01 -8.492562e-01 -8.576476e-01 -8.647657e-01 -8.706018e-01 -8.751496e-01 -8.784033e-01 -8.803526e-01 -8.809686e-01 
8.618093e-01 8.611550e-01 8.591932e-01 8.559269e-01 8.513609e-01 8.455022e-01 8.383597e-01 8.299442e-01 8.202684e-01 8.093470e-01 7.971965e-01 7.838354e-01 7.692839e-01 7.535640e-01 7.366995e-01 7.187159e-01 6.996406e-01 6.795023e-01 6.583316e-01 6.361606e-01 6.130227e-01 5.889531e-01 5.639882e-01 5.381658e-01 5.115249e-01 4.841059e-01 4.559503e-01 4.271007e-01 3.976008e-01 3.674952e-01 3.368295e-01 3.056501e-01 2.740041e-01 2.419394e-01 2.095045e-01 1.767485e-01 1.437209e-01 1.104716e-01 7.705084e-02 4.350921e-02 9.897364e-03 -2.373393e-02 -5.733388e-02 -9.085173e-02 -1.242369e-01 -1.574390e-01 -1.904080e-01 -2.230941e-01 -2.554480e-01 -2.874210e-01 -3.189650e-01 -3.500324e-01 -3.805766e-01 -4.105515e-01 -4.399122e-01 -4.686145e-01 -4.966154e-01 -5.238730e-01 -5.503464e-01 -5.759960e-01 -6.007836e-01 -6.246721e-01 -6.476259e-01 -6.696111e-01 -6.905948e-01 -7.105462e-01 -7.294357e-01 -7.472357e-01 -7.639199e-01 -7.794641e-01 -7.938456e-01 -8.070437e-01 -8.190394e-01 -8.298156e-01 -8.393571e-01 -8.476509e-01 -8.546861e-01 -8.604543e-01 -8.649492e-01 -8.681651e-01 -8.700916e-01 -8.707006e-01 
8.503347e-01 8.496892e-01 8.477535e-01 8.445306e-01 8.400255e-01 8.342448e-01 8.271974e-01 8.188939e-01 8.093470e-01 7.985710e-01 7.865824e-01 7.733992e-01 7.590414e-01 7.435308e-01 7.268909e-01 7.091468e-01 6.903255e-01 6.704554e-01 6.495666e-01 6.276908e-01 6.048610e-01 5.811119e-01 5.564794e-01 5.310009e-01 5.047147e-01 4.776608e-01 4.498802e-01 4.214148e-01 3.923077e-01 3.626030e-01 3.323456e-01 3.015814e-01 2.703568e-01 2.387190e-01 2.067161e-01 1.743962e-01 1.418084e-01 1.090018e-01 7.602611e-02 4.293111e-02 9.766816e-03 -2.341666e-02 -5.656922e-02 -8.964078e-02 -1.225814e-01 -1.553415e-01 -1.878714e-01 -2.201223e-01 -2.520455e-01 -2.835928e-01 -3.147168e-01 -3.453706e-01 -3.755081e-01 -4.050840e-01 -4.340538e-01 -4.623741e-01 -4.900023e-01 -5.168970e-01 -5.430180e-01 -5.683263e-01 -5.927839e-01 -6.163545e-01 -6.390028e-01 -6.606954e-01 -6.813999e-01 -7.010858e-01 -7.197240e-01 -7.372872e-01 -7.537494e-01 -7.690868e-01 -7.832771e-01 -7.962997e-01 -8.081358e-01 -8.187687e-01 -8.281834e-01 -8.363669e-01 -8.433086e-01 -8.490002e-01 -8.534354e-01 -8.566085e-01 -8.585095e-01 -8.591105e-01 
8.375689e-01 8.369330e-01 8.350264e-01 8.318519e-01 8.274144e-01 8.217205e-01 8.147789e-01 8.066001e-01 7.971965e-01 7.865824e-01 7.747737e-01 7.617885e-01 7.476463e-01 7.323686e-01 7.159785e-01 6.985008e-01 6.799621e-01 6.603903e-01 6.398152e-01 6.182678e-01 5.957808e-01 5.723883e-01 5.481257e-01 5.230296e-01 4.971382e-01 4.704905e-01 4.431269e-01 4.150889e-01 3.864189e-01 3.571602e-01 3.273571e-01 2.970548e-01 2.662990e-01 2.351363e-01 2.036138e-01 1.717792e-01 1.396807e-01 1.073667e-01 7.488608e-02 4.228797e-02 9.621613e-03 -2.306365e-02 -5.571846e-02 -8.829350e-02 -1.207396e-01 -1.530078e-01 -1.850494e-01 -2.168161e-01 -2.482600e-01 -2.793338e-01 -3.099905e-01 -3.401842e-01 -3.698692e-01 -3.990011e-01 -4.275361e-01 -4.554312e-01 -4.826448e-01 -5.091358e-01 -5.348648e-01 -5.597932e-01 -5.838838e-01 -6.071006e-01 -6.294091e-01 -6.507762e-01 -6.711701e-01 -6.905606e-01 -7.089192e-01 -7.262188e-01 -7.424342e-01 -7.575415e-01 -7.715189e-01 -7.843462e-01 -7.960049e-01 -8.064784e-01 -8.157519e-01 -8.238128e-01 -8.306504e-01 -8.362567e-01 -8.406254e-01 -8.437510e-01 -8.456235e-01 -8.462156e-01 
8.235311e-01 8.229059e-01 8.210312e-01 8.179099e-01 8.135468e-01 8.079483e-01 8.011231e-01 7.930814e-01 7.838354e-01 7.733992e-01 7.617885e-01 7.490209e-01 7.351157e-01 7.200941e-01 7.039787e-01 6.867940e-01 6.685661e-01 6.493224e-01 6.290921e-01 6.079059e-01 5.857959e-01 5.627955e-01 5.389395e-01 5.142642e-01 4.888067e-01 4.626057e-01 4.357008e-01 4.081328e-01 3.799433e-01 3.511751e-01 3.218716e-01 2.920772e-01 2.618369e-01 2.311966e-01 2.002025e-01 1.689015e-01 1.373410e-01 1.055687e-01 7.363250e-02 4.158080e-02 9.461985e-03 -2.267542e-02 -5.478289e-02 -8.681192e-02 -1.187142e-01 -1.504415e-01 -1.819461e-01 -2.131804e-01 -2.440973e-01 -2.746502e-01 -3.047932e-01 -3.344808e-01 -3.636684e-01 -3.923121e-01 -4.203688e-01 -4.477965e-01 -4.745540e-01 -5.006011e-01 -5.258990e-01 -5.504097e-01 -5.740966e-01 -5.969245e-01 -6.188593e-01 -6.398684e-01 -6.599206e-01 -6.789864e-01 -6.970374e-01 -7.140473e-01 -7.299911e-01 -7.448455e-01 -7.585889e-01 -7.712014e-01 -7.826649e-01 -7.929630e-01 -8.020814e-01 -8.100073e-01 -8.167306e-01 -8.222430e-01 -8.265387e-01 -8.296119e-01 -8.314531e-01 -8.320355e-01 
8.082425e-01 8.076289e-01 8.057891e-01 8.027257e-01 7.984436e-01 7.929491e-01 7.862506e-01 7.783582e-01 7.692839e-01 7.590414e-01 7.476463e-01 7.351157e-01 7.214688e-01 7.067260e-01 6.909099e-01 6.740443e-01 6.561547e-01 6.372683e-01 6.174137e-01 5.966208e-01 5.749213e-01 5.523480e-01 5.289350e-01 5.047177e-01 4.797329e-01 4.540184e-01 4.276131e-01 4.005569e-01 3.728908e-01 3.446567e-01 3.158973e-01 2.866561e-01 2.569773e-01 2.269059e-01 1.964873e-01 1.657675e-01 1.347929e-01 1.036105e-01 7.226728e-02 4.081067e-02 9.288186e-03 -2.225255e-02 -5.376389e-02 -8.519827e-02 -1.165082e-01 -1.476465e-01 -1.785662e-01 -2.092206e-01 -2.395635e-01 -2.695493e-01 -2.991326e-01 -3.282691e-01 -3.569149e-01 -3.850268e-01 -4.125628e-01 -4.394813e-01 -4.657422e-01 -4.913058e-01 -5.161341e-01 -5.401899e-01 -5.634373e-01 -5.858415e-01 -6.073692e-01 -6.279884e-01 -6.476686e-01 -6.663806e-01 -6.840967e-01 -7.007911e-01 -7.164391e-01 -7.310179e-01 -7.445064e-01 -7.568850e-01 -7.681359e-01 -7.782431e-01 -7.871923e-01 -7.949714e-01 -8.015700e-01 -8.069803e-01 -8.111963e-01 -8.142126e-01 -8.160197e-01 -8.165915e-01 
7.917264e-01 7.911253e-01 7.893231e-01 7.863224e-01 7.821277e-01 7.767455e-01 7.701839e-01 7.624528e-01 7.535640e-01 7.435308e-01 7.323686e-01 7.200941e-01 7.067260e-01 6.922846e-01 6.767917e-01 6.602708e-01 6.427468e-01 6.242464e-01 6.047975e-01 5.844296e-01 5.631736e-01 5.410616e-01 5.181271e-01 4.944048e-01 4.699306e-01 4.447416e-01 4.188760e-01 3.923727e-01 3.652721e-01 3.376150e-01 3.094434e-01 2.807998e-01 2.517276e-01 2.222707e-01 1.924738e-01 1.623818e-01 1.320403e-01 1.014951e-01 7.079248e-02 3.997875e-02 9.100492e-03 -2.179565e-02 -5.266301e-02 -8.345498e-02 -1.141251e-01 -1.446270e-01 -1.749148e-01 -2.049428e-01 -2.346656e-01 -2.640386e-01 -2.930174e-01 -3.215585e-01 -3.496190e-01 -3.771565e-01 -4.041298e-01 -4.304983e-01 -4.562226e-01 -4.812640e-01 -5.055850e-01 -5.291493e-01 -5.519217e-01 -5.738682e-01 -5.949562e-01 -6.151543e-01 -6.344324e-01 -6.527622e-01 -6.701166e-01 -6.864700e-01 -7.017984e-01 -7.160796e-01 -7.292926e-01 -7.414185e-01 -7.524398e-01 -7.623407e-01 -7.711073e-01 -7.787276e-01 -7.851916e-01 -7.904915e-01 -7.946215e-01 -7.975762e-01 -7.993465e-01 -7.999068e-01 
7.740077e-01 7.734201e-01 7.716582e-01 7.687247e-01 7.646239e-01 7.593622e-01 7.529474e-01 7.453894e-01 7.366995e-01 7.268909e-01 7.159785e-01 7.039787e-01 6.909099e-01 6.767917e-01 6.616456e-01 6.454944e-01 6.283627e-01 6.102763e-01 5.912628e-01 5.713508e-01 5.505705e-01 5.289535e-01 5.065323e-01 4.833410e-01 4.594146e-01 4.347894e-01 4.095027e-01 3.835927e-01 3.570987e-01 3.300606e-01 3.025195e-01 2.745171e-01 2.460956e-01 2.172981e-01 1.881681e-01 1.587496e-01 1.290873e-01 9.922579e-02 6.921036e-02 3.908633e-02 8.899203e-03 -2.130540e-02 -5.148188e-02 -8.158466e-02 -1.115683e-01 -1.413876e-01 -1.709975e-01 -2.003534e-01 -2.294110e-01 -2.581266e-01 -2.864568e-01 -3.143592e-01 -3.417916e-01 -3.687129e-01 -3.950826e-01 -4.208610e-01 -4.460096e-01 -4.704906e-01 -4.942675e-01 -5.173045e-01 -5.395674e-01 -5.610229e-01 -5.816390e-01 -6.013852e-01 -6.202321e-01 -6.381519e-01 -6.551181e-01 -6.711057e-01 -6.860913e-01 -7.000531e-01 -7.129707e-01 -7.248254e-01 -7.356002e-01 -7.452798e-01 -7.538504e-01 -7.613004e-01 -7.676199e-01 -7.728014e-01 -7.768391e-01 -7.797278e-01 -7.814585e-01 -7.820066e-01 
7.551133e-01 7.545401e-01 7.528212e-01 7.499593e-01 7.459586e-01 7.408253e-01 7.345672e-01 7.271937e-01 7.187159e-01 7.091468e-01 6.985008e-01 6.867940e-01 6.740443e-01 6.602708e-01 6.454944e-01 6.297376e-01 6.130241e-01 5.953793e-01 5.768300e-01 5.574041e-01 5.371312e-01 5.160419e-01 4.941681e-01 4.715430e-01 4.482008e-01 4.241769e-01 3.995075e-01 3.742301e-01 3.483829e-01 3.220050e-01 2.951363e-01 2.678175e-01 2.400899e-01 2.119955e-01 1.835767e-01 1.548765e-01 1.259384e-01 9.680594e-02 6.752333e-02 3.813476e-02 8.684637e-03 -2.078254e-02 -5.022228e-02 -7.959013e-02 -1.088418e-01 -1.379330e-01 -1.668200e-01 -1.954593e-01 -2.238075e-01 -2.518221e-01 -2.794607e-01 -3.066819e-01 -3.334447e-01 -3.597088e-01 -3.854347e-01 -4.105839e-01 -4.351187e-01 -4.590022e-01 -4.821986e-01 -5.046734e-01 -5.263929e-01 -5.473248e-01 -5.674378e-01 -5.867021e-01 -6.050891e-01 -6.225716e-01 -6.391238e-01 -6.547213e-01 -6.693414e-01 -6.829625e-01 -6.955650e-01 -7.071306e-01 -7.176426e-01 -7.270861e-01 -7.354478e-01 -7.427161e-01 -7.488816e-01 -7.539367e-01 -7.578760e-01 -7.606943e-01 -7.623828e-01 -7.629178e-01 
7.350718e-01 7.345138e-01 7.328405e-01 7.300546e-01 7.261601e-01 7.211631e-01 7.150711e-01 7.078933e-01 6.996406e-01 6.903255e-01 6.799621e-01 6.685661e-01 6.561547e-01 6.427468e-01 6.283627e-01 6.130241e-01 5.967543e-01 5.795779e-01 5.615210e-01 5.426108e-01 5.228760e-01 5.023465e-01 4.810534e-01 4.590288e-01 4.363062e-01 4.129200e-01 3.889055e-01 3.642991e-01 3.391380e-01 3.134603e-01 2.873049e-01 2.607113e-01 2.337197e-01 2.063711e-01 1.787067e-01 1.507683e-01 1.225983e-01 9.423925e-02 6.573394e-02 3.712550e-02 8.457134e-03 -2.022784e-02 -4.888611e-02 -7.747440e-02 -1.059496e-01 -1.342686e-01 -1.623888e-01 -1.902679e-01 -2.178636e-01 -2.451346e-01 -2.720397e-01 -2.985383e-01 -3.245907e-01 -3.501577e-01 -3.752009e-01 -3.996826e-01 -4.235662e-01 -4.468158e-01 -4.693967e-01 -4.912750e-01 -5.124182e-01 -5.327946e-01 -5.523739e-01 -5.711270e-01 -5.890262e-01 -6.060448e-01 -6.221579e-01 -6.373416e-01 -6.515738e-01 -6.648337e-01 -6.771019e-01 -6.883608e-01 -6.985940e-01 -7.077871e-01 -7.159271e-01 -7.230027e-01 -7.290047e-01 -7.339259e-01 -7.377607e-01 -7.405043e-01 -7.421481e-01 -7.426692e-01 
7.139136e-01 7.133716e-01 7.117465e-01 7.090408e-01 7.052584e-01 7.004053e-01 6.944886e-01 6.875175e-01 6.795023e-01 6.704554e-01 6.603903e-01 6.493224e-01 6.372683e-01 6.242464e-01 6.102763e-01 5.953793e-01 5.795779e-01 5.628960e-01 5.453589e-01 5.269931e-01 5.078264e-01 4.878879e-01 4.672078e-01 4.458173e-01 4.237489e-01 4.010359e-01 3.777127e-01 3.538147e-01 3.293780e-01 3.044395e-01 2.790371e-01 2.532091e-01 2.269946e-01 2.004333e-01 1.735653e-01 1.464313e-01 1.190723e-01 9.152961e-02 6.384494e-02 3.606009e-02 8.217055e-03 -1.964212e-02 -4.747536e-02 -7.524063e-02 -1.028960e-01 -1.303998e-01 -1.577106e-01 -1.847870e-01 -2.115884e-01 -2.380743e-01 -2.642048e-01 -2.899407e-01 -3.152432e-01 -3.400742e-01 -3.643965e-01 -3.881735e-01 -4.113696e-01 -4.339501e-01 -4.558810e-01 -4.771296e-01 -4.976643e-01 -5.174542e-01 -5.364701e-01 -5.546835e-01 -5.720676e-01 -5.885965e-01 -6.042460e-01 -6.189928e-01 -6.328156e-01 -6.456939e-01 -6.576092e-01 -6.685442e-01 -6.784832e-01 -6.874118e-01 -6.953177e-01 -7.021899e-01 -7.080193e-01 -7.127990e-01 -7.165236e-01 -7.191883e-01 -7.207849e-01 -7.212913e-01 
6.916706e-01 6.911456e-01 6.895711e-01 6.869497e-01 6.832852e-01 6.785832e-01 6.728510e-01 6.660970e-01 6.583316e-01 6.495666e-01 6.398152e-01 6.290921e-01 6.174137e-01 6.047975e-01 5.912628e-01 5.768300e-01 5.615210e-01 5.453589e-01 5.283682e-01 5.105747e-01 4.920053e-01 4.726882e-01 4.526524e-01 4.319285e-01 4.105478e-01 3.885426e-01 3.659462e-01 3.427929e-01 3.191176e-01 2.949563e-01 2.703455e-01 2.453223e-01 2.199247e-01 1.941911e-01 1.681604e-01 1.418719e-01 1.153655e-01 8.868113e-02 6.185918e-02 3.494017e-02 7.964780e-03 -1.902625e-02 -4.599214e-02 -7.289220e-02 -9.968582e-02 -1.263326e-01 -1.527922e-01 -1.790250e-01 -2.049912e-01 -2.306517e-01 -2.559681e-01 -2.809020e-01 -3.054161e-01 -3.294734e-01 -3.530378e-01 -3.760740e-01 -3.985474e-01 -4.204243e-01 -4.416719e-01 -4.622586e-01 -4.821534e-01 -5.013269e-01 -5.197503e-01 -5.373964e-01 -5.542390e-01 -5.702530e-01 -5.854150e-01 -5.997026e-01 -6.130948e-01 -6.255721e-01 -6.371164e-01 -6.477109e-01 -6.573403e-01 -6.659910e-01 -6.736508e-01 -6.803091e-01 -6.859571e-01 -6.905880e-01 -6.941966e-01 -6.967783e-01 -6.983253e-01 -6.988163e-01 
6.683767e-01 6.678693e-01 6.663478e-01 6.638147e-01 6.602736e-01 6.557301e-01 6.501909e-01 6.436644e-01 6.361606e-01 6.276908e-01 6.182678e-01 6.079059e-01 5.966208e-01 5.844296e-01 5.713508e-01 5.574041e-01 5.426108e-01 5.269931e-01 5.105747e-01 4.933806e-01 4.754367e-01 4.567702e-01 4.374093e-01 4.173835e-01 3.967229e-01 3.754589e-01 3.536237e-01 3.312503e-01 3.083725e-01 2.850250e-01 2.612432e-01 2.370629e-01 2.125208e-01 1.876541e-01 1.625002e-01 1.370972e-01 1.114837e-01 8.569815e-02 5.977969e-02 3.376744e-02 7.700707e-03 -1.838114e-02 -4.443870e-02 -7.043264e-02 -9.632373e-02 -1.220729e-01 -1.476413e-01 -1.729904e-01 -1.980820e-01 -2.228782e-01 -2.473418e-01 -2.714359e-01 -2.951243e-01 -3.183713e-01 -3.411420e-01 -3.634023e-01 -3.851188e-01 -4.062589e-01 -4.267909e-01 -4.466842e-01 -4.659091e-01 -4.844368e-01 -5.022399e-01 -5.192917e-01 -5.355671e-01 -5.510420e-01 -5.656935e-01 -5.795000e-01 -5.924413e-01 -6.044986e-01 -6.156542e-01 -6.258921e-01 -6.351974e-01 -6.435570e-01 -6.509590e-01 -6.573932e-01 -6.628512e-01 -6.673263e-01 -6.708135e-01 -6.733083e-01 -6.748032e-01 -6.752781e-01 
6.440669e-01 6.435780e-01 6.421119e-01 6.396709e-01 6.362586e-01 6.318804e-01 6.265426e-01 6.202536e-01 6.130227e-01 6.048610e-01 5.957808e-01 5.857959e-01 5.749213e-01 5.631736e-01 5.505705e-01 5.371312e-01 5.228760e-01 5.078264e-01 4.920053e-01 4.754367e-01 4.581455e-01 4.401580e-01 4.215015e-01 4.022042e-01 3.822952e-01 3.618048e-01 3.407639e-01 3.192044e-01 2.971589e-01 2.746607e-01 2.517440e-01 2.284434e-01 2.047942e-01 1.808320e-01 1.565932e-01 1.321144e-01 1.074326e-01 8.258519e-02 5.760963e-02 3.254369e-02 7.425253e-03 -1.770775e-02 -4.281735e-02 -6.786565e-02 -9.281484e-02 -1.176273e-01 -1.422655e-01 -1.666925e-01 -1.908712e-01 -2.147654e-01 -2.383391e-01 -2.615567e-01 -2.843833e-01 -3.067847e-01 -3.287271e-01 -3.501776e-01 -3.711042e-01 -3.914753e-01 -4.112605e-01 -4.304302e-01 -4.489558e-01 -4.668096e-01 -4.839652e-01 -5.003968e-01 -5.160803e-01 -5.309924e-01 -5.451111e-01 -5.584155e-01 -5.708863e-01 -5.825051e-01 -5.932551e-01 -6.031208e-01 -6.120879e-01 -6.201435e-01 -6.272765e-01 -6.334768e-01 -6.387365e-01 -6.430489e-01 -6.464094e-01 -6.488135e-01 -6.502541e-01 -6.507122e-01 
6.187782e-01 6.183084e-01 6.168999e-01 6.145548e-01 6.112766e-01 6.070702e-01 6.019421e-01 5.959000e-01 5.889531e-01 5.811119e-01 5.723883e-01 5.627955e-01 5.523480e-01 5.410616e-01 5.289535e-01 5.160419e-01 5.023465e-01 4.878879e-01 4.726882e-01 4.567702e-01 4.401580e-01 4.228770e-01 4.049531e-01 3.864136e-01 3.672865e-01 3.476008e-01 3.273862e-01 3.066734e-01 2.854937e-01 2.638791e-01 2.418624e-01 2.194769e-01 1.967564e-01 1.737353e-01 1.504485e-01 1.269310e-01 1.032186e-01 7.934699e-02 5.535230e-02 3.127080e-02 7.138853e-03 -1.700708e-02 -4.113053e-02 -6.519509e-02 -8.916444e-02 -1.130024e-01 -1.366730e-01 -1.601406e-01 -1.833698e-01 -2.063256e-01 -2.289734e-01 -2.512792e-01 -2.732094e-01 -2.947310e-01 -3.158117e-01 -3.364199e-01 -3.565246e-01 -3.760957e-01 -3.951040e-01 -4.135209e-01 -4.313191e-01 -4.484719e-01 -4.649538e-01 -4.807403e-01 -4.958079e-01 -5.101345e-01 -5.236989e-01 -5.364810e-01 -5.484622e-01 -5.596249e-01 -5.699529e-01 -5.794313e-01 -5.880465e-01 -5.957860e-01 -6.026390e-01 -6.085961e-01 -6.136493e-01 -6.177926e-01 -6.210211e-01 -6.233309e-01 -6.247150e-01 -6.251557e-01 
5.925488e-01 5.920990e-01 5.907502e-01 5.885045e-01 5.853652e-01 5.813372e-01 5.764265e-01 5.706406e-01 5.639882e-01 5.564794e-01 5.481257e-01 5.389395e-01 5.289350e-01 5.181271e-01 5.065323e-01 4.941681e-01 4.810534e-01 4.672078e-01 4.526524e-01 4.374093e-01 4.215015e-01 4.049531e-01 3.877892e-01 3.700357e-01 3.517196e-01 3.328685e-01 3.135110e-01 2.936763e-01 2.733946e-01 2.526965e-01 2.316133e-01 2.101769e-01 1.884197e-01 1.663747e-01 1.440752e-01 1.215549e-01 9.884788e-02 7.598844e-02 5.301114e-02 2.995070e-02 6.841957e-03 -1.628017e-02 -3.938078e-02 -6.242499e-02 -8.537802e-02 -1.082052e-01 -1.308722e-01 -1.533448e-01 -1.755890e-01 -1.975715e-01 -2.192591e-01 -2.406191e-01 -2.616194e-01 -2.822285e-01 -3.024154e-01 -3.221499e-01 -3.414022e-01 -3.601435e-01 -3.783459e-01 -3.959820e-01 -4.130256e-01 -4.294512e-01 -4.452344e-01 -4.603516e-01 -4.747806e-01 -4.884998e-01 -5.014892e-01 -5.137295e-01 -5.252029e-01 -5.358925e-01 -5.457828e-01 -5.548595e-01 -5.631095e-01 -5.705211e-01 -5.770837e-01 -5.827884e-01 -5.876276e-01 -5.915953e-01 -5.946870e-01 -5.968989e-01 -5.982244e-01 -5.986470e-01 
5.654185e-01 5.649893e-01 5.637022e-01 5.615593e-01 5.585638e-01 5.547203e-01 5.500345e-01 5.445135e-01 5.381658e-01 5.310009e-01 5.230296e-01 5.142642e-01 5.047177e-01 4.944048e-01 4.833410e-01 4.715430e-01 4.590288e-01 4.458173e-01 4.319285e-01 4.173835e-01 4.022042e-01 3.864136e-01 3.700357e-01 3.530953e-01 3.356179e-01 3.176301e-01 2.991591e-01 2.802329e-01 2.608800e-01 2.411298e-01 2.210121e-01 2.005575e-01 1.797968e-01 1.587614e-01 1.374831e-01 1.159942e-01 9.432716e-02 7.251466e-02 5.058970e-02 2.858541e-02 6.535033e-03 -1.552812e-02 -3.757072e-02 -5.955951e-02 -8.146129e-02 -1.032430e-01 -1.248719e-01 -1.463152e-01 -1.675406e-01 -1.885163e-01 -2.092106e-01 -2.295923e-01 -2.496309e-01 -2.692961e-01 -2.885585e-01 -3.073891e-01 -3.257597e-01 -3.436427e-01 -3.610115e-01 -3.778399e-01 -3.941030e-01 -4.097764e-01 -4.248367e-01 -4.392617e-01 -4.530299e-01 -4.661210e-01 -4.785156e-01 -4.901954e-01 -5.011435e-01 -5.113436e-01 -5.207811e-01 -5.294423e-01 -5.373146e-01 -5.443869e-01 -5.506492e-01 -5.560928e-01 -5.607105e-01 -5.644966e-01 -5.674468e-01 -5.695574e-01 -5.708223e-01 -5.712261e-01 
5.374283e-01 5.370203e-01 5.357970e-01 5.337602e-01 5.309130e-01 5.272597e-01 5.228059e-01 5.175583e-01 5.115249e-01 5.047147e-01 4.971382e-01 4.888067e-01 4.797329e-01 4.699306e-01 4.594146e-01 4.482008e-01 4.363062e-01 4.237489e-01 4.105478e-01 3.967229e-01 3.822952e-01 3.672865e-01 3.517196e-01 3.356179e-01 3.190060e-01 3.019089e-01 2.843525e-01 2.663634e-01 2.479688e-01 2.291965e-01 2.100751e-01 1.906333e-01 1.709006e-01 1.509068e-01 1.306822e-01 1.102574e-01 8.966328e-02 6.893091e-02 4.809165e-02 2.717701e-02 6.218561e-03 -1.475202e-02 -3.570308e-02 -5.660297e-02 -7.742017e-02 -9.812326e-02 -1.186810e-01 -1.390624e-01 -1.592368e-01 -1.791737e-01 -1.988432e-01 -2.182156e-01 -2.372619e-01 -2.559533e-01 -2.742618e-01 -2.921599e-01 -3.096207e-01 -3.266182e-01 -3.431269e-01 -3.591220e-01 -3.745798e-01 -3.894770e-01 -4.037917e-01 -4.175024e-01 -4.305889e-01 -4.430318e-01 -4.548127e-01 -4.659142e-01 -4.763202e-01 -4.860154e-01 -4.949857e-01 -5.032181e-01 -5.107008e-01 -5.174230e-01 -5.233753e-01 -5.285495e-01 -5.329386e-01 -5.365374e-01 -5.393416e-01 -5.413476e-01 -5.425499e-01 -5.429345e-01 
5.086205e-01 5.082344e-01 5.070767e-01 5.051491e-01 5.024546e-01 4.989972e-01 4.947821e-01 4.898159e-01 4.841059e-01 4.776608e-01 4.704905e-01 4.626057e-01 4.540184e-01 4.447416e-01 4.347894e-01 4.241769e-01 4.129200e-01 4.010359e-01 3.885426e-01 3.754589e-01 3.618048e-01 3.476008e-01 3.328685e-01 3.176301e-01 3.019089e-01 2.857285e-01 2.691134e-01 2.520888e-01 2.346805e-01 2.169148e-01 1.988186e-01 1.804192e-01 1.617446e-01 1.428229e-01 1.236828e-01 1.043532e-01 8.486330e-02 6.524263e-02 4.552081e-02 2.572764e-02 5.893039e-03 -1.395305e-02 -3.378065e-02 -5.355983e-02 -7.326073e-02 -9.285365e-02 -1.123090e-01 -1.315975e-01 -1.506900e-01 -1.695579e-01 -1.881726e-01 -2.065062e-01 -2.245311e-01 -2.422201e-01 -2.595468e-01 -2.764852e-01 -2.930097e-01 -3.090958e-01 -3.247192e-01 -3.398566e-01 -3.544855e-01 -3.685839e-01 -3.821310e-01 -3.951065e-01 -4.074913e-01 -4.192670e-01 -4.304163e-01 -4.409226e-01 -4.507707e-01 -4.599461e-01 -4.684355e-01 -4.762265e-01 -4.833081e-01 -4.896699e-01 -4.953032e-01 -5.002000e-01 -5.043540e-01 -5.077598e-01 -5.104137e-01 -5.123121e-01 -5.134500e-01 -5.138147e-01 
4.790389e-01 4.786752e-01 4.775849e-01 4.757694e-01 4.732316e-01 4.699753e-01 4.660055e-01 4.613281e-01 4.559503e-01 4.498802e-01 4.431269e-01 4.357008e-01 4.276131e-01 4.188760e-01 4.095027e-01 3.995075e-01 3.889055e-01 3.777127e-01 3.659462e-01 3.536237e-01 3.407639e-01 3.273862e-01 3.135110e-01 2.991591e-01 2.843525e-01 2.691134e-01 2.534649e-01 2.374308e-01 2.210353e-01 2.043032e-01 1.872598e-01 1.699309e-01 1.523428e-01 1.345219e-01 1.164954e-01 9.829043e-02 7.993451e-02 6.145541e-02 4.288106e-02 2.423953e-02 5.558975e-03 -1.313238e-02 -3.180632e-02 -5.043465e-02 -6.898926e-02 -8.744215e-02 -1.057655e-01 -1.239316e-01 -1.419133e-01 -1.596832e-01 -1.772148e-01 -1.944816e-01 -2.114577e-01 -2.281175e-01 -2.444360e-01 -2.603887e-01 -2.759518e-01 -2.911018e-01 -3.058161e-01 -3.200727e-01 -3.338504e-01 -3.471285e-01 -3.598873e-01 -3.721079e-01 -3.837721e-01 -3.948627e-01 -4.053632e-01 -4.152583e-01 -4.245334e-01 -4.331750e-01 -4.411705e-01 -4.485083e-01 -4.551778e-01 -4.611697e-01 -4.664752e-01 -4.710873e-01 -4.749996e-01 -4.782074e-01 -4.807068e-01 -4.824947e-01 -4.835665e-01 -4.839108e-01 
4.487281e-01 4.483875e-01 4.473661e-01 4.456655e-01 4.432883e-01 4.402381e-01 4.365196e-01 4.321382e-01 4.271007e-01 4.214148e-01 4.150889e-01 4.081328e-01 4.005569e-01 3.923727e-01 3.835927e-01 3.742301e-01 3.642991e-01 3.538147e-01 3.427929e-01 3.312503e-01 3.192044e-01 3.066734e-01 2.936763e-01 2.802329e-01 2.663634e-01 2.520888e-01 2.374308e-01 2.224116e-01 2.070538e-01 1.913808e-01 1.754162e-01 1.591841e-01 1.427093e-01 1.260165e-01 1.091310e-01 9.207836e-02 7.488437e-02 5.757501e-02 4.017643e-02 2.271493e-02 5.216892e-03 -1.229126e-02 -2.978308e-02 -4.723217e-02 -6.461219e-02 -8.189692e-02 -9.906029e-02 -1.160764e-01 -1.329197e-01 -1.495647e-01 -1.659864e-01 -1.821601e-01 -1.980615e-01 -2.136666e-01 -2.289520e-01 -2.438948e-01 -2.584726e-01 -2.726635e-01 -2.864462e-01 -2.998003e-01 -3.127057e-01 -3.251432e-01 -3.370943e-01 -3.485413e-01 -3.594670e-01 -3.698555e-01 -3.796913e-01 -3.889600e-01 -3.976479e-01 -4.057425e-01 -4.132318e-01 -4.201052e-01 -4.263526e-01 -4.319652e-01 -4.369350e-01 -4.412551e-01 -4.449199e-01 -4.479246e-01 -4.502658e-01 -4.519404e-01 -4.529444e-01 -4.532679e-01 
4.177341e-01 4.174170e-01 4.164661e-01 4.148831e-01 4.126701e-01 4.098306e-01 4.063689e-01 4.022903e-01 3.976008e-01 3.923077e-01 3.864189e-01 3.799433e-01 3.728908e-01 3.652721e-01 3.570987e-01 3.483829e-01 3.391380e-01 3.293780e-01 3.191176e-01 3.083725e-01 2.971589e-01 2.854937e-01 2.733946e-01 2.608800e-01 2.479688e-01 2.346805e-01 2.210353e-01 2.070538e-01 1.927572e-01 1.781671e-01 1.633056e-01 1.481952e-01 1.328587e-01 1.173194e-01 1.016007e-01 8.572640e-02 6.972054e-02 5.360729e-02 3.741101e-02 2.115617e-02 4.867324e-03 -1.143092e-02 -2.771395e-02 -4.395719e-02 -6.013612e-02 -7.622633e-02 -9.220357e-02 -1.080437e-01 -1.237230e-01 -1.392176e-01 -1.545044e-01 -1.695603e-01 -1.843627e-01 -1.988893e-01 -2.131182e-01 -2.270283e-01 -2.405985e-01 -2.538086e-01 -2.666388e-01 -2.790699e-01 -2.910834e-01 -3.026613e-01 -3.137864e-01 -3.244422e-01 -3.346128e-01 -3.442833e-01 -3.534393e-01 -3.620674e-01 -3.701549e-01 -3.776900e-01 -3.846618e-01 -3.910602e-01 -3.968758e-01 -4.021006e-01 -4.067270e-01 -4.107486e-01 -4.141601e-01 -4.169572e-01 -4.191365e-01 -4.206954e-01 -4.216300e-01 -4.219322e-01 
3.861037e-01 3.858106e-01 3.849318e-01 3.834686e-01 3.814232e-01 3.787988e-01 3.755993e-01 3.718295e-01 3.674952e-01 3.626030e-01 3.571602e-01 3.511751e-01 3.446567e-01 3.376150e-01 3.300606e-01 3.220050e-01 3.134603e-01 3.044395e-01 2.949563e-01 2.850250e-01 2.746607e-01 2.638791e-01 2.526965e-01 2.411298e-01 2.291965e-01 2.169148e-01 2.043032e-01 1.913808e-01 1.781671e-01 1.646822e-01 1.509465e-01 1.369807e-01 1.228060e-01 1.084438e-01 9.391587e-02 7.924416e-02 6.445084e-02 4.955829e-02 3.458900e-02 1.956561e-02 4.510816e-03 -1.055265e-02 -2.560205e-02 -4.061465e-02 -5.556780e-02 -7.043894e-02 -8.520565e-02 -9.984565e-02 -1.143369e-01 -1.286576e-01 -1.427861e-01 -1.567012e-01 -1.703820e-01 -1.838078e-01 -1.969587e-01 -2.098147e-01 -2.223567e-01 -2.345658e-01 -2.464238e-01 -2.579129e-01 -2.690160e-01 -2.797166e-01 -2.899987e-01 -2.998470e-01 -3.092470e-01 -3.181847e-01 -3.266469e-01 -3.346212e-01 -3.420959e-01 -3.490600e-01 -3.555035e-01 -3.614171e-01 -3.667921e-01 -3.716209e-01 -3.758968e-01 -3.796138e-01 -3.827668e-01 -3.853520e-01 -3.873661e-01 -3.888067e-01 -3.896706e-01 -3.899510e-01 
3.538848e-01 3.536161e-01 3.528107e-01 3.514696e-01 3.495950e-01 3.471896e-01 3.442572e-01 3.408020e-01 3.368295e-01 3.323456e-01 3.273571e-01 3.218716e-01 3.158973e-01 3.094434e-01 3.025195e-01 2.951363e-01 2.873049e-01 2.790371e-01 2.703455e-01 2.612432e-01 2.517440e-01 2.418624e-01 2.316133e-01 2.210121e-01 2.100751e-01 1.988186e-01 1.872598e-01 1.754162e-01 1.633056e-01 1.509465e-01 1.383575e-01 1.255576e-01 1.125663e-01 9.940322e-02 8.608821e-02 7.264145e-02 5.908325e-02 4.543412e-02 3.171469e-02 1.794569e-02 4.147921e-03 -9.657777e-03 -2.345056e-02 -3.720959e-02 -5.091413e-02 -6.454348e-02 -7.807710e-02 -9.149458e-02 -1.047757e-01 -1.179005e-01 -1.308491e-01 -1.436022e-01 -1.561404e-01 -1.684451e-01 -1.804976e-01 -1.922800e-01 -2.037745e-01 -2.149640e-01 -2.258316e-01 -2.363612e-01 -2.465370e-01 -2.563439e-01 -2.657672e-01 -2.747930e-01 -2.834078e-01 -2.915990e-01 -2.993545e-01 -3.066627e-01 -3.135131e-01 -3.198957e-01 -3.258010e-01 -3.312206e-01 -3.361467e-01 -3.405723e-01 -3.444911e-01 -3.478977e-01 -3.507874e-01 -3.531567e-01 -3.550025e-01 -3.563226e-01 -3.571144e-01 -3.573727e-01 
3.211261e-01 3.208824e-01 3.201515e-01 3.189346e-01 3.172336e-01 3.150509e-01 3.123900e-01 3.092548e-01 3.056501e-01 3.015814e-01 2.970548e-01 2.920772e-01 2.866561e-01 2.807998e-01 2.745171e-01 2.678175e-01 2.607113e-01 2.532091e-01 2.453223e-01 2.370629e-01 2.284434e-01 2.194769e-01 2.101769e-01 2.005575e-01 1.906333e-01 1.804192e-01 1.699309e-01 1.591841e-01 1.481952e-01 1.369807e-01 1.255576e-01 1.139433e-01 1.021552e-01 9.021129e-02 7.812955e-02 6.592827e-02 5.362591e-02 4.124106e-02 2.879244e-02 1.629886e-02 3.779204e-03 -8.747624e-03 -2.126271e-02 -3.374715e-02 -4.618212e-02 -5.854884e-02 -7.082868e-02 -8.300312e-02 -9.505382e-02 -1.069626e-01 -1.187116e-01 -1.302831e-01 -1.416597e-01 -1.528242e-01 -1.637601e-01 -1.744507e-01 -1.848802e-01 -1.950328e-01 -2.048935e-01 -2.144474e-01 -2.236802e-01 -2.325784e-01 -2.411285e-01 -2.493179e-01 -2.571344e-01 -2.645666e-01 -2.716033e-01 -2.782344e-01 -2.844499e-01 -2.902410e-01 -2.955991e-01 -3.005165e-01 -3.049861e-01 -3.090016e-01 -3.125573e-01 -3.156482e-01 -3.182702e-01 -3.204198e-01 -3.220945e-01 -3.232921e-01 -3.240106e-01 -3.242464e-01 
2.878773e-01 2.876588e-01 2.870036e-01 2.859128e-01 2.843879e-01 2.824313e-01 2.800459e-01 2.772354e-01 2.740041e-01 2.703568e-01 2.662990e-01 2.618369e-01 2.569773e-01 2.517276e-01 2.460956e-01 2.400899e-01 2.337197e-01 2.269946e-01 2.199247e-01 2.125208e-01 2.047942e-01 1.967564e-01 1.884197e-01 1.797968e-01 1.709006e-01 1.617446e-01 1.523428e-01 1.427093e-01 1.328587e-01 1.228060e-01 1.125663e-01 1.021552e-01 9.158843e-02 8.088193e-02 7.005192e-02 5.911479e-02 4.808707e-02 3.698544e-02 2.582667e-02 1.462763e-02 3.405235e-03 -7.823558e-03 -1.904179e-02 -3.023254e-02 -4.137891e-02 -5.246408e-02 -6.347134e-02 -7.438410e-02 -8.518590e-02 -9.586050e-02 -1.063918e-01 -1.167640e-01 -1.269614e-01 -1.369688e-01 -1.467712e-01 -1.563537e-01 -1.657022e-01 -1.748024e-01 -1.836409e-01 -1.922045e-01 -2.004803e-01 -2.084560e-01 -2.161198e-01 -2.234602e-01 -2.304664e-01 -2.371281e-01 -2.434353e-01 -2.493789e-01 -2.549501e-01 -2.601408e-01 -2.649434e-01 -2.693510e-01 -2.733572e-01 -2.769564e-01 -2.801435e-01 -2.829140e-01 -2.852642e-01 -2.871910e-01 -2.886919e-01 -2.897651e-01 -2.904091e-01 -2.906221e-01 
2.541886e-01 2.539956e-01 2.534172e-01 2.524540e-01 2.511076e-01 2.493801e-01 2.472740e-01 2.447925e-01 2.419394e-01 2.387190e-01 2.351363e-01 2.311966e-01 2.269059e-01 2.222707e-01 2.172981e-01 2.119955e-01 2.063711e-01 2.004333e-01 1.941911e-01 1.876541e-01 1.808320e-01 1.737353e-01 1.663747e-01 1.587614e-01 1.509068e-01 1.428229e-01 1.345219e-01 1.260165e-01 1.173194e-01 1.084438e-01 9.940322e-02 9.021129e-02 8.088193e-02 7.142925e-02 6.186756e-02 5.221132e-02 4.247513e-02 3.267371e-02 2.282188e-02 1.293453e-02 3.026594e-03 -6.886960e-03 -1.679116e-02 -2.667106e-02 -3.651174e-02 -4.629837e-02 -5.601617e-02 -6.565051e-02 -7.518687e-02 -8.461088e-02 -9.390836e-02 -1.030653e-01 -1.120680e-01 -1.209029e-01 -1.295567e-01 -1.380164e-01 -1.462694e-01 -1.543033e-01 -1.621061e-01 -1.696662e-01 -1.769721e-01 -1.840132e-01 -1.907788e-01 -1.972590e-01 -2.034441e-01 -2.093250e-01 -2.148931e-01 -2.201400e-01 -2.250582e-01 -2.296405e-01 -2.338802e-01 -2.377712e-01 -2.413079e-01 -2.444852e-01 -2.472988e-01 -2.497446e-01 -2.518193e-01 -2.535202e-01 -2.548450e-01 -2.557922e-01 -2.563608e-01 -2.565507e-01 
2.201109e-01 2.199439e-01 2.194430e-01 2.186090e-01 2.174432e-01 2.159473e-01 2.141236e-01 2.119750e-01 2.095045e-01 2.067161e-01 2.036138e-01 2.002025e-01 1.964873e-01 1.924738e-01 1.881681e-01 1.835767e-01 1.787067e-01 1.735653e-01 1.681604e-01 1.625002e-01 1.565932e-01 1.504485e-01 1.440752e-01 1.374831e-01 1.306822e-01 1.236828e-01 1.164954e-01 1.091310e-01 1.016007e-01 9.391587e-02 8.608821e-02 7.812955e-02 7.005192e-02 6.186756e-02 5.358885e-02 4.522831e-02 3.679858e-02 2.831241e-02 1.978264e-02 1.122214e-02 2.643866e-03 -5.939234e-03 -1.451420e-02 -2.306808e-02 -3.158797e-02 -4.006101e-02 -4.847444e-02 -5.681556e-02 -6.507181e-02 -7.323075e-02 -8.128011e-02 -8.920778e-02 -9.700184e-02 -1.046506e-01 -1.121425e-01 -1.194664e-01 -1.266113e-01 -1.335665e-01 -1.403216e-01 -1.468664e-01 -1.531913e-01 -1.592868e-01 -1.651439e-01 -1.707538e-01 -1.761083e-01 -1.811994e-01 -1.860196e-01 -1.905618e-01 -1.948195e-01 -1.987863e-01 -2.024565e-01 -2.058249e-01 -2.088865e-01 -2.116371e-01 -2.140727e-01 -2.161900e-01 -2.179861e-01 -2.194584e-01 -2.206051e-01 -2.214248e-01 -2.219170e-01 -2.220836e-01 
1.856959e-01 1.855549e-01 1.851324e-01 1.844289e-01 1.834454e-01 1.821835e-01 1.806451e-01 1.788325e-01 1.767485e-01 1.743962e-01 1.717792e-01 1.689015e-01 1.657675e-01 1.623818e-01 1.587496e-01 1.548765e-01 1.507683e-01 1.464313e-01 1.418719e-01 1.370972e-01 1.321144e-01 1.269310e-01 1.215549e-01 1.159942e-01 1.102574e-01 1.043532e-01 9.829043e-02 9.207836e-02 8.572640e-02 7.924416e-02 7.264145e-02 6.592827e-02 5.911479e-02 5.221132e-02 4.522831e-02 3.817631e-02 3.106600e-02 2.390813e-02 1.671353e-02 9.493060e-03 2.257641e-03 -4.981800e-03 -1.221433e-02 -1.942903e-02 -2.661501e-02 -3.376143e-02 -4.085752e-02 -4.789257e-02 -5.485599e-02 -6.173730e-02 -6.852613e-02 -7.521229e-02 -8.178570e-02 -8.823652e-02 -9.455504e-02 -1.007318e-01 -1.067575e-01 -1.126233e-01 -1.183202e-01 -1.238397e-01 -1.291738e-01 -1.343143e-01 -1.392538e-01 -1.439848e-01 -1.485003e-01 -1.527936e-01 -1.568586e-01 -1.606891e-01 -1.642795e-01 -1.676247e-01 -1.707197e-01 -1.735602e-01 -1.761420e-01 -1.784616e-01 -1.805155e-01 -1.823010e-01 -1.838156e-01 -1.850571e-01 -1.860239e-01 -1.867147e-01 -1.871299e-01 -1.872729e-01 
