9.048657e-01 9.041681e-01 9.020763e-01 8.985935e-01 8.937251e-01 8.874786e-01 8.798637e-01 8.708920e-01 8.605774e-01 8.489358e-01 8.359852e-01 8.217455e-01 8.062386e-01 7.894885e-01 7.715210e-01 7.523638e-01 7.320464e-01 7.106002e-01 6.880581e-01 6.644550e-01 6.398272e-01 6.142127e-01 5.876510e-01 5.601830e-01 5.318511e-01 5.026990e-01 4.727715e-01 4.421149e-01 4.107764e-01 3.788043e-01 3.462479e-01 3.131574e-01 2.795838e-01 2.455789e-01 2.111951e-01 1.764855e-01 1.415034e-01 1.063029e-01 7.093831e-02 3.546406e-02 -6.513209e-05 -3.559447e-02 -7.106917e-02 -1.064345e-01 -1.416360e-01 -1.766194e-01 -2.113306e-01 -2.457163e-01 -2.797233e-01 -3.132992e-01 -3.463923e-01 -3.789514e-01 -4.109265e-01 -4.422682e-01 -4.729281e-01 -5.028590e-01 -5.320147e-01 -5.603502e-01 -5.878219e-01 -6.143874e-01 -6.400057e-01 -6.646373e-01 -6.882442e-01 -7.107900e-01 -7.322399e-01 -7.525609e-01 -7.717216e-01 -7.896924e-01 -8.064456e-01 -8.219555e-01 -8.361980e-01 -8.491512e-01 -8.607952e-01 -8.711119e-01 -8.800854e-01 -8.877020e-01 -8.939498e-01 -8.988192e-01 -9.023028e-01 -9.043950e-01 -9.050928e-01 
9.041681e-01 9.034710e-01 9.013808e-01 8.979007e-01 8.930361e-01 8.867944e-01 8.791853e-01 8.702205e-01 8.599139e-01 8.482813e-01 8.353407e-01 8.211119e-01 8.056170e-01 7.888799e-01 7.709262e-01 7.517838e-01 7.314820e-01 7.100523e-01 6.875276e-01 6.639427e-01 6.393339e-01 6.137391e-01 5.871979e-01 5.597511e-01 5.314410e-01 5.023114e-01 4.724070e-01 4.417740e-01 4.104597e-01 3.785122e-01 3.459809e-01 3.129160e-01 2.793683e-01 2.453896e-01 2.110323e-01 1.763494e-01 1.413943e-01 1.062210e-01 7.088360e-02 3.543669e-02 -6.510656e-05 -3.556705e-02 -7.101440e-02 -1.063525e-01 -1.415269e-01 -1.764832e-01 -2.111677e-01 -2.455269e-01 -2.795077e-01 -3.130577e-01 -3.461252e-01 -3.786593e-01 -4.106097e-01 -4.419272e-01 -4.725635e-01 -5.024713e-01 -5.316045e-01 -5.599182e-01 -5.873687e-01 -6.139137e-01 -6.395123e-01 -6.641249e-01 -6.877136e-01 -7.102420e-01 -7.316754e-01 -7.519807e-01 -7.711266e-01 -7.890836e-01 -8.058239e-01 -8.213218e-01 -8.355533e-01 -8.484966e-01 -8.601315e-01 -8.704403e-01 -8.794069e-01 -8.870176e-01 -8.932606e-01 -8.981263e-01 -9.016071e-01 -9.036978e-01 -9.043950e-01 
9.020763e-01 9.013808e-01 8.992954e-01 8.958234e-01 8.909700e-01 8.847427e-01 8.771513e-01 8.682072e-01 8.579245e-01 8.463188e-01 8.334081e-01 8.192123e-01 8.037532e-01 7.870547e-01 7.691426e-01 7.500445e-01 7.297897e-01 7.084095e-01 6.859370e-01 6.624066e-01 6.378547e-01 6.123192e-01 5.858394e-01 5.584561e-01 5.302115e-01 5.011492e-01 4.713140e-01 4.407519e-01 4.095100e-01 3.776365e-01 3.451804e-01 3.121920e-01 2.787219e-01 2.448218e-01 2.105440e-01 1.759413e-01 1.410671e-01 1.059751e-01 7.071953e-02 3.535463e-02 -6.503013e-05 -3.548484e-02 -7.085018e-02 -1.061065e-01 -1.411995e-01 -1.760750e-01 -2.106793e-01 -2.449589e-01 -2.788611e-01 -3.123335e-01 -3.453245e-01 -3.777833e-01 -4.096598e-01 -4.409049e-01 -4.714703e-01 -5.013089e-01 -5.303747e-01 -5.586229e-01 -5.860099e-01 -6.124935e-01 -6.380328e-01 -6.625885e-01 -6.861226e-01 -7.085989e-01 -7.299827e-01 -7.502410e-01 -7.693427e-01 -7.872581e-01 -8.039597e-01 -8.194217e-01 -8.336203e-01 -8.465336e-01 -8.581417e-01 -8.684266e-01 -8.773725e-01 -8.849655e-01 -8.911941e-01 -8.960485e-01 -8.995213e-01 -9.016071e-01 -9.023028e-01 
8.985935e-01 8.979007e-01 8.958234e-01 8.923647e-01 8.875301e-01 8.813269e-01 8.737647e-01 8.648552e-01 8.546121e-01 8.430512e-01 8.301904e-01 8.160494e-01 8.006500e-01 7.840160e-01 7.661731e-01 7.471486e-01 7.269720e-01 7.056744e-01 6.832886e-01 6.598491e-01 6.353920e-01 6.099551e-01 5.835775e-01 5.562999e-01 5.281644e-01 4.992143e-01 4.694943e-01 4.390502e-01 4.079289e-01 3.761784e-01 3.438477e-01 3.109865e-01 2.776457e-01 2.438765e-01 2.097310e-01 1.752619e-01 1.405224e-01 1.055659e-01 7.044638e-02 3.521801e-02 -6.490327e-05 -3.534797e-02 -7.057677e-02 -1.056970e-01 -1.406545e-01 -1.753954e-01 -2.098660e-01 -2.440133e-01 -2.777846e-01 -3.111278e-01 -3.439914e-01 -3.763249e-01 -4.080783e-01 -4.392028e-01 -4.696501e-01 -4.993736e-01 -5.283272e-01 -5.564663e-01 -5.837476e-01 -6.101289e-01 -6.355696e-01 -6.600305e-01 -6.834737e-01 -7.058632e-01 -7.271645e-01 -7.473446e-01 -7.663725e-01 -7.842187e-01 -8.008559e-01 -8.162582e-01 -8.304020e-01 -8.432654e-01 -8.548286e-01 -8.650738e-01 -8.739852e-01 -8.815489e-01 -8.877534e-01 -8.925891e-01 -8.960485e-01 -8.981263e-01 -8.988192e-01 
8.937251e-01 8.930361e-01 8.909700e-01 8.875301e-01 8.827216e-01 8.765520e-01 8.690308e-01 8.601696e-01 8.499820e-01 8.384838e-01 8.256926e-01 8.116282e-01 7.963122e-01 7.797684e-01 7.620221e-01 7.431007e-01 7.230334e-01 7.018512e-01 6.795866e-01 6.562741e-01 6.319495e-01 6.066504e-01 5.804157e-01 5.532859e-01 5.253028e-01 4.965095e-01 4.669506e-01 4.366714e-01 4.057187e-01 3.741402e-01 3.419846e-01 3.093015e-01 2.761413e-01 2.425551e-01 2.085946e-01 1.743122e-01 1.397609e-01 1.049938e-01 7.006455e-02 3.502704e-02 -6.472676e-05 -3.515664e-02 -7.019458e-02 -1.051245e-01 -1.398926e-01 -1.744453e-01 -2.087292e-01 -2.426915e-01 -2.762798e-01 -3.094423e-01 -3.421280e-01 -3.742863e-01 -4.058677e-01 -4.368235e-01 -4.671059e-01 -4.966683e-01 -5.254650e-01 -5.534517e-01 -5.805852e-01 -6.068236e-01 -6.321264e-01 -6.564548e-01 -6.797710e-01 -7.020392e-01 -7.232251e-01 -7.432959e-01 -7.622206e-01 -7.799702e-01 -7.965172e-01 -8.118361e-01 -8.259032e-01 -8.386970e-01 -8.501975e-01 -8.603872e-01 -8.692503e-01 -8.767731e-01 -8.829439e-01 -8.877534e-01 -8.911941e-01 -8.932606e-01 -8.939498e-01 
8.874786e-01 8.867944e-01 8.847427e-01 8.813269e-01 8.765520e-01 8.704256e-01 8.629569e-01 8.541576e-01 8.440412e-01 8.326233e-01 8.199216e-01 8.059554e-01 7.907465e-01 7.743183e-01 7.566960e-01 7.379069e-01 7.179799e-01 6.969457e-01 6.748368e-01 6.516872e-01 6.275326e-01 6.024102e-01 5.763589e-01 5.494187e-01 5.216312e-01 4.930392e-01 4.636868e-01 4.336192e-01 4.028829e-01 3.715251e-01 3.395943e-01 3.071396e-01 2.742111e-01 2.408596e-01 2.071365e-01 1.730937e-01 1.387838e-01 1.042597e-01 6.957463e-02 3.478200e-02 -6.450169e-05 -3.491115e-02 -6.970421e-02 -1.043900e-01 -1.389151e-01 -1.732263e-01 -2.072706e-01 -2.409955e-01 -2.743491e-01 -3.072798e-01 -3.397370e-01 -3.716706e-01 -4.030312e-01 -4.337706e-01 -4.638414e-01 -4.931972e-01 -5.217927e-01 -5.495837e-01 -5.765276e-01 -6.025826e-01 -6.277086e-01 -6.518669e-01 -6.750202e-01 -6.971328e-01 -7.181705e-01 -7.381010e-01 -7.568935e-01 -7.745190e-01 -7.909504e-01 -8.061622e-01 -8.201310e-01 -8.328353e-01 -8.442555e-01 -8.543740e-01 -8.631751e-01 -8.706453e-01 -8.767731e-01 -8.815489e-01 -8.849655e-01 -8.870176e-01 -8.877020e-01 
8.798637e-01 8.791853e-01 8.771513e-01 8.737647e-01 8.690308e-01 8.629569e-01 8.555524e-01 8.468286e-01 8.367990e-01 8.254791e-01 8.128862e-01 7.990400e-01 7.839616e-01 7.676743e-01 7.502032e-01 7.315753e-01 7.118192e-01 6.909655e-01 6.690463e-01 6.460953e-01 6.221480e-01 5.972412e-01 5.714134e-01 5.447043e-01 5.171552e-01 4.888085e-01 4.597080e-01 4.298984e-01 3.994258e-01 3.683371e-01 3.366802e-01 3.045040e-01 2.718580e-01 2.387927e-01 2.053589e-01 1.716083e-01 1.375928e-01 1.033649e-01 6.897739e-02 3.448328e-02 -6.422943e-05 -3.461189e-02 -6.910642e-02 -1.034946e-01 -1.377235e-01 -1.717403e-01 -2.054924e-01 -2.389280e-01 -2.719954e-01 -3.046436e-01 -3.368223e-01 -3.684818e-01 -3.995734e-01 -4.300490e-01 -4.598618e-01 -4.889657e-01 -5.173158e-01 -5.448684e-01 -5.715810e-01 -5.974125e-01 -6.223229e-01 -6.462739e-01 -6.692286e-01 -6.911514e-01 -7.120086e-01 -7.317681e-01 -7.503994e-01 -7.678736e-01 -7.841640e-01 -7.992453e-01 -8.130943e-01 -8.256896e-01 -8.370118e-01 -8.470434e-01 -8.557690e-01 -8.631751e-01 -8.692503e-01 -8.739852e-01 -8.773724e-01 -8.794069e-01 -8.800854e-01 
8.708920e-01 8.702205e-01 8.682072e-01 8.648552e-01 8.601696e-01 8.541576e-01 8.468286e-01 8.381937e-01 8.282664e-01 8.170619e-01 8.045975e-01 7.908924e-01 7.759677e-01 7.598465e-01 7.425536e-01 7.241156e-01 7.045610e-01 6.839199e-01 6.622241e-01 6.395072e-01 6.158040e-01 5.911512e-01 5.655867e-01 5.391500e-01 5.118818e-01 4.838242e-01 4.550203e-01 4.255147e-01 3.953528e-01 3.645810e-01 3.332469e-01 3.013988e-01 2.690857e-01 2.363575e-01 2.032647e-01 1.698581e-01 1.361895e-01 1.023106e-01 6.827373e-02 3.413134e-02 -6.391168e-05 -3.425931e-02 -6.840211e-02 -1.024397e-01 -1.363196e-01 -1.699895e-01 -2.033975e-01 -2.364921e-01 -2.692223e-01 -3.015376e-01 -3.333882e-01 -3.647249e-01 -3.954995e-01 -4.256644e-01 -4.551732e-01 -4.839803e-01 -5.120413e-01 -5.393130e-01 -5.657532e-01 -5.913213e-01 -6.159777e-01 -6.396845e-01 -6.624051e-01 -6.841044e-01 -7.047489e-01 -7.243069e-01 -7.427482e-01 -7.600443e-01 -7.761685e-01 -7.910961e-01 -8.048038e-01 -8.172707e-01 -8.284774e-01 -8.384068e-01 -8.470434e-01 -8.543740e-01 -8.603872e-01 -8.650738e-01 -8.684266e-01 -8.704403e-01 -8.711119e-01 
8.605774e-01 8.599139e-01 8.579245e-01 8.546121e-01 8.499820e-01 8.440412e-01 8.367990e-01 8.282664e-01 8.184566e-01 8.073848e-01 7.950680e-01 7.815253e-01 7.667773e-01 7.508470e-01 7.337589e-01 7.155393e-01 6.962163e-01 6.758197e-01 6.543808e-01 6.319329e-01 6.085105e-01 5.841496e-01 5.588879e-01 5.327643e-01 5.058190e-01 4.780937e-01 4.496310e-01 4.204748e-01 3.906701e-01 3.602628e-01 3.292998e-01 2.978289e-01 2.658985e-01 2.335579e-01 2.008569e-01 1.678461e-01 1.345762e-01 1.010985e-01 6.746474e-02 3.372672e-02 -6.355038e-05 -3.385396e-02 -6.759240e-02 -1.012269e-01 -1.347055e-01 -1.679766e-01 -2.009889e-01 -2.336916e-01 -2.660342e-01 -2.979668e-01 -3.294401e-01 -3.604057e-01 -3.908158e-01 -4.206234e-01 -4.497827e-01 -4.782487e-01 -5.059773e-01 -5.329260e-01 -5.590531e-01 -5.843184e-01 -6.086828e-01 -6.321088e-01 -6.545602e-01 -6.760025e-01 -6.964026e-01 -7.157290e-01 -7.339518e-01 -7.510431e-01 -7.669763e-01 -7.817271e-01 -7.952725e-01 -8.075917e-01 -8.186657e-01 -8.284774e-01 -8.370118e-01 -8.442555e-01 -8.501975e-01 -8.548286e-01 -8.581417e-01 -8.601315e-01 -8.607952e-01 
8.489358e-01 8.482813e-01 8.463188e-01 8.430512e-01 8.384838e-01 8.326233e-01 8.254791e-01 8.170619e-01 8.073848e-01 7.964628e-01 7.843126e-01 7.709530e-01 7.564046e-01 7.406898e-01 7.238328e-01 7.058597e-01 6.867980e-01 6.666773e-01 6.455285e-01 6.233842e-01 6.002786e-01 5.762473e-01 5.513273e-01 5.255571e-01 4.989763e-01 4.716260e-01 4.435483e-01 4.147865e-01 3.853850e-01 3.553890e-01 3.248448e-01 2.937996e-01 2.623012e-01 2.303980e-01 1.981394e-01 1.655751e-01 1.327553e-01 9.973046e-02 6.655167e-02 3.327003e-02 -6.314777e-05 -3.339646e-02 -6.667851e-02 -9.985798e-02 -1.328837e-01 -1.657048e-01 -1.982706e-01 -2.305309e-01 -2.624359e-01 -2.939365e-01 -3.249841e-01 -3.555308e-01 -3.855295e-01 -4.149340e-01 -4.436988e-01 -4.717797e-01 -4.991333e-01 -5.257174e-01 -5.514911e-01 -5.764145e-01 -6.004493e-01 -6.235584e-01 -6.457062e-01 -6.668584e-01 -6.869825e-01 -7.060474e-01 -7.240238e-01 -7.408838e-01 -7.566016e-01 -7.711527e-01 -7.845149e-01 -7.966675e-01 -8.075917e-01 -8.172707e-01 -8.256896e-01 -8.328353e-01 -8.386970e-01 -8.432654e-01 -8.465336e-01 -8.484966e-01 -8.491512e-01 
8.359852e-01 8.353407e-01 8.334081e-01 8.301904e-01 8.256926e-01 8.199216e-01 8.128862e-01 8.045975e-01 7.950680e-01 7.843126e-01 7.723478e-01 7.591920e-01 7.448655e-01 7.293904e-01 7.127906e-01 6.950916e-01 6.763207e-01 6.565069e-01 6.356807e-01 6.138743e-01 5.911211e-01 5.674564e-01 5.429165e-01 5.175394e-01 4.913641e-01 4.644310e-01 4.367816e-01 4.084586e-01 3.795055e-01 3.499671e-01 3.198889e-01 2.893173e-01 2.582993e-01 2.268829e-01 1.951164e-01 1.630488e-01 1.307296e-01 9.820859e-02 6.553593e-02 3.276198e-02 -6.270630e-05 -3.288753e-02 -6.566187e-02 -9.833520e-02 -1.308571e-01 -1.631775e-01 -1.952465e-01 -2.270147e-01 -2.584330e-01 -2.894531e-01 -3.200271e-01 -3.501078e-01 -3.796489e-01 -4.086048e-01 -4.369308e-01 -4.645833e-01 -4.915196e-01 -5.176982e-01 -5.430787e-01 -5.676219e-01 -5.912901e-01 -6.140467e-01 -6.358566e-01 -6.566861e-01 -6.765032e-01 -6.952773e-01 -7.129794e-01 -7.295822e-01 -7.450602e-01 -7.593894e-01 -7.725477e-01 -7.845149e-01 -7.952725e-01 -8.048038e-01 -8.130943e-01 -8.201310e-01 -8.259032e-01 -8.304020e-01 -8.336203e-01 -8.355533e-01 -8.361980e-01 
8.217455e-01 8.211119e-01 8.192123e-01 8.160494e-01 8.116282e-01 8.059554e-01 7.990400e-01 7.908924e-01 7.815253e-01 7.709530e-01 7.591920e-01 7.462602e-01 7.321778e-01 7.169663e-01 7.006492e-01 6.832516e-01 6.648005e-01 6.453242e-01 6.248527e-01 6.034177e-01 5.810521e-01 5.577904e-01 5.336685e-01 5.087236e-01 4.829942e-01 4.565198e-01 4.293414e-01 4.015008e-01 3.730409e-01 3.440056e-01 3.144397e-01 2.843888e-01 2.538992e-01 2.230178e-01 1.917924e-01 1.602710e-01 1.285023e-01 9.653522e-02 6.441907e-02 3.220336e-02 -6.222872e-05 -3.232795e-02 -6.454405e-02 -9.666086e-02 -1.286288e-01 -1.603987e-01 -1.919215e-01 -2.231486e-01 -2.540317e-01 -2.845235e-01 -3.145767e-01 -3.441450e-01 -3.731829e-01 -4.016456e-01 -4.294891e-01 -4.566706e-01 -4.831481e-01 -5.088808e-01 -5.338290e-01 -5.579542e-01 -5.812192e-01 -6.035882e-01 -6.250265e-01 -6.455013e-01 -6.649809e-01 -6.834351e-01 -7.008357e-01 -7.171558e-01 -7.323701e-01 -7.464552e-01 -7.593894e-01 -7.711527e-01 -7.817270e-01 -7.910960e-01 -7.992453e-01 -8.061622e-01 -8.118361e-01 -8.162582e-01 -8.194217e-01 -8.213218e-01 -8.219555e-01 
8.062386e-01 8.056170e-01 8.037532e-01 8.006500e-01 7.963122e-01 7.907465e-01 7.839616e-01 7.759677e-01 7.667773e-01 7.564046e-01 7.448655e-01 7.321778e-01 7.183610e-01 7.034366e-01 6.874274e-01 6.703581e-01 6.522552e-01 6.331464e-01 6.130612e-01 5.920306e-01 5.700870e-01 5.472643e-01 5.235976e-01 4.991234e-01 4.738795e-01 4.479047e-01 4.212391e-01 3.939238e-01 3.660010e-01 3.375136e-01 3.085056e-01 2.790217e-01 2.491074e-01 2.188088e-01 1.881726e-01 1.572460e-01 1.260768e-01 9.471294e-02 6.320282e-02 3.159502e-02 -6.171795e-05 -3.171858e-02 -6.332677e-02 -9.483753e-02 -1.262023e-01 -1.573727e-01 -1.883006e-01 -2.189384e-01 -2.492388e-01 -2.791551e-01 -3.086412e-01 -3.376516e-01 -3.661416e-01 -3.940672e-01 -4.213853e-01 -4.480538e-01 -4.740317e-01 -4.992788e-01 -5.237562e-01 -5.474262e-01 -5.702522e-01 -5.921990e-01 -6.132328e-01 -6.333212e-01 -6.524332e-01 -6.705393e-01 -6.876115e-01 -7.036235e-01 -7.185507e-01 -7.323701e-01 -7.450602e-01 -7.566015e-01 -7.669763e-01 -7.761685e-01 -7.841640e-01 -7.909504e-01 -7.965172e-01 -8.008558e-01 -8.039597e-01 -8.058239e-01 -8.064456e-01 
7.894885e-01 7.888799e-01 7.870547e-01 7.840160e-01 7.797684e-01 7.743183e-01 7.676743e-01 7.598465e-01 7.508470e-01 7.406898e-01 7.293904e-01 7.169663e-01 7.034366e-01 6.888221e-01 6.731455e-01 6.564309e-01 6.387040e-01 6.199922e-01 6.003243e-01 5.797306e-01 5.582429e-01 5.358943e-01 5.127193e-01 4.887535e-01 4.640340e-01 4.385989e-01 4.124872e-01 3.857394e-01 3.583967e-01 3.305011e-01 3.020957e-01 2.732244e-01 2.439315e-01 2.142624e-01 1.842626e-01 1.539786e-01 1.234568e-01 9.274456e-02 6.188905e-02 3.093790e-02 -6.117714e-05 -3.106038e-02 -6.201190e-02 -9.286803e-02 -1.235812e-01 -1.541040e-01 -1.843894e-01 -2.143907e-01 -2.440616e-01 -2.733565e-01 -3.022300e-01 -3.306377e-01 -3.585357e-01 -3.858812e-01 -4.126318e-01 -4.387463e-01 -4.641844e-01 -4.889070e-01 -5.128759e-01 -5.360541e-01 -5.584059e-01 -5.798968e-01 -6.004936e-01 -6.201647e-01 -6.388796e-01 -6.566095e-01 -6.733270e-01 -6.890065e-01 -7.036235e-01 -7.171558e-01 -7.295822e-01 -7.408838e-01 -7.510431e-01 -7.600443e-01 -7.678736e-01 -7.745190e-01 -7.799702e-01 -7.842187e-01 -7.872581e-01 -7.890836e-01 -7.896924e-01 
7.715210e-01 7.709262e-01 7.691426e-01 7.661731e-01 7.620221e-01 7.566960e-01 7.502032e-01 7.425536e-01 7.337589e-01 7.238328e-01 7.127906e-01 7.006492e-01 6.874274e-01 6.731455e-01 6.578257e-01 6.414914e-01 6.241679e-01 6.058820e-01 5.866616e-01 5.665366e-01 5.455379e-01 5.236979e-01 5.010503e-01 4.776299e-01 4.534730e-01 4.286166e-01 4.030993e-01 3.769602e-01 3.502396e-01 3.229789e-01 2.952200e-01 2.670057e-01 2.383795e-01 2.093855e-01 1.800684e-01 1.504736e-01 1.206464e-01 9.063310e-02 6.047978e-02 3.023300e-02 -6.060963e-05 -3.035434e-02 -6.060149e-02 -9.075541e-02 -1.207696e-01 -1.505978e-01 -1.801940e-01 -2.095125e-01 -2.385082e-01 -2.671363e-01 -2.953528e-01 -3.231140e-01 -3.503772e-01 -3.771002e-01 -4.032421e-01 -4.287623e-01 -4.536215e-01 -4.777815e-01 -5.012049e-01 -5.238556e-01 -5.456987e-01 -5.667005e-01 -5.868286e-01 -6.060520e-01 -6.243410e-01 -6.416674e-01 -6.580045e-01 -6.733270e-01 -6.876115e-01 -7.008357e-01 -7.129794e-01 -7.240238e-01 -7.339518e-01 -7.427482e-01 -7.503994e-01 -7.568935e-01 -7.622206e-01 -7.663725e-01 -7.693426e-01 -7.711266e-01 -7.717215e-01 
7.523638e-01 7.517838e-01 7.500445e-01 7.471486e-01 7.431007e-01 7.379069e-01 7.315753e-01 7.241156e-01 7.155393e-01 7.058597e-01 6.950916e-01 6.832516e-01 6.703581e-01 6.564309e-01 6.414914e-01 6.255627e-01 6.086694e-01 5.908374e-01 5.720943e-01 5.524690e-01 5.319917e-01 5.106939e-01 4.886086e-01 4.657698e-01 4.422126e-01 4.179735e-01 3.930897e-01 3.675996e-01 3.415425e-01 3.149586e-01 2.878890e-01 2.603752e-01 2.324597e-01 2.041857e-01 1.755965e-01 1.467365e-01 1.176500e-01 8.838182e-02 5.897719e-02 2.948142e-02 -6.001889e-05 -2.960158e-02 -5.909770e-02 -8.850292e-02 -1.177719e-01 -1.468594e-01 -1.757208e-01 -2.043113e-01 -2.325871e-01 -2.605044e-01 -2.880202e-01 -3.150921e-01 -3.416784e-01 -3.677379e-01 -3.932307e-01 -4.181172e-01 -4.423592e-01 -4.659193e-01 -4.887611e-01 -5.108494e-01 -5.321501e-01 -5.526305e-01 -5.722588e-01 -5.910049e-01 -6.088398e-01 -6.257359e-01 -6.416674e-01 -6.566095e-01 -6.705392e-01 -6.834351e-01 -6.952773e-01 -7.060474e-01 -7.157290e-01 -7.243069e-01 -7.317681e-01 -7.381010e-01 -7.432958e-01 -7.473446e-01 -7.502410e-01 -7.519807e-01 -7.525609e-01 
7.320464e-01 7.314820e-01 7.297897e-01 7.269720e-01 7.230334e-01 7.179799e-01 7.118192e-01 7.045610e-01 6.962163e-01 6.867980e-01 6.763207e-01 6.648005e-01 6.522552e-01 6.387040e-01 6.241679e-01 6.086694e-01 5.922322e-01 5.748818e-01 5.566448e-01 5.375494e-01 5.176251e-01 4.969024e-01 4.754135e-01 4.531914e-01 4.302704e-01 4.066857e-01 3.824739e-01 3.576721e-01 3.323187e-01 3.064527e-01 2.801139e-01 2.533431e-01 2.261815e-01 1.986709e-01 1.708538e-01 1.427731e-01 1.144720e-01 8.599419e-02 5.738359e-02 2.868431e-02 -5.940858e-05 -2.880324e-02 -5.750287e-02 -8.611403e-02 -1.145926e-01 -1.428947e-01 -1.709767e-01 -1.987952e-01 -2.263074e-01 -2.534709e-01 -2.802437e-01 -3.065845e-01 -3.324528e-01 -3.578087e-01 -3.826130e-01 -4.068275e-01 -4.304149e-01 -4.533388e-01 -4.755638e-01 -4.970556e-01 -5.177811e-01 -5.377084e-01 -5.568067e-01 -5.750466e-01 -5.923998e-01 -6.088397e-01 -6.243410e-01 -6.388796e-01 -6.524332e-01 -6.649808e-01 -6.765032e-01 -6.869825e-01 -6.964026e-01 -7.047489e-01 -7.120086e-01 -7.181705e-01 -7.232250e-01 -7.271645e-01 -7.299827e-01 -7.316754e-01 -7.322399e-01 
7.106002e-01 7.100523e-01 7.084095e-01 7.056744e-01 7.018512e-01 6.969457e-01 6.909655e-01 6.839199e-01 6.758197e-01 6.666773e-01 6.565069e-01 6.453242e-01 6.331464e-01 6.199922e-01 6.058820e-01 5.908374e-01 5.748818e-01 5.580396e-01 5.403369e-01 5.218009e-01 5.024602e-01 4.823447e-01 4.614852e-01 4.399141e-01 4.176645e-01 3.947708e-01 3.712682e-01 3.471930e-01 3.225823e-01 2.974741e-01 2.719069e-01 2.459204e-01 2.195544e-01 1.928498e-01 1.658476e-01 1.385894e-01 1.111174e-01 8.347388e-02 5.570143e-02 2.784289e-02 -5.878245e-05 -2.796057e-02 -5.581944e-02 -8.359244e-02 -1.112368e-01 -1.387097e-01 -1.659690e-01 -1.929726e-01 -2.196789e-01 -2.460466e-01 -2.720350e-01 -2.976042e-01 -3.227147e-01 -3.473278e-01 -3.714055e-01 -3.949106e-01 -4.178070e-01 -4.400593e-01 -4.616332e-01 -4.824954e-01 -5.026138e-01 -5.219573e-01 -5.404961e-01 -5.582017e-01 -5.750466e-01 -5.910049e-01 -6.060520e-01 -6.201647e-01 -6.333212e-01 -6.455013e-01 -6.566861e-01 -6.668584e-01 -6.760025e-01 -6.841043e-01 -6.911514e-01 -6.971327e-01 -7.020392e-01 -7.058632e-01 -7.085989e-01 -7.102420e-01 -7.107899e-01 
6.880581e-01 6.875276e-01 6.859370e-01 6.832886e-01 6.795866e-01 6.748368e-01 6.690463e-01 6.622241e-01 6.543808e-01 6.455285e-01 6.356807e-01 6.248527e-01 6.130612e-01 6.003243e-01 5.866616e-01 5.720943e-01 5.566448e-01 5.403369e-01 5.231957e-01 5.052477e-01 4.865205e-01 4.670430e-01 4.468453e-01 4.259584e-01 4.044146e-01 3.822471e-01 3.594901e-01 3.361785e-01 3.123485e-01 2.880367e-01 2.632806e-01 2.381183e-01 2.125887e-01 1.867312e-01 1.605855e-01 1.341920e-01 1.075915e-01 8.082479e-02 5.393330e-02 2.695846e-02 -5.814434e-05 -2.707486e-02 -5.405002e-02 -8.094204e-02 -1.077094e-01 -1.343110e-01 -1.607056e-01 -1.868526e-01 -2.127117e-01 -2.382429e-01 -2.634071e-01 -2.881652e-01 -3.124791e-01 -3.363115e-01 -3.596254e-01 -3.823849e-01 -4.045550e-01 -4.261014e-01 -4.469910e-01 -4.671914e-01 -4.866716e-01 -5.054015e-01 -5.233523e-01 -5.404961e-01 -5.568067e-01 -5.722588e-01 -5.868286e-01 -6.004936e-01 -6.132328e-01 -6.250265e-01 -6.358565e-01 -6.457062e-01 -6.545602e-01 -6.624050e-01 -6.692285e-01 -6.750202e-01 -6.797710e-01 -6.834737e-01 -6.861226e-01 -6.877135e-01 -6.882441e-01 
6.644550e-01 6.639427e-01 6.624066e-01 6.598491e-01 6.562741e-01 6.516872e-01 6.460953e-01 6.395072e-01 6.319329e-01 6.233842e-01 6.138743e-01 6.034177e-01 5.920306e-01 5.797306e-01 5.665366e-01 5.524690e-01 5.375494e-01 5.218009e-01 5.052477e-01 4.879153e-01 4.698305e-01 4.510212e-01 4.315163e-01 4.113459e-01 3.905411e-01 3.691339e-01 3.471575e-01 3.246456e-01 3.016330e-01 2.781551e-01 2.542482e-01 2.299490e-01 2.052952e-01 1.803246e-01 1.550757e-01 1.295876e-01 1.038995e-01 7.805099e-02 5.208193e-02 2.603238e-02 -5.749820e-05 -2.614748e-02 -5.219734e-02 -7.816691e-02 -1.040161e-01 -1.297052e-01 -1.551944e-01 -1.804445e-01 -2.054166e-01 -2.300721e-01 -2.543730e-01 -2.782819e-01 -3.017618e-01 -3.247766e-01 -3.472908e-01 -3.692697e-01 -3.906793e-01 -4.114866e-01 -4.316596e-01 -4.511671e-01 -4.699791e-01 -4.880666e-01 -5.054015e-01 -5.219573e-01 -5.377084e-01 -5.526305e-01 -5.667005e-01 -5.798968e-01 -5.921990e-01 -6.035881e-01 -6.140467e-01 -6.235584e-01 -6.321088e-01 -6.396845e-01 -6.462739e-01 -6.518669e-01 -6.564547e-01 -6.600304e-01 -6.625885e-01 -6.641248e-01 -6.646372e-01 
6.398272e-01 6.393339e-01 6.378547e-01 6.353920e-01 6.319495e-01 6.275326e-01 6.221480e-01 6.158040e-01 6.085105e-01 6.002786e-01 5.911211e-01 5.810521e-01 5.700870e-01 5.582429e-01 5.455379e-01 5.319917e-01 5.176251e-01 5.024602e-01 4.865205e-01 4.698305e-01 4.524160e-01 4.343038e-01 4.155218e-01 3.960989e-01 3.760652e-01 3.554515e-01 3.342895e-01 3.126120e-01 2.904523e-01 2.678445e-01 2.448236e-01 2.214251e-01 1.976850e-01 1.736398e-01 1.493268e-01 1.247833e-01 1.000473e-01 7.515675e-02 5.015017e-02 2.506608e-02 -5.684800e-05 -2.517988e-02 -5.026427e-02 -7.527134e-02 -1.001625e-01 -1.248995e-01 -1.494440e-01 -1.737583e-01 -1.978048e-01 -2.215465e-01 -2.449468e-01 -2.679696e-01 -2.905793e-01 -3.127411e-01 -3.344209e-01 -3.555851e-01 -3.762012e-01 -3.962374e-01 -4.156627e-01 -4.344473e-01 -4.525621e-01 -4.699791e-01 -4.866716e-01 -5.026138e-01 -5.177811e-01 -5.321501e-01 -5.456987e-01 -5.584059e-01 -5.702521e-01 -5.812192e-01 -5.912901e-01 -6.004493e-01 -6.086828e-01 -6.159777e-01 -6.223229e-01 -6.277086e-01 -6.321264e-01 -6.355696e-01 -6.380328e-01 -6.395122e-01 -6.400056e-01 
6.142127e-01 6.137391e-01 6.123192e-01 6.099551e-01 6.066504e-01 6.024102e-01 5.972412e-01 5.911512e-01 5.841496e-01 5.762473e-01 5.674564e-01 5.577904e-01 5.472643e-01 5.358943e-01 5.236979e-01 5.106939e-01 4.969024e-01 4.823447e-01 4.670430e-01 4.510212e-01 4.343038e-01 4.169166e-01 3.988864e-01 3.802411e-01 3.610094e-01 3.412208e-01 3.209060e-01 3.000962e-01 2.788236e-01 2.571209e-01 2.350215e-01 2.125596e-01 1.897698e-01 1.666873e-01 1.433475e-01 1.197865e-01 9.604066e-02 7.214654e-02 4.814100e-02 2.406104e-02 -5.619774e-05 -2.417353e-02 -4.825378e-02 -7.225980e-02 -9.615458e-02 -1.199013e-01 -1.434633e-01 -1.668042e-01 -1.898882e-01 -2.126795e-01 -2.351430e-01 -2.572442e-01 -2.789488e-01 -3.002235e-01 -3.210354e-01 -3.413524e-01 -3.611432e-01 -3.803773e-01 -3.990251e-01 -4.170577e-01 -4.344473e-01 -4.511671e-01 -4.671914e-01 -4.824954e-01 -4.970556e-01 -5.108494e-01 -5.238556e-01 -5.360541e-01 -5.474261e-01 -5.579542e-01 -5.676219e-01 -5.764145e-01 -5.843183e-01 -5.913213e-01 -5.974125e-01 -6.025825e-01 -6.068235e-01 -6.101289e-01 -6.124935e-01 -6.139137e-01 -6.143874e-01 
5.876510e-01 5.871979e-01 5.858394e-01 5.835775e-01 5.804157e-01 5.763589e-01 5.714134e-01 5.655867e-01 5.588879e-01 5.513273e-01 5.429165e-01 5.336685e-01 5.235976e-01 5.127193e-01 5.010503e-01 4.886086e-01 4.754135e-01 4.614852e-01 4.468453e-01 4.315163e-01 4.155218e-01 3.988864e-01 3.816360e-01 3.637969e-01 3.453968e-01 3.264639e-01 3.070276e-01 2.871177e-01 2.667649e-01 2.460006e-01 2.248569e-01 2.033663e-01 1.815620e-01 1.594776e-01 1.371471e-01 1.146049e-01 9.188588e-02 6.902500e-02 4.605750e-02 2.301881e-02 -5.555143e-05 -2.313000e-02 -4.616897e-02 -6.913692e-02 -9.199845e-02 -1.147183e-01 -1.372614e-01 -1.595931e-01 -1.816788e-01 -2.034846e-01 -2.249768e-01 -2.461222e-01 -2.668883e-01 -2.872430e-01 -3.071550e-01 -3.265935e-01 -3.455285e-01 -3.639309e-01 -3.817723e-01 -3.990251e-01 -4.156627e-01 -4.316596e-01 -4.469910e-01 -4.616332e-01 -4.755637e-01 -4.887611e-01 -5.012048e-01 -5.128759e-01 -5.237562e-01 -5.338289e-01 -5.430786e-01 -5.514910e-01 -5.590531e-01 -5.657532e-01 -5.715810e-01 -5.765275e-01 -5.805851e-01 -5.837475e-01 -5.860099e-01 -5.873687e-01 -5.878219e-01 
5.601830e-01 5.597511e-01 5.584561e-01 5.562999e-01 5.532859e-01 5.494187e-01 5.447043e-01 5.391500e-01 5.327643e-01 5.255571e-01 5.175394e-01 5.087236e-01 4.991234e-01 4.887535e-01 4.776299e-01 4.657698e-01 4.531914e-01 4.399141e-01 4.259584e-01 4.113459e-01 3.960989e-01 3.802411e-01 3.637969e-01 3.467916e-01 3.292515e-01 3.112035e-01 2.926756e-01 2.736963e-01 2.542947e-01 2.345010e-01 2.143455e-01 1.938594e-01 1.730741e-01 1.520219e-01 1.307351e-01 1.092465e-01 8.758933e-02 6.579692e-02 4.390289e-02 2.194099e-02 -5.491304e-05 -2.205091e-02 -4.401307e-02 -6.590754e-02 -8.770056e-02 -1.093585e-01 -1.308480e-01 -1.521359e-01 -1.731894e-01 -1.939760e-01 -2.144637e-01 -2.346209e-01 -2.544164e-01 -2.738198e-01 -2.928011e-01 -3.113310e-01 -3.293811e-01 -3.469234e-01 -3.639309e-01 -3.803773e-01 -3.962374e-01 -4.114866e-01 -4.261014e-01 -4.400593e-01 -4.533387e-01 -4.659193e-01 -4.777814e-01 -4.889070e-01 -4.992788e-01 -5.088808e-01 -5.176982e-01 -5.257174e-01 -5.329260e-01 -5.393129e-01 -5.448684e-01 -5.495837e-01 -5.534516e-01 -5.564663e-01 -5.586229e-01 -5.599182e-01 -5.603502e-01 
5.318511e-01 5.314410e-01 5.302115e-01 5.281644e-01 5.253028e-01 5.216312e-01 5.171552e-01 5.118818e-01 5.058190e-01 4.989763e-01 4.913641e-01 4.829942e-01 4.738795e-01 4.640340e-01 4.534730e-01 4.422126e-01 4.302704e-01 4.176645e-01 4.044146e-01 3.905411e-01 3.760652e-01 3.610094e-01 3.453968e-01 3.292515e-01 3.125984e-01 2.954632e-01 2.778722e-01 2.598527e-01 2.414324e-01 2.226397e-01 2.035035e-01 1.840534e-01 1.643193e-01 1.443317e-01 1.241214e-01 1.037196e-01 8.315762e-02 6.246730e-02 4.168049e-02 2.082924e-02 -5.428650e-05 -2.093790e-02 -4.178940e-02 -6.257663e-02 -8.326754e-02 -1.038302e-01 -1.242330e-01 -1.444443e-01 -1.644331e-01 -1.841685e-01 -2.036201e-01 -2.227579e-01 -2.415523e-01 -2.599744e-01 -2.779958e-01 -2.955887e-01 -3.127259e-01 -3.293811e-01 -3.455285e-01 -3.611432e-01 -3.762012e-01 -3.906792e-01 -4.045550e-01 -4.178070e-01 -4.304149e-01 -4.423592e-01 -4.536215e-01 -4.641844e-01 -4.740317e-01 -4.831481e-01 -4.915196e-01 -4.991332e-01 -5.059773e-01 -5.120413e-01 -5.173157e-01 -5.217926e-01 -5.254650e-01 -5.283271e-01 -5.303747e-01 -5.316045e-01 -5.320146e-01 
5.026990e-01 5.023114e-01 5.011492e-01 4.992143e-01 4.965095e-01 4.930392e-01 4.888085e-01 4.838242e-01 4.780937e-01 4.716260e-01 4.644310e-01 4.565198e-01 4.479047e-01 4.385989e-01 4.286166e-01 4.179735e-01 4.066857e-01 3.947708e-01 3.822471e-01 3.691339e-01 3.554515e-01 3.412208e-01 3.264639e-01 3.112035e-01 2.954632e-01 2.792671e-01 2.626403e-01 2.456084e-01 2.281977e-01 2.104349e-01 1.923475e-01 1.739635e-01 1.553110e-01 1.364189e-01 1.173162e-01 9.803257e-02 7.859759e-02 5.904126e-02 3.939372e-02 1.968528e-02 -5.367567e-05 -1.979271e-02 -3.950140e-02 -5.914933e-02 -7.870623e-02 -9.814193e-02 -1.174265e-01 -1.365301e-01 -1.554233e-01 -1.740771e-01 -1.924626e-01 -2.105515e-01 -2.283158e-01 -2.457283e-01 -2.627620e-01 -2.793907e-01 -2.955887e-01 -3.113310e-01 -3.265934e-01 -3.413524e-01 -3.555851e-01 -3.692696e-01 -3.823849e-01 -3.949106e-01 -4.068275e-01 -4.181172e-01 -4.287622e-01 -4.387462e-01 -4.480538e-01 -4.566706e-01 -4.645832e-01 -4.717796e-01 -4.782486e-01 -4.839802e-01 -4.889656e-01 -4.931971e-01 -4.966682e-01 -4.993735e-01 -5.013088e-01 -5.024712e-01 -5.028589e-01 
4.727715e-01 4.724070e-01 4.713140e-01 4.694943e-01 4.669506e-01 4.636868e-01 4.597080e-01 4.550203e-01 4.496310e-01 4.435483e-01 4.367816e-01 4.293414e-01 4.212391e-01 4.124872e-01 4.030993e-01 3.930897e-01 3.824739e-01 3.712682e-01 3.594901e-01 3.471575e-01 3.342895e-01 3.209060e-01 3.070276e-01 2.926756e-01 2.778722e-01 2.626403e-01 2.470033e-01 2.309853e-01 2.146109e-01 1.979056e-01 1.808949e-01 1.636052e-01 1.460631e-01 1.282956e-01 1.103301e-01 9.219432e-02 7.391626e-02 5.552407e-02 3.704611e-02 1.851086e-02 -5.308431e-05 -1.861711e-02 -3.715258e-02 -5.563093e-02 -7.402366e-02 -9.230241e-02 -1.104390e-01 -1.284054e-01 -1.461740e-01 -1.637174e-01 -1.810085e-01 -1.980206e-01 -2.147275e-01 -2.311034e-01 -2.471232e-01 -2.627620e-01 -2.779958e-01 -2.928011e-01 -3.071550e-01 -3.210354e-01 -3.344209e-01 -3.472908e-01 -3.596253e-01 -3.714055e-01 -3.826130e-01 -3.932306e-01 -4.032420e-01 -4.126317e-01 -4.213852e-01 -4.294891e-01 -4.369308e-01 -4.436988e-01 -4.497827e-01 -4.551731e-01 -4.598618e-01 -4.638414e-01 -4.671058e-01 -4.696501e-01 -4.714702e-01 -4.725634e-01 -4.729280e-01 
4.421149e-01 4.417740e-01 4.407519e-01 4.390502e-01 4.366714e-01 4.336192e-01 4.298984e-01 4.255147e-01 4.204748e-01 4.147865e-01 4.084586e-01 4.015008e-01 3.939238e-01 3.857394e-01 3.769602e-01 3.675996e-01 3.576721e-01 3.471930e-01 3.361785e-01 3.246456e-01 3.126120e-01 3.000962e-01 2.871177e-01 2.736963e-01 2.598527e-01 2.456084e-01 2.309853e-01 2.160058e-01 2.006932e-01 1.850710e-01 1.691633e-01 1.529946e-01 1.365898e-01 1.199743e-01 1.031737e-01 8.621381e-02 6.912085e-02 5.192117e-02 3.464126e-02 1.730780e-02 -5.251605e-05 -1.741290e-02 -3.474659e-02 -5.202686e-02 -6.922706e-02 -8.632068e-02 -1.032813e-01 -1.200829e-01 -1.366994e-01 -1.531054e-01 -1.692753e-01 -1.851844e-01 -2.008081e-01 -2.161223e-01 -2.311034e-01 -2.457283e-01 -2.599744e-01 -2.738197e-01 -2.872430e-01 -3.002235e-01 -3.127411e-01 -3.247766e-01 -3.363114e-01 -3.473278e-01 -3.578087e-01 -3.677379e-01 -3.771002e-01 -3.858811e-01 -3.940671e-01 -4.016455e-01 -4.086047e-01 -4.149339e-01 -4.206234e-01 -4.256643e-01 -4.300490e-01 -4.337706e-01 -4.368234e-01 -4.392027e-01 -4.409048e-01 -4.419272e-01 -4.422681e-01 
4.107764e-01 4.104597e-01 4.095100e-01 4.079289e-01 4.057187e-01 4.028829e-01 3.994258e-01 3.953528e-01 3.906701e-01 3.853850e-01 3.795055e-01 3.730409e-01 3.660010e-01 3.583967e-01 3.502396e-01 3.415425e-01 3.323187e-01 3.225823e-01 3.123485e-01 3.016330e-01 2.904523e-01 2.788236e-01 2.667649e-01 2.542947e-01 2.414324e-01 2.281977e-01 2.146109e-01 2.006932e-01 1.864659e-01 1.719509e-01 1.571706e-01 1.421479e-01 1.269058e-01 1.114680e-01 9.585809e-02 8.010025e-02 6.421876e-02 4.823809e-02 3.218290e-02 1.607793e-02 -5.197440e-05 -1.618195e-02 -3.228713e-02 -4.834268e-02 -6.432383e-02 -8.020595e-02 -9.596455e-02 -1.115753e-01 -1.270142e-01 -1.422574e-01 -1.572813e-01 -1.720629e-01 -1.865793e-01 -2.008081e-01 -2.147275e-01 -2.283158e-01 -2.415523e-01 -2.544164e-01 -2.668883e-01 -2.789488e-01 -2.905793e-01 -3.017618e-01 -3.124791e-01 -3.227147e-01 -3.324528e-01 -3.416783e-01 -3.503771e-01 -3.585357e-01 -3.661415e-01 -3.731829e-01 -3.796488e-01 -3.855295e-01 -3.908157e-01 -3.954994e-01 -3.995733e-01 -4.030312e-01 -4.058676e-01 -4.080783e-01 -4.096598e-01 -4.106097e-01 -4.109264e-01 
3.788043e-01 3.785122e-01 3.776365e-01 3.761784e-01 3.741402e-01 3.715251e-01 3.683371e-01 3.645810e-01 3.602628e-01 3.553890e-01 3.499671e-01 3.440056e-01 3.375136e-01 3.305011e-01 3.229789e-01 3.149586e-01 3.064527e-01 2.974741e-01 2.880367e-01 2.781551e-01 2.678445e-01 2.571209e-01 2.460006e-01 2.345010e-01 2.226397e-01 2.104349e-01 1.979056e-01 1.850710e-01 1.719509e-01 1.585655e-01 1.449355e-01 1.310819e-01 1.170261e-01 1.027896e-01 8.839458e-02 7.386307e-02 5.921753e-02 4.448053e-02 2.967480e-02 1.482317e-02 -5.146268e-05 -1.492616e-02 -2.977800e-02 -4.458407e-02 -5.932153e-02 -7.396767e-02 -8.849991e-02 -1.028958e-01 -1.171332e-01 -1.311901e-01 -1.450449e-01 -1.586762e-01 -1.720629e-01 -1.851844e-01 -1.980206e-01 -2.105515e-01 -2.227578e-01 -2.346208e-01 -2.461222e-01 -2.572441e-01 -2.679695e-01 -2.782818e-01 -2.881651e-01 -2.976042e-01 -3.065845e-01 -3.150921e-01 -3.231139e-01 -3.306376e-01 -3.376516e-01 -3.441450e-01 -3.501078e-01 -3.555308e-01 -3.604056e-01 -3.647249e-01 -3.684817e-01 -3.716705e-01 -3.742862e-01 -3.763249e-01 -3.777833e-01 -3.786592e-01 -3.789514e-01 
3.462479e-01 3.459809e-01 3.451804e-01 3.438477e-01 3.419846e-01 3.395943e-01 3.366802e-01 3.332469e-01 3.292998e-01 3.248448e-01 3.198889e-01 3.144397e-01 3.085056e-01 3.020957e-01 2.952200e-01 2.878890e-01 2.801139e-01 2.719069e-01 2.632806e-01 2.542482e-01 2.448236e-01 2.350215e-01 2.248569e-01 2.143455e-01 2.035035e-01 1.923475e-01 1.808949e-01 1.691633e-01 1.571706e-01 1.449355e-01 1.324768e-01 1.198137e-01 1.069657e-01 9.395270e-02 8.079465e-02 6.751188e-02 5.412487e-02 4.065427e-02 2.712083e-02 1.354544e-02 -5.098405e-05 -1.364747e-02 -2.722306e-02 -4.075682e-02 -5.422788e-02 -6.761546e-02 -8.089892e-02 -9.405778e-02 -1.070718e-01 -1.199208e-01 -1.325850e-01 -1.450449e-01 -1.572813e-01 -1.692753e-01 -1.810084e-01 -1.924626e-01 -2.036201e-01 -2.144637e-01 -2.249767e-01 -2.351430e-01 -2.449468e-01 -2.543730e-01 -2.634070e-01 -2.720350e-01 -2.802436e-01 -2.880202e-01 -2.953527e-01 -3.022299e-01 -3.086412e-01 -3.145766e-01 -3.200270e-01 -3.249841e-01 -3.294401e-01 -3.333881e-01 -3.368222e-01 -3.397369e-01 -3.421279e-01 -3.439914e-01 -3.453245e-01 -3.461252e-01 -3.463922e-01 
3.131574e-01 3.129160e-01 3.121920e-01 3.109865e-01 3.093015e-01 3.071396e-01 3.045040e-01 3.013988e-01 2.978289e-01 2.937996e-01 2.893173e-01 2.843888e-01 2.790217e-01 2.732244e-01 2.670057e-01 2.603752e-01 2.533431e-01 2.459204e-01 2.381183e-01 2.299490e-01 2.214251e-01 2.125596e-01 2.033663e-01 1.938594e-01 1.840534e-01 1.739635e-01 1.636052e-01 1.529946e-01 1.421479e-01 1.310819e-01 1.198137e-01 1.083606e-01 9.674035e-02 8.497076e-02 7.307002e-02 6.105647e-02 4.894864e-02 3.676520e-02 2.452493e-02 1.224671e-02 -5.054145e-05 -1.234785e-02 -2.462627e-02 -3.686685e-02 -4.905072e-02 -6.115910e-02 -7.317332e-02 -8.507484e-02 -9.684531e-02 -1.084666e-01 -1.199208e-01 -1.311901e-01 -1.422574e-01 -1.531053e-01 -1.637174e-01 -1.740771e-01 -1.841685e-01 -1.939760e-01 -2.034846e-01 -2.126795e-01 -2.215465e-01 -2.300720e-01 -2.382429e-01 -2.460465e-01 -2.534708e-01 -2.605044e-01 -2.671363e-01 -2.733564e-01 -2.791551e-01 -2.845234e-01 -2.894531e-01 -2.939365e-01 -2.979667e-01 -3.015375e-01 -3.046435e-01 -3.072798e-01 -3.094423e-01 -3.111277e-01 -3.123334e-01 -3.130576e-01 -3.132991e-01 
2.795838e-01 2.793683e-01 2.787219e-01 2.776457e-01 2.761413e-01 2.742111e-01 2.718580e-01 2.690857e-01 2.658985e-01 2.623012e-01 2.582993e-01 2.538992e-01 2.491074e-01 2.439315e-01 2.383795e-01 2.324597e-01 2.261815e-01 2.195544e-01 2.125887e-01 2.052952e-01 1.976850e-01 1.897698e-01 1.815620e-01 1.730741e-01 1.643193e-01 1.553110e-01 1.460631e-01 1.365898e-01 1.269058e-01 1.170261e-01 1.069657e-01 9.674035e-02 8.636566e-02 7.585768e-02 6.523260e-02 5.450680e-02 4.369682e-02 3.281933e-02 2.189110e-02 1.092897e-02 -5.013759e-05 -1.102931e-02 -2.199161e-02 -3.292015e-02 -4.379805e-02 -5.460856e-02 -6.533500e-02 -7.596084e-02 -8.646967e-02 -9.684531e-02 -1.070717e-01 -1.171332e-01 -1.270142e-01 -1.366994e-01 -1.461740e-01 -1.554233e-01 -1.644331e-01 -1.731894e-01 -1.816788e-01 -1.898881e-01 -1.978048e-01 -2.054165e-01 -2.127116e-01 -2.196788e-01 -2.263074e-01 -2.325870e-01 -2.385082e-01 -2.440616e-01 -2.492388e-01 -2.540317e-01 -2.584330e-01 -2.624358e-01 -2.660341e-01 -2.692222e-01 -2.719953e-01 -2.743490e-01 -2.762797e-01 -2.777845e-01 -2.788610e-01 -2.795076e-01 -2.797232e-01 
2.455789e-01 2.453896e-01 2.448218e-01 2.438765e-01 2.425551e-01 2.408596e-01 2.387927e-01 2.363575e-01 2.335579e-01 2.303980e-01 2.268829e-01 2.230178e-01 2.188088e-01 2.142624e-01 2.093855e-01 2.041857e-01 1.986709e-01 1.928498e-01 1.867312e-01 1.803246e-01 1.736398e-01 1.666873e-01 1.594776e-01 1.520219e-01 1.443317e-01 1.364189e-01 1.282956e-01 1.199743e-01 1.114680e-01 1.027896e-01 9.395270e-02 8.497076e-02 7.585768e-02 6.662751e-02 5.729447e-02 4.787296e-02 3.837750e-02 2.882273e-02 1.922339e-02 9.594272e-03 -4.977497e-05 -9.693880e-03 -1.932317e-02 -2.892280e-02 -3.847797e-02 -4.797394e-02 -5.739608e-02 -6.672984e-02 -7.596083e-02 -8.507483e-02 -9.405777e-02 -1.028958e-01 -1.115753e-01 -1.200829e-01 -1.284054e-01 -1.365301e-01 -1.444443e-01 -1.521359e-01 -1.595930e-01 -1.668042e-01 -1.737582e-01 -1.804445e-01 -1.868525e-01 -1.929726e-01 -1.987952e-01 -2.043113e-01 -2.095125e-01 -2.143906e-01 -2.189383e-01 -2.231485e-01 -2.270146e-01 -2.305308e-01 -2.336916e-01 -2.364920e-01 -2.389279e-01 -2.409954e-01 -2.426914e-01 -2.440132e-01 -2.449588e-01 -2.455268e-01 -2.457162e-01 
2.111951e-01 2.110323e-01 2.105440e-01 2.097310e-01 2.085946e-01 2.071365e-01 2.053589e-01 2.032647e-01 2.008569e-01 1.981394e-01 1.951164e-01 1.917924e-01 1.881726e-01 1.842626e-01 1.800684e-01 1.755965e-01 1.708538e-01 1.658476e-01 1.605855e-01 1.550757e-01 1.493268e-01 1.433475e-01 1.371471e-01 1.307351e-01 1.241214e-01 1.173162e-01 1.103301e-01 1.031737e-01 9.585809e-02 8.839458e-02 8.079465e-02 7.307002e-02 6.523260e-02 5.729447e-02 4.926787e-02 4.116518e-02 3.299888e-02 2.478157e-02 1.652592e-02 8.244655e-03 -4.945580e-05 -8.343623e-03 -1.662506e-02 -2.488099e-02 -3.309869e-02 -4.126548e-02 -4.936877e-02 -5.739607e-02 -6.533500e-02 -7.317330e-02 -8.089891e-02 -8.849989e-02 -9.596453e-02 -1.032813e-01 -1.104390e-01 -1.174264e-01 -1.242329e-01 -1.308480e-01 -1.372614e-01 -1.434632e-01 -1.494440e-01 -1.551944e-01 -1.607055e-01 -1.659690e-01 -1.709766e-01 -1.757207e-01 -1.801939e-01 -1.843893e-01 -1.883005e-01 -1.919214e-01 -1.952465e-01 -1.982705e-01 -2.009889e-01 -2.033974e-01 -2.054924e-01 -2.072705e-01 -2.087291e-01 -2.098659e-01 -2.106792e-01 -2.111677e-01 -2.113306e-01 
1.764855e-01 1.763494e-01 1.759413e-01 1.752619e-01 1.743122e-01 1.730937e-01 1.716083e-01 1.698581e-01 1.678461e-01 1.655751e-01 1.630488e-01 1.602710e-01 1.572460e-01 1.539786e-01 1.504736e-01 1.467365e-01 1.427731e-01 1.385894e-01 1.341920e-01 1.295876e-01 1.247833e-01 1.197865e-01 1.146049e-01 1.092465e-01 1.037196e-01 9.803257e-02 9.219432e-02 8.621381e-02 8.010025e-02 7.386307e-02 6.751188e-02 6.105647e-02 5.450680e-02 4.787296e-02 4.116518e-02 3.439380e-02 2.756926e-02 2.070208e-02 1.380285e-02 6.882203e-03 -4.918206e-05 -6.980622e-03 -1.390143e-02 -2.080093e-02 -2.766849e-02 -3.449351e-02 -4.126548e-02 -4.797394e-02 -5.460855e-02 -6.115909e-02 -6.761544e-02 -7.396765e-02 -8.020593e-02 -8.632065e-02 -9.230238e-02 -9.814189e-02 -1.038302e-01 -1.093585e-01 -1.147182e-01 -1.199012e-01 -1.248994e-01 -1.297051e-01 -1.343109e-01 -1.387097e-01 -1.428947e-01 -1.468594e-01 -1.505977e-01 -1.541039e-01 -1.573726e-01 -1.603986e-01 -1.631774e-01 -1.657047e-01 -1.679765e-01 -1.699894e-01 -1.717402e-01 -1.732262e-01 -1.744452e-01 -1.753953e-01 -1.760749e-01 -1.764832e-01 -1.766193e-01 
