9.051609e-01 9.023704e-01 8.940162e-01 8.801496e-01 8.608562e-01 8.362549e-01 8.064971e-01 7.717663e-01 7.322765e-01 6.882710e-01 6.400210e-01 5.878239e-01 5.320012e-01 4.728970e-01 4.108757e-01 3.463193e-01 2.796258e-01 2.112063e-01 1.414826e-01 7.088429e-02 -1.532481e-04 -7.119214e-02 -1.417944e-01 -2.115248e-01 -2.799533e-01 -3.466580e-01 -4.112276e-01 -4.732638e-01 -5.323841e-01 -5.882238e-01 -6.404385e-01 -6.887061e-01 -7.327288e-01 -7.722351e-01 -8.069811e-01 -8.367525e-01 -8.613655e-01 -8.806683e-01 -8.945417e-01 -9.029002e-01 -9.056921e-01 
9.023704e-01 8.995886e-01 8.912601e-01 8.774363e-01 8.582023e-01 8.336768e-01 8.040108e-01 7.693870e-01 7.300189e-01 6.861491e-01 6.380479e-01 5.860116e-01 5.303610e-01 4.714390e-01 4.096088e-01 3.452515e-01 2.787636e-01 2.105550e-01 1.410462e-01 7.066554e-02 -1.530125e-04 -7.097291e-02 -1.413575e-01 -2.108730e-01 -2.790905e-01 -3.455896e-01 -4.099601e-01 -4.718051e-01 -5.307431e-01 -5.864107e-01 -6.384644e-01 -6.865832e-01 -7.304702e-01 -7.698546e-01 -8.044935e-01 -8.341731e-01 -8.587103e-01 -8.779536e-01 -8.917842e-01 -9.001169e-01 -9.029002e-01 
8.940162e-01 8.912601e-01 8.830087e-01 8.693128e-01 8.502569e-01 8.259584e-01 7.965670e-01 7.622638e-01 7.232602e-01 6.797965e-01 6.321405e-01 5.805859e-01 5.254505e-01 4.670740e-01 4.058162e-01 3.420546e-01 2.761822e-01 2.086051e-01 1.397397e-01 7.001064e-02 -1.523116e-04 -7.031659e-02 -1.400496e-01 -2.089215e-01 -2.765075e-01 -3.423909e-01 -4.061655e-01 -4.674379e-01 -5.258303e-01 -5.809825e-01 -6.325543e-01 -6.802276e-01 -7.237082e-01 -7.627280e-01 -7.970462e-01 -8.264510e-01 -8.507610e-01 -8.698261e-01 -8.835287e-01 -8.917842e-01 -8.945417e-01 
8.801496e-01 8.774363e-01 8.693128e-01 8.558294e-01 8.370691e-01 8.131474e-01 7.842118e-01 7.504406e-01 7.120419e-01 6.692522e-01 6.223353e-01 5.715803e-01 5.173000e-01 4.598288e-01 3.995211e-01 3.367484e-01 2.718976e-01 2.053685e-01 1.375712e-01 6.892360e-02 -1.511627e-04 -6.922723e-02 -1.378787e-01 -2.056824e-01 -2.722202e-01 -3.370818e-01 -3.998672e-01 -4.601893e-01 -5.176759e-01 -5.719727e-01 -6.227446e-01 -6.696784e-01 -7.124847e-01 -7.508992e-01 -7.846851e-01 -8.136337e-01 -8.375666e-01 -8.563360e-01 -8.698261e-01 -8.779536e-01 -8.806683e-01 
8.608562e-01 8.582023e-01 8.502569e-01 8.370691e-01 8.187199e-01 7.953226e-01 7.670212e-01 7.339902e-01 6.964331e-01 6.545813e-01 6.086928e-01 5.590503e-01 5.059597e-01 4.497482e-01 3.907623e-01 3.293655e-01 2.659362e-01 2.008653e-01 1.345541e-01 6.741112e-02 -1.495942e-04 -6.771157e-02 -1.348583e-01 -2.011757e-01 -2.662550e-01 -3.296948e-01 -3.911040e-01 -4.501038e-01 -5.063304e-01 -5.594369e-01 -6.090959e-01 -6.550008e-01 -6.968687e-01 -7.344412e-01 -7.674864e-01 -7.958005e-01 -8.192087e-01 -8.375666e-01 -8.507609e-01 -8.587103e-01 -8.613655e-01 
8.362549e-01 8.336768e-01 8.259584e-01 8.131474e-01 7.953226e-01 7.725938e-01 7.451011e-01 7.130140e-01 6.765301e-01 6.358742e-01 5.912969e-01 5.430729e-01 4.914994e-01 4.368942e-01 3.795938e-01 3.199514e-01 2.583346e-01 1.951232e-01 1.307068e-01 6.548247e-02 -1.476450e-04 -6.577898e-02 -1.310069e-01 -1.954293e-01 -2.586488e-01 -3.202758e-01 -3.799301e-01 -4.372439e-01 -4.918636e-01 -5.434525e-01 -5.916923e-01 -6.362854e-01 -6.769568e-01 -7.134555e-01 -7.455563e-01 -7.730612e-01 -7.958005e-01 -8.136337e-01 -8.264510e-01 -8.341731e-01 -8.367525e-01 
8.064971e-01 8.040108e-01 7.965670e-01 7.842118e-01 7.670212e-01 7.451011e-01 7.185867e-01 6.876412e-01 6.524554e-01 6.132461e-01 5.702549e-01 5.237468e-01 4.740083e-01 4.213460e-01 3.660844e-01 3.085641e-01 2.491397e-01 1.881774e-01 1.260531e-01 6.314953e-02 -1.453632e-04 -6.344143e-02 -1.263484e-01 -1.884785e-01 -2.494486e-01 -3.088827e-01 -3.664143e-01 -4.216887e-01 -4.743649e-01 -5.241181e-01 -5.706413e-01 -6.136477e-01 -6.528718e-01 -6.880717e-01 -7.190302e-01 -7.455563e-01 -7.674864e-01 -7.846850e-01 -7.970462e-01 -8.044935e-01 -8.069811e-01 
7.717663e-01 7.693870e-01 7.622638e-01 7.504406e-01 7.339902e-01 7.130140e-01 6.876412e-01 6.580282e-01 6.243575e-01 5.868365e-01 5.456965e-01 5.011909e-01 4.535941e-01 4.031994e-01 3.503173e-01 2.952738e-01 2.384082e-01 1.800709e-01 1.206216e-01 6.042663e-02 -1.428053e-04 -6.071335e-02 -1.209116e-01 -1.803663e-01 -2.387110e-01 -2.955858e-01 -3.506401e-01 -4.035343e-01 -4.539422e-01 -5.015530e-01 -5.460728e-01 -5.872272e-01 -6.247622e-01 -6.584463e-01 -6.880717e-01 -7.134555e-01 -7.344412e-01 -7.508992e-01 -7.627280e-01 -7.698546e-01 -7.722351e-01 
7.322765e-01 7.300189e-01 7.232602e-01 7.120419e-01 6.964331e-01 6.765301e-01 6.524554e-01 6.243575e-01 5.924094e-01 5.568081e-01 5.177728e-01 4.755443e-01 4.303826e-01 3.825662e-01 3.323897e-01 2.801624e-01 2.262061e-01 1.708535e-01 1.144457e-01 5.733051e-02 -1.400343e-04 -5.761163e-02 -1.147299e-01 -1.711428e-01 -2.265024e-01 -2.804673e-01 -3.327048e-01 -3.828927e-01 -4.307216e-01 -4.758963e-01 -5.181384e-01 -5.571871e-01 -5.928016e-01 -6.247622e-01 -6.528718e-01 -6.769568e-01 -6.968687e-01 -7.124846e-01 -7.237082e-01 -7.304702e-01 -7.327288e-01 
6.882710e-01 6.861491e-01 6.797965e-01 6.692522e-01 6.545813e-01 6.358742e-01 6.132461e-01 5.868365e-01 5.568081e-01 5.233459e-01 4.866562e-01 4.469650e-01 4.045169e-01 3.595736e-01 3.124120e-01 2.633228e-01 2.126086e-01 1.605820e-01 1.075636e-01 5.388021e-02 -1.371187e-04 -5.415543e-02 -1.078417e-01 -1.608649e-01 -2.128980e-01 -2.636204e-01 -3.127190e-01 -3.598913e-01 -4.048462e-01 -4.473065e-01 -4.870102e-01 -5.237126e-01 -5.571871e-01 -5.872272e-01 -6.136477e-01 -6.362854e-01 -6.550008e-01 -6.696784e-01 -6.802275e-01 -6.865832e-01 -6.887061e-01 
6.400210e-01 6.380479e-01 6.321405e-01 6.223353e-01 6.086928e-01 5.912969e-01 5.702549e-01 5.456965e-01 5.177728e-01 4.866562e-01 4.525381e-01 4.156290e-01 3.761563e-01 3.343633e-01 2.905074e-01 2.448591e-01 1.976996e-01 1.493196e-01 1.000175e-01 5.009695e-02 -1.341304e-04 -5.036612e-02 -1.002893e-01 -1.495959e-01 -1.979819e-01 -2.451489e-01 -2.908061e-01 -3.346719e-01 -3.764757e-01 -4.159598e-01 -4.528805e-01 -4.870102e-01 -5.181383e-01 -5.460728e-01 -5.706413e-01 -5.916923e-01 -6.090958e-01 -6.227445e-01 -6.325542e-01 -6.384644e-01 -6.404385e-01 
5.878239e-01 5.860116e-01 5.805859e-01 5.715803e-01 5.590503e-01 5.430729e-01 5.237468e-01 5.011909e-01 4.755443e-01 4.469650e-01 4.156290e-01 3.817296e-01 3.454757e-01 3.070905e-01 2.668108e-01 2.248847e-01 1.815708e-01 1.371358e-01 9.185387e-02 4.600399e-02 -1.311428e-04 -4.626712e-02 -9.211949e-02 -1.374056e-01 -1.818461e-01 -2.251670e-01 -2.671012e-01 -3.073901e-01 -3.457852e-01 -3.820496e-01 -4.159598e-01 -4.473065e-01 -4.758963e-01 -5.015529e-01 -5.241181e-01 -5.434525e-01 -5.594369e-01 -5.719727e-01 -5.809824e-01 -5.864106e-01 -5.882238e-01 
5.320012e-01 5.303610e-01 5.254505e-01 5.173000e-01 5.059597e-01 4.914994e-01 4.740083e-01 4.535941e-01 4.303826e-01 4.045169e-01 3.761563e-01 3.454757e-01 3.126640e-01 2.779235e-01 2.414682e-01 2.035230e-01 1.643216e-01 1.241057e-01 8.312309e-02 4.162652e-02 -1.282295e-04 -4.188376e-02 -8.338262e-02 -1.243689e-01 -1.645900e-01 -2.037978e-01 -2.417506e-01 -2.782142e-01 -3.129639e-01 -3.457852e-01 -3.764757e-01 -4.048462e-01 -4.307216e-01 -4.539422e-01 -4.743649e-01 -4.918636e-01 -5.063303e-01 -5.176759e-01 -5.258302e-01 -5.307431e-01 -5.323840e-01 
4.728970e-01 4.714390e-01 4.670740e-01 4.598288e-01 4.497482e-01 4.368942e-01 4.213460e-01 4.031994e-01 3.825662e-01 3.595736e-01 3.343633e-01 3.070905e-01 2.779235e-01 2.470418e-01 2.146359e-01 1.809054e-01 1.460583e-01 1.103093e-01 7.387888e-02 3.699148e-02 -1.254620e-04 -3.724311e-02 -7.413262e-02 -1.105665e-01 -1.463202e-01 -1.811732e-01 -2.149105e-01 -2.473242e-01 -2.782142e-01 -3.073901e-01 -3.346719e-01 -3.598913e-01 -3.828927e-01 -4.035343e-01 -4.216887e-01 -4.372438e-01 -4.501038e-01 -4.601892e-01 -4.674379e-01 -4.718050e-01 -4.732637e-01 
4.108757e-01 4.096088e-01 4.058162e-01 3.995211e-01 3.907623e-01 3.795938e-01 3.660844e-01 3.503173e-01 3.323897e-01 3.124120e-01 2.905074e-01 2.668108e-01 2.414682e-01 2.146359e-01 1.864791e-01 1.571714e-01 1.268935e-01 9.583193e-02 6.417818e-02 3.212737e-02 -1.229082e-04 -3.237384e-02 -6.442658e-02 -9.608350e-02 -1.271494e-01 -1.574327e-01 -1.867467e-01 -2.149105e-01 -2.417506e-01 -2.671012e-01 -2.908061e-01 -3.127190e-01 -3.327048e-01 -3.506401e-01 -3.664143e-01 -3.799300e-01 -3.911040e-01 -3.998671e-01 -4.061654e-01 -4.099600e-01 -4.112275e-01 
3.463193e-01 3.452515e-01 3.420546e-01 3.367484e-01 3.293655e-01 3.199514e-01 3.085641e-01 2.952738e-01 2.801624e-01 2.633228e-01 2.448591e-01 2.248847e-01 2.035230e-01 1.809054e-01 1.571714e-01 1.324673e-01 1.069452e-01 8.076260e-02 5.408075e-02 2.706415e-02 -1.206309e-04 -2.730601e-02 -5.432438e-02 -8.100915e-02 -1.071958e-01 -1.327228e-01 -1.574327e-01 -1.811732e-01 -2.037978e-01 -2.251670e-01 -2.451489e-01 -2.636203e-01 -2.804673e-01 -2.955858e-01 -3.088826e-01 -3.202757e-01 -3.296948e-01 -3.370817e-01 -3.423909e-01 -3.455895e-01 -3.466579e-01 
2.796258e-01 2.787636e-01 2.761822e-01 2.718976e-01 2.659362e-01 2.583346e-01 2.491397e-01 2.384082e-01 2.262061e-01 2.126086e-01 1.976996e-01 1.815708e-01 1.643216e-01 1.460583e-01 1.268935e-01 1.069452e-01 8.633648e-02 6.519423e-02 4.364880e-02 2.183300e-02 -1.186857e-04 -2.207092e-02 -4.388836e-02 -6.543649e-02 -8.658242e-02 -1.071958e-01 -1.271494e-01 -1.463202e-01 -1.645900e-01 -1.818460e-01 -1.979819e-01 -2.128980e-01 -2.265023e-01 -2.387109e-01 -2.494485e-01 -2.586488e-01 -2.662549e-01 -2.722201e-01 -2.765074e-01 -2.790904e-01 -2.799532e-01 
2.112063e-01 2.105550e-01 2.086051e-01 2.053685e-01 2.008653e-01 1.951232e-01 1.881774e-01 1.800709e-01 1.708535e-01 1.605820e-01 1.493196e-01 1.371358e-01 1.241057e-01 1.103093e-01 9.583193e-02 8.076260e-02 6.519423e-02 4.922275e-02 3.294661e-02 1.646612e-02 -1.171202e-04 -1.670088e-02 -3.318290e-02 -4.946156e-02 -6.543648e-02 -8.100914e-02 -9.608347e-02 -1.105665e-01 -1.243689e-01 -1.374055e-01 -1.495959e-01 -1.608648e-01 -1.711427e-01 -1.803663e-01 -1.884784e-01 -1.954292e-01 -2.011757e-01 -2.056823e-01 -2.089214e-01 -2.108729e-01 -2.115247e-01 
1.414826e-01 1.410462e-01 1.397397e-01 1.375712e-01 1.345541e-01 1.307068e-01 1.260531e-01 1.206216e-01 1.144457e-01 1.075636e-01 1.000175e-01 9.185387e-02 8.312309e-02 7.387888e-02 6.417818e-02 5.408075e-02 4.364880e-02 3.294661e-02 2.204013e-02 1.099657e-02 -1.159728e-04 -1.122901e-02 -2.227402e-02 -3.318289e-02 -4.388835e-02 -5.432436e-02 -6.442655e-02 -7.413258e-02 -8.338257e-02 -9.211944e-02 -1.002893e-01 -1.078416e-01 -1.147299e-01 -1.209115e-01 -1.263483e-01 -1.310068e-01 -1.348582e-01 -1.378787e-01 -1.400495e-01 -1.413575e-01 -1.417943e-01 
7.088429e-02 7.066554e-02 7.001064e-02 6.892360e-02 6.741112e-02 6.548247e-02 6.314953e-02 6.042663e-02 5.733051e-02 5.388021e-02 5.009695e-02 4.600399e-02 4.162652e-02 3.699148e-02 3.212737e-02 2.706415e-02 2.183300e-02 1.646612e-02 1.099657e-02 5.458067e-03 -1.152714e-04 -5.689084e-03 -1.122900e-02 -1.670086e-02 -2.207090e-02 -2.730598e-02 -3.237380e-02 -3.724306e-02 -4.188371e-02 -4.626706e-02 -5.036606e-02 -5.415536e-02 -5.761155e-02 -6.071327e-02 -6.344135e-02 -6.577890e-02 -6.771148e-02 -6.922714e-02 -7.031650e-02 -7.097282e-02 -7.119205e-02 
-1.532481e-04 -1.530125e-04 -1.523116e-04 -1.511627e-04 -1.495942e-04 -1.476450e-04 -1.453632e-04 -1.428053e-04 -1.400343e-04 -1.371187e-04 -1.341304e-04 -1.311428e-04 -1.282295e-04 -1.254620e-04 -1.229082e-04 -1.206309e-04 -1.186857e-04 -1.171202e-04 -1.159728e-04 -1.152714e-04 -1.150332e-04 -1.152639e-04 -1.159578e-04 -1.170978e-04 -1.186560e-04 -1.205942e-04 -1.228647e-04 -1.254118e-04 -1.281731e-04 -1.310805e-04 -1.340625e-04 -1.370458e-04 -1.399566e-04 -1.427234e-04 -1.452776e-04 -1.475562e-04 -1.495028e-04 -1.510692e-04 -1.522167e-04 -1.529167e-04 -1.531522e-04 
-7.119214e-02 -7.097291e-02 -7.031659e-02 -6.922723e-02 -6.771157e-02 -6.577898e-02 -6.344143e-02 -6.071335e-02 -5.761163e-02 -5.415543e-02 -5.036612e-02 -4.626712e-02 -4.188376e-02 -3.724311e-02 -3.237384e-02 -2.730601e-02 -2.207092e-02 -1.670088e-02 -1.122901e-02 -5.689084e-03 -1.152639e-04 5.458082e-03 1.099660e-02 1.646615e-02 2.183303e-02 2.706420e-02 3.212742e-02 3.699153e-02 4.162659e-02 4.600406e-02 5.009703e-02 5.388029e-02 5.733060e-02 6.042672e-02 6.314962e-02 6.548257e-02 6.741121e-02 6.892370e-02 7.001074e-02 7.066565e-02 7.088440e-02 
-1.417944e-01 -1.413575e-01 -1.400496e-01 -1.378787e-01 -1.348583e-01 -1.310069e-01 -1.263484e-01 -1.209116e-01 -1.147299e-01 -1.078417e-01 -1.002893e-01 -9.211949e-02 -8.338262e-02 -7.413262e-02 -6.442658e-02 -5.432438e-02 -4.388836e-02 -3.318290e-02 -2.227402e-02 -1.122900e-02 -1.159578e-04 1.099660e-02 2.204016e-02 3.294664e-02 4.364884e-02 5.408080e-02 6.417824e-02 7.387894e-02 8.312316e-02 9.185395e-02 1.000175e-01 1.075636e-01 1.144458e-01 1.206217e-01 1.260532e-01 1.307069e-01 1.345542e-01 1.375713e-01 1.397398e-01 1.410463e-01 1.414827e-01 
-2.115248e-01 -2.108730e-01 -2.089215e-01 -2.056824e-01 -2.011757e-01 -1.954293e-01 -1.884785e-01 -1.803663e-01 -1.711428e-01 -1.608649e-01 -1.495959e-01 -1.374056e-01 -1.243689e-01 -1.105665e-01 -9.608350e-02 -8.100915e-02 -6.543649e-02 -4.946156e-02 -3.318289e-02 -1.670086e-02 -1.170978e-04 1.646615e-02 3.294664e-02 4.922279e-02 6.519428e-02 8.076266e-02 9.583199e-02 1.103094e-01 1.241057e-01 1.371359e-01 1.493197e-01 1.605821e-01 1.708536e-01 1.800710e-01 1.881775e-01 1.951233e-01 2.008654e-01 2.053686e-01 2.086052e-01 2.105551e-01 2.112064e-01 
-2.799533e-01 -2.790905e-01 -2.765075e-01 -2.722202e-01 -2.662550e-01 -2.586488e-01 -2.494486e-01 -2.387110e-01 -2.265024e-01 -2.128980e-01 -1.979819e-01 -1.818461e-01 -1.645900e-01 -1.463202e-01 -1.271494e-01 -1.071958e-01 -8.658242e-02 -6.543648e-02 -4.388835e-02 -2.207090e-02 -1.186560e-04 2.183303e-02 4.364884e-02 6.519428e-02 8.633654e-02 1.069453e-01 1.268936e-01 1.460584e-01 1.643217e-01 1.815709e-01 1.976997e-01 2.126087e-01 2.262062e-01 2.384083e-01 2.491398e-01 2.583347e-01 2.659363e-01 2.718977e-01 2.761823e-01 2.787637e-01 2.796259e-01 
-3.466580e-01 -3.455896e-01 -3.423909e-01 -3.370818e-01 -3.296948e-01 -3.202758e-01 -3.088827e-01 -2.955858e-01 -2.804673e-01 -2.636204e-01 -2.451489e-01 -2.251670e-01 -2.037978e-01 -1.811732e-01 -1.574327e-01 -1.327228e-01 -1.071958e-01 -8.100914e-02 -5.432436e-02 -2.730598e-02 -1.205942e-04 2.706420e-02 5.408080e-02 8.076266e-02 1.069453e-01 1.324674e-01 1.571715e-01 1.809055e-01 2.035231e-01 2.248848e-01 2.448592e-01 2.633230e-01 2.801625e-01 2.952739e-01 3.085642e-01 3.199515e-01 3.293656e-01 3.367485e-01 3.420547e-01 3.452516e-01 3.463194e-01 
-4.112276e-01 -4.099601e-01 -4.061655e-01 -3.998672e-01 -3.911040e-01 -3.799301e-01 -3.664143e-01 -3.506401e-01 -3.327048e-01 -3.127190e-01 -2.908061e-01 -2.671012e-01 -2.417506e-01 -2.149105e-01 -1.867467e-01 -1.574327e-01 -1.271494e-01 -9.608347e-02 -6.442655e-02 -3.237380e-02 -1.228647e-04 3.212742e-02 6.417824e-02 9.583199e-02 1.268936e-01 1.571715e-01 1.864792e-01 2.146360e-01 2.414683e-01 2.668109e-01 2.905075e-01 3.124121e-01 3.323898e-01 3.503174e-01 3.660845e-01 3.795939e-01 3.907624e-01 3.995212e-01 4.058163e-01 4.096090e-01 4.108758e-01 
-4.732638e-01 -4.718051e-01 -4.674379e-01 -4.601893e-01 -4.501038e-01 -4.372439e-01 -4.216887e-01 -4.035343e-01 -3.828927e-01 -3.598913e-01 -3.346719e-01 -3.073901e-01 -2.782142e-01 -2.473242e-01 -2.149105e-01 -1.811732e-01 -1.463202e-01 -1.105665e-01 -7.413258e-02 -3.724306e-02 -1.254118e-04 3.699153e-02 7.387894e-02 1.103094e-01 1.460584e-01 1.809055e-01 2.146360e-01 2.470419e-01 2.779236e-01 3.070906e-01 3.343634e-01 3.595737e-01 3.825663e-01 4.031995e-01 4.213461e-01 4.368943e-01 4.497483e-01 4.598290e-01 4.670741e-01 4.714392e-01 4.728972e-01 
-5.323841e-01 -5.307431e-01 -5.258303e-01 -5.176759e-01 -5.063304e-01 -4.918636e-01 -4.743649e-01 -4.539422e-01 -4.307216e-01 -4.048462e-01 -3.764757e-01 -3.457852e-01 -3.129639e-01 -2.782142e-01 -2.417506e-01 -2.037978e-01 -1.645900e-01 -1.243689e-01 -8.338257e-02 -4.188371e-02 -1.281731e-04 4.162659e-02 8.312316e-02 1.241057e-01 1.643217e-01 2.035231e-01 2.414683e-01 2.779236e-01 3.126641e-01 3.454758e-01 3.761564e-01 4.045170e-01 4.303827e-01 4.535942e-01 4.740084e-01 4.914995e-01 5.059598e-01 5.173001e-01 5.254506e-01 5.303611e-01 5.320013e-01 
-5.882238e-01 -5.864107e-01 -5.809825e-01 -5.719727e-01 -5.594369e-01 -5.434525e-01 -5.241181e-01 -5.015530e-01 -4.758963e-01 -4.473065e-01 -4.159598e-01 -3.820496e-01 -3.457852e-01 -3.073901e-01 -2.671012e-01 -2.251670e-01 -1.818460e-01 -1.374055e-01 -9.211944e-02 -4.626706e-02 -1.310805e-04 4.600406e-02 9.185395e-02 1.371359e-01 1.815709e-01 2.248848e-01 2.668109e-01 3.070906e-01 3.454758e-01 3.817298e-01 4.156292e-01 4.469651e-01 4.755444e-01 5.011910e-01 5.237469e-01 5.430730e-01 5.590504e-01 5.715805e-01 5.805861e-01 5.860117e-01 5.878240e-01 
-6.404385e-01 -6.384644e-01 -6.325543e-01 -6.227446e-01 -6.090959e-01 -5.916923e-01 -5.706413e-01 -5.460728e-01 -5.181384e-01 -4.870102e-01 -4.528805e-01 -4.159598e-01 -3.764757e-01 -3.346719e-01 -2.908061e-01 -2.451489e-01 -1.979819e-01 -1.495959e-01 -1.002893e-01 -5.036606e-02 -1.340625e-04 5.009703e-02 1.000175e-01 1.493197e-01 1.976997e-01 2.448592e-01 2.905075e-01 3.343634e-01 3.761564e-01 4.156292e-01 4.525383e-01 4.866563e-01 5.177730e-01 5.456966e-01 5.702550e-01 5.912970e-01 6.086929e-01 6.223355e-01 6.321406e-01 6.380480e-01 6.400212e-01 
-6.887061e-01 -6.865832e-01 -6.802276e-01 -6.696784e-01 -6.550008e-01 -6.362854e-01 -6.136477e-01 -5.872272e-01 -5.571871e-01 -5.237126e-01 -4.870102e-01 -4.473065e-01 -4.048462e-01 -3.598913e-01 -3.127190e-01 -2.636203e-01 -2.128980e-01 -1.608648e-01 -1.078416e-01 -5.415536e-02 -1.370458e-04 5.388029e-02 1.075636e-01 1.605821e-01 2.126087e-01 2.633230e-01 3.124121e-01 3.595737e-01 4.045170e-01 4.469651e-01 4.866563e-01 5.233460e-01 5.568082e-01 5.868366e-01 6.132462e-01 6.358743e-01 6.545815e-01 6.692523e-01 6.797966e-01 6.861493e-01 6.882712e-01 
-7.327288e-01 -7.304702e-01 -7.237082e-01 -7.124847e-01 -6.968687e-01 -6.769568e-01 -6.528718e-01 -6.247622e-01 -5.928016e-01 -5.571871e-01 -5.181383e-01 -4.758963e-01 -4.307216e-01 -3.828927e-01 -3.327048e-01 -2.804673e-01 -2.265023e-01 -1.711427e-01 -1.147299e-01 -5.761155e-02 -1.399566e-04 5.733060e-02 1.144458e-01 1.708536e-01 2.262062e-01 2.801625e-01 3.323898e-01 3.825663e-01 4.303827e-01 4.755444e-01 5.177730e-01 5.568082e-01 5.924095e-01 6.243576e-01 6.524555e-01 6.765302e-01 6.964332e-01 7.120420e-01 7.232603e-01 7.300191e-01 7.322766e-01 
-7.722351e-01 -7.698546e-01 -7.627280e-01 -7.508992e-01 -7.344412e-01 -7.134555e-01 -6.880717e-01 -6.584463e-01 -6.247622e-01 -5.872272e-01 -5.460728e-01 -5.015529e-01 -4.539422e-01 -4.035343e-01 -3.506401e-01 -2.955858e-01 -2.387109e-01 -1.803663e-01 -1.209115e-01 -6.071327e-02 -1.427234e-04 6.042672e-02 1.206217e-01 1.800710e-01 2.384083e-01 2.952739e-01 3.503174e-01 4.031995e-01 4.535942e-01 5.011910e-01 5.456966e-01 5.868366e-01 6.243576e-01 6.580283e-01 6.876413e-01 7.130141e-01 7.339903e-01 7.504407e-01 7.622640e-01 7.693872e-01 7.717664e-01 
-8.069811e-01 -8.044935e-01 -7.970462e-01 -7.846851e-01 -7.674864e-01 -7.455563e-01 -7.190302e-01 -6.880717e-01 -6.528718e-01 -6.136477e-01 -5.706413e-01 -5.241181e-01 -4.743649e-01 -4.216887e-01 -3.664143e-01 -3.088826e-01 -2.494485e-01 -1.884784e-01 -1.263483e-01 -6.344135e-02 -1.452776e-04 6.314962e-02 1.260532e-01 1.881775e-01 2.491398e-01 3.085642e-01 3.660845e-01 4.213461e-01 4.740084e-01 5.237469e-01 5.702550e-01 6.132462e-01 6.524555e-01 6.876413e-01 7.185868e-01 7.451013e-01 7.670213e-01 7.842119e-01 7.965672e-01 8.040109e-01 8.064972e-01 
-8.367525e-01 -8.341731e-01 -8.264510e-01 -8.136337e-01 -7.958005e-01 -7.730612e-01 -7.455563e-01 -7.134555e-01 -6.769568e-01 -6.362854e-01 -5.916923e-01 -5.434525e-01 -4.918636e-01 -4.372438e-01 -3.799300e-01 -3.202757e-01 -2.586488e-01 -1.954292e-01 -1.310068e-01 -6.577890e-02 -1.475562e-04 6.548257e-02 1.307069e-01 1.951233e-01 2.583347e-01 3.199515e-01 3.795939e-01 4.368943e-01 4.914995e-01 5.430730e-01 5.912970e-01 6.358743e-01 6.765302e-01 7.130141e-01 7.451013e-01 7.725939e-01 7.953227e-01 8.131475e-01 8.259586e-01 8.336769e-01 8.362550e-01 
-8.613655e-01 -8.587103e-01 -8.507610e-01 -8.375666e-01 -8.192087e-01 -7.958005e-01 -7.674864e-01 -7.344412e-01 -6.968687e-01 -6.550008e-01 -6.090958e-01 -5.594369e-01 -5.063303e-01 -4.501038e-01 -3.911040e-01 -3.296948e-01 -2.662549e-01 -2.011757e-01 -1.348582e-01 -6.771148e-02 -1.495028e-04 6.741121e-02 1.345542e-01 2.008654e-01 2.659363e-01 3.293656e-01 3.907624e-01 4.497483e-01 5.059598e-01 5.590504e-01 6.086929e-01 6.545815e-01 6.964332e-01 7.339903e-01 7.670213e-01 7.953227e-01 8.187200e-01 8.370692e-01 8.502571e-01 8.582025e-01 8.608564e-01 
-8.806683e-01 -8.779536e-01 -8.698261e-01 -8.563360e-01 -8.375666e-01 -8.136337e-01 -7.846850e-01 -7.508992e-01 -7.124846e-01 -6.696784e-01 -6.227445e-01 -5.719727e-01 -5.176759e-01 -4.601892e-01 -3.998671e-01 -3.370817e-01 -2.722201e-01 -2.056823e-01 -1.378787e-01 -6.922714e-02 -1.510692e-04 6.892370e-02 1.375713e-01 2.053686e-01 2.718977e-01 3.367485e-01 3.995212e-01 4.598290e-01 5.173001e-01 5.715805e-01 6.223355e-01 6.692523e-01 7.120420e-01 7.504407e-01 7.842119e-01 8.131475e-01 8.370692e-01 8.558295e-01 8.693130e-01 8.774364e-01 8.801498e-01 
-8.945417e-01 -8.917842e-01 -8.835287e-01 -8.698261e-01 -8.507609e-01 -8.264510e-01 -7.970462e-01 -7.627280e-01 -7.237082e-01 -6.802275e-01 -6.325542e-01 -5.809824e-01 -5.258302e-01 -4.674379e-01 -4.061654e-01 -3.423909e-01 -2.765074e-01 -2.089214e-01 -1.400495e-01 -7.031650e-02 -1.522167e-04 7.001074e-02 1.397398e-01 2.086052e-01 2.761823e-01 3.420547e-01 4.058163e-01 4.670741e-01 5.254506e-01 5.805861e-01 6.321406e-01 6.797966e-01 7.232603e-01 7.622640e-01 7.965672e-01 8.259586e-01 8.502571e-01 8.693130e-01 8.830088e-01 8.912602e-01 8.940163e-01 
-9.029002e-01 -9.001169e-01 -8.917842e-01 -8.779536e-01 -8.587103e-01 -8.341731e-01 -8.044935e-01 -7.698546e-01 -7.304702e-01 -6.865832e-01 -6.384644e-01 -5.864106e-01 -5.307431e-01 -4.718050e-01 -4.099600e-01 -3.455895e-01 -2.790904e-01 -2.108729e-01 -1.413575e-01 -7.097282e-02 -1.529167e-04 7.066565e-02 1.410463e-01 2.105551e-01 2.787637e-01 3.452516e-01 4.096090e-01 4.714392e-01 5.303611e-01 5.860117e-01 6.380480e-01 6.861493e-01 7.300191e-01 7.693872e-01 8.040109e-01 8.336769e-01 8.582025e-01 8.774364e-01 8.912602e-01 8.995887e-01 9.023706e-01 
-9.056921e-01 -9.029002e-01 -8.945417e-01 -8.806683e-01 -8.613655e-01 -8.367525e-01 -8.069811e-01 -7.722351e-01 -7.327288e-01 -6.887061e-01 -6.404385e-01 -5.882238e-01 -5.323840e-01 -4.732637e-01 -4.112275e-01 -3.466579e-01 -2.799532e-01 -2.115247e-01 -1.417943e-01 -7.119205e-02 -1.531522e-04 7.088440e-02 1.414827e-01 2.112064e-01 2.796259e-01 3.463194e-01 4.108758e-01 4.728972e-01 5.320013e-01 5.878240e-01 6.400212e-01 6.882712e-01 7.322766e-01 7.717664e-01 8.064972e-01 8.362550e-01 8.608564e-01 8.801498e-01 8.940163e-01 9.023706e-01 9.051611e-01 
