9.045301e-01 9.038220e-01 9.016990e-01 8.981643e-01 8.932236e-01 8.868845e-01 8.791570e-01 8.700532e-01 8.595875e-01 8.477762e-01 8.346379e-01 8.201933e-01 8.044649e-01 7.874775e-01 7.692578e-01 7.498344e-01 7.292377e-01 7.075001e-01 6.846558e-01 6.607405e-01 6.357919e-01 6.098491e-01 5.829529e-01 5.551455e-01 5.264706e-01 4.969732e-01 4.666997e-01 4.356976e-01 4.040156e-01 3.717036e-01 3.388122e-01 3.053932e-01 2.714991e-01 2.371832e-01 2.024995e-01 1.675024e-01 1.322470e-01 9.678875e-02 6.118348e-02 2.548719e-02 -1.024394e-02 -4.595366e-02 -8.158573e-02 -1.170840e-01 -1.523926e-01 -1.874558e-01 -2.222184e-01 -2.566255e-01 -2.906227e-01 -3.241565e-01 -3.571739e-01 -3.896225e-01 -4.214512e-01 -4.526095e-01 -4.830481e-01 -5.127186e-01 -5.415740e-01 -5.695685e-01 -5.966574e-01 -6.227976e-01 -6.479474e-01 -6.720666e-01 -6.951166e-01 -7.170603e-01 -7.378623e-01 -7.574892e-01 -7.759090e-01 -7.930918e-01 -8.090096e-01 -8.236362e-01 -8.369476e-01 -8.489215e-01 -8.595378e-01 -8.687783e-01 -8.766266e-01 -8.830677e-01 -8.880887e-01 -8.916805e-01 -8.938432e-01 -8.946015e-01 
9.038220e-01 9.031145e-01 9.009932e-01 8.974613e-01 8.925244e-01 8.861902e-01 8.784688e-01 8.693721e-01 8.589146e-01 8.471126e-01 8.339846e-01 8.195512e-01 8.038352e-01 7.868611e-01 7.686557e-01 7.492474e-01 7.286669e-01 7.069463e-01 6.841198e-01 6.602233e-01 6.352942e-01 6.093717e-01 5.824966e-01 5.547109e-01 5.260585e-01 4.965842e-01 4.663343e-01 4.353565e-01 4.036993e-01 3.714126e-01 3.385469e-01 3.051541e-01 2.712865e-01 2.369975e-01 2.023409e-01 1.673712e-01 1.321434e-01 9.671292e-02 6.113551e-02 2.546716e-02 -1.023600e-02 -4.591777e-02 -8.152194e-02 -1.169925e-01 -1.522734e-01 -1.873092e-01 -2.220445e-01 -2.564247e-01 -2.903953e-01 -3.239029e-01 -3.568943e-01 -3.893176e-01 -4.211214e-01 -4.522553e-01 -4.826700e-01 -5.123173e-01 -5.411501e-01 -5.691227e-01 -5.961904e-01 -6.223101e-01 -6.474402e-01 -6.715405e-01 -6.945724e-01 -7.164989e-01 -7.372847e-01 -7.568961e-01 -7.753015e-01 -7.924709e-01 -8.083762e-01 -8.229914e-01 -8.362923e-01 -8.482568e-01 -8.588648e-01 -8.680981e-01 -8.759402e-01 -8.823762e-01 -8.873933e-01 -8.909823e-01 -8.931433e-01 -8.939010e-01 
9.016990e-01 9.009932e-01 8.988768e-01 8.953532e-01 8.904279e-01 8.841086e-01 8.764053e-01 8.673300e-01 8.568971e-01 8.451227e-01 8.320256e-01 8.176261e-01 8.019470e-01 7.850128e-01 7.668501e-01 7.474874e-01 7.269552e-01 7.052857e-01 6.825128e-01 6.586724e-01 6.338018e-01 6.079402e-01 5.811282e-01 5.534078e-01 5.248227e-01 4.954176e-01 4.652388e-01 4.343337e-01 4.027509e-01 3.705400e-01 3.377516e-01 3.044371e-01 2.706491e-01 2.364406e-01 2.018654e-01 1.669778e-01 1.318328e-01 9.648552e-02 6.099168e-02 2.540711e-02 -1.021220e-02 -4.581015e-02 -8.133070e-02 -1.167179e-01 -1.519160e-01 -1.868694e-01 -2.215232e-01 -2.558226e-01 -2.897134e-01 -3.231423e-01 -3.560562e-01 -3.884033e-01 -4.201324e-01 -4.511931e-01 -4.815364e-01 -5.111140e-01 -5.398791e-01 -5.677859e-01 -5.947900e-01 -6.208484e-01 -6.459194e-01 -6.699631e-01 -6.929408e-01 -7.148158e-01 -7.355527e-01 -7.551180e-01 -7.734801e-01 -7.906091e-01 -8.064771e-01 -8.210578e-01 -8.343274e-01 -8.462638e-01 -8.568468e-01 -8.660584e-01 -8.738820e-01 -8.803029e-01 -8.853082e-01 -8.888888e-01 -8.910446e-01 -8.918006e-01 
8.981643e-01 8.974613e-01 8.953532e-01 8.918434e-01 8.869374e-01 8.806429e-01 8.729698e-01 8.639301e-01 8.535380e-01 8.418098e-01 8.287640e-01 8.144210e-01 7.988033e-01 7.819355e-01 7.638440e-01 7.445572e-01 7.241055e-01 7.025208e-01 6.798372e-01 6.560903e-01 6.313172e-01 6.055570e-01 5.788500e-01 5.512383e-01 5.227652e-01 4.934754e-01 4.634149e-01 4.326309e-01 4.011719e-01 3.690872e-01 3.364273e-01 3.032435e-01 2.695879e-01 2.355134e-01 2.010737e-01 1.663229e-01 1.313156e-01 9.610692e-02 6.075221e-02 2.530712e-02 -1.017256e-02 -4.563098e-02 -8.101230e-02 -1.162608e-01 -1.513209e-01 -1.861373e-01 -2.206552e-01 -2.548201e-01 -2.885781e-01 -3.218759e-01 -3.546609e-01 -3.868811e-01 -4.184858e-01 -4.494247e-01 -4.796490e-01 -5.091107e-01 -5.377630e-01 -5.655603e-01 -5.924585e-01 -6.184147e-01 -6.433874e-01 -6.673368e-01 -6.902244e-01 -7.120135e-01 -7.326690e-01 -7.521576e-01 -7.704477e-01 -7.875095e-01 -8.033151e-01 -8.178386e-01 -8.310561e-01 -8.429456e-01 -8.534871e-01 -8.626625e-01 -8.704554e-01 -8.768511e-01 -8.818367e-01 -8.854032e-01 -8.875506e-01 -8.883035e-01 
8.932236e-01 8.925244e-01 8.904279e-01 8.869374e-01 8.820584e-01 8.757985e-01 8.681676e-01 8.591776e-01 8.488427e-01 8.371790e-01 8.242050e-01 8.099408e-01 7.944091e-01 7.776340e-01 7.596420e-01 7.404613e-01 7.201221e-01 6.986562e-01 6.760973e-01 6.524810e-01 6.278442e-01 6.022256e-01 5.756656e-01 5.482057e-01 5.198892e-01 4.907605e-01 4.608653e-01 4.302507e-01 3.989647e-01 3.670565e-01 3.345762e-01 3.015749e-01 2.681045e-01 2.342174e-01 1.999672e-01 1.654075e-01 1.305927e-01 9.557771e-02 6.041747e-02 2.516735e-02 -1.011718e-02 -4.538055e-02 -8.056724e-02 -1.156218e-01 -1.504891e-01 -1.851140e-01 -2.194420e-01 -2.534190e-01 -2.869912e-01 -3.201058e-01 -3.527104e-01 -3.847534e-01 -4.161842e-01 -4.469529e-01 -4.770109e-01 -5.063104e-01 -5.348050e-01 -5.624494e-01 -5.891996e-01 -6.150129e-01 -6.398482e-01 -6.636657e-01 -6.864273e-01 -7.080965e-01 -7.286383e-01 -7.480196e-01 -7.662089e-01 -7.831768e-01 -7.988953e-01 -8.133389e-01 -8.264836e-01 -8.383076e-01 -8.487910e-01 -8.579158e-01 -8.656657e-01 -8.720262e-01 -8.769843e-01 -8.805311e-01 -8.826667e-01 -8.834154e-01 
8.868845e-01 8.861902e-01 8.841086e-01 8.806429e-01 8.757985e-01 8.695831e-01 8.620063e-01 8.530801e-01 8.428185e-01 8.312376e-01 8.183556e-01 8.041927e-01 7.887711e-01 7.721151e-01 7.542508e-01 7.352062e-01 7.150113e-01 6.936977e-01 6.712990e-01 6.478502e-01 6.233882e-01 5.979514e-01 5.715799e-01 5.443149e-01 5.161993e-01 4.872772e-01 4.575942e-01 4.271968e-01 3.961329e-01 3.644511e-01 3.322013e-01 2.994341e-01 2.662012e-01 2.325546e-01 1.985474e-01 1.642330e-01 1.296653e-01 9.489872e-02 5.998799e-02 2.498801e-02 -1.004612e-02 -4.505924e-02 -7.999623e-02 -1.148020e-01 -1.494218e-01 -1.838010e-01 -2.178854e-01 -2.516212e-01 -2.849552e-01 -3.178348e-01 -3.502079e-01 -3.820235e-01 -4.132312e-01 -4.437815e-01 -4.736261e-01 -5.027177e-01 -5.310100e-01 -5.584581e-01 -5.850183e-01 -6.106484e-01 -6.353073e-01 -6.589557e-01 -6.815557e-01 -7.030709e-01 -7.234668e-01 -7.427105e-01 -7.607706e-01 -7.776179e-01 -7.932248e-01 -8.075657e-01 -8.206170e-01 -8.323569e-01 -8.427658e-01 -8.518257e-01 -8.595206e-01 -8.658357e-01 -8.707586e-01 -8.742802e-01 -8.764006e-01 -8.771439e-01 
8.791570e-01 8.784688e-01 8.764053e-01 8.729698e-01 8.681676e-01 8.620063e-01 8.544955e-01 8.456471e-01 8.354749e-01 8.239949e-01 8.112251e-01 7.971856e-01 7.818984e-01 7.653875e-01 7.476788e-01 7.288002e-01 7.087812e-01 6.876533e-01 6.654496e-01 6.422051e-01 6.179563e-01 5.927411e-01 5.665993e-01 5.395718e-01 5.117012e-01 4.830311e-01 4.536067e-01 4.234741e-01 3.926808e-01 3.612750e-01 3.293061e-01 2.968245e-01 2.638811e-01 2.305276e-01 1.968167e-01 1.628012e-01 1.285347e-01 9.407100e-02 5.946442e-02 2.476938e-02 -9.959514e-03 -4.466758e-02 -7.930017e-02 -1.138027e-01 -1.481209e-01 -1.822005e-01 -2.159879e-01 -2.494298e-01 -2.824733e-01 -3.150664e-01 -3.471574e-01 -3.786958e-01 -4.096314e-01 -4.399155e-01 -4.695000e-01 -4.983381e-01 -5.263838e-01 -5.535926e-01 -5.799214e-01 -6.053280e-01 -6.297719e-01 -6.532142e-01 -6.756171e-01 -6.969448e-01 -7.171628e-01 -7.362386e-01 -7.541412e-01 -7.708416e-01 -7.863123e-01 -8.005281e-01 -8.134655e-01 -8.251030e-01 -8.354211e-01 -8.444019e-01 -8.520296e-01 -8.582897e-01 -8.631696e-01 -8.666604e-01 -8.687622e-01 -8.694990e-01 
8.700532e-01 8.693721e-01 8.673300e-01 8.639301e-01 8.591776e-01 8.530801e-01 8.456471e-01 8.368903e-01 8.268234e-01 8.154623e-01 8.028247e-01 7.889306e-01 7.738017e-01 7.574617e-01 7.399364e-01 7.212532e-01 7.014414e-01 6.805323e-01 6.585586e-01 6.355547e-01 6.115569e-01 5.866028e-01 5.607317e-01 5.339840e-01 5.064020e-01 4.780287e-01 4.489090e-01 4.190884e-01 3.886139e-01 3.575332e-01 3.258954e-01 2.937500e-01 2.611477e-01 2.281396e-01 1.947777e-01 1.611144e-01 1.272027e-01 9.309586e-02 5.884759e-02 2.451179e-02 -9.857507e-03 -4.420619e-02 -7.848018e-02 -1.126255e-01 -1.465883e-01 -1.803150e-01 -2.137525e-01 -2.468481e-01 -2.795495e-01 -3.118050e-01 -3.435637e-01 -3.747754e-01 -4.053907e-01 -4.353611e-01 -4.646392e-01 -4.931785e-01 -5.209337e-01 -5.478607e-01 -5.739167e-01 -5.990601e-01 -6.232508e-01 -6.464502e-01 -6.686210e-01 -6.897277e-01 -7.097362e-01 -7.286143e-01 -7.463314e-01 -7.628586e-01 -7.781690e-01 -7.922374e-01 -8.050406e-01 -8.165575e-01 -8.267685e-01 -8.356562e-01 -8.432047e-01 -8.493998e-01 -8.542291e-01 -8.576837e-01 -8.597637e-01 -8.604927e-01 
8.595875e-01 8.589146e-01 8.568971e-01 8.535380e-01 8.488427e-01 8.428185e-01 8.354749e-01 8.268234e-01 8.168776e-01 8.056531e-01 7.931676e-01 7.794405e-01 7.644936e-01 7.483501e-01 7.310356e-01 7.125771e-01 6.930037e-01 6.723460e-01 6.506365e-01 6.279094e-01 6.042002e-01 5.795462e-01 5.539862e-01 5.275603e-01 5.003099e-01 4.722780e-01 4.435084e-01 4.140465e-01 3.839385e-01 3.532317e-01 3.219744e-01 2.902156e-01 2.580054e-01 2.253943e-01 1.924337e-01 1.591753e-01 1.256714e-01 9.197480e-02 5.813846e-02 2.421564e-02 -9.740266e-03 -4.367581e-02 -7.753754e-02 -1.112721e-01 -1.448264e-01 -1.781475e-01 -2.111828e-01 -2.438802e-01 -2.761882e-01 -3.080557e-01 -3.394324e-01 -3.702686e-01 -4.005156e-01 -4.301254e-01 -4.590513e-01 -4.872472e-01 -5.146684e-01 -5.412714e-01 -5.670139e-01 -5.918547e-01 -6.157543e-01 -6.386744e-01 -6.605784e-01 -6.814310e-01 -7.011987e-01 -7.198495e-01 -7.373533e-01 -7.536815e-01 -7.688075e-01 -7.827065e-01 -7.953555e-01 -8.067336e-01 -8.168216e-01 -8.256022e-01 -8.330598e-01 -8.391802e-01 -8.439513e-01 -8.473642e-01 -8.494192e-01 -8.501393e-01 
8.477762e-01 8.471126e-01 8.451227e-01 8.418098e-01 8.371790e-01 8.312376e-01 8.239949e-01 8.154623e-01 8.056531e-01 7.945829e-01 7.822688e-01 7.687304e-01 7.539888e-01 7.380671e-01 7.209905e-01 7.027856e-01 6.834810e-01 6.631072e-01 6.416960e-01 6.192811e-01 5.958976e-01 5.715824e-01 5.463735e-01 5.203107e-01 4.934347e-01 4.657879e-01 4.374136e-01 4.083564e-01 3.786620e-01 3.483771e-01 3.175492e-01 2.862268e-01 2.544591e-01 2.222961e-01 1.897883e-01 1.569868e-01 1.239432e-01 9.070959e-02 5.733813e-02 2.388139e-02 -9.607988e-03 -4.307727e-02 -7.647375e-02 -1.097448e-01 -1.428381e-01 -1.757013e-01 -2.082827e-01 -2.405308e-01 -2.723949e-01 -3.038245e-01 -3.347700e-01 -3.651824e-01 -3.950137e-01 -4.242167e-01 -4.527450e-01 -4.805534e-01 -5.075978e-01 -5.338351e-01 -5.592237e-01 -5.837231e-01 -6.072941e-01 -6.298992e-01 -6.515020e-01 -6.720679e-01 -6.915637e-01 -7.099581e-01 -7.272211e-01 -7.433248e-01 -7.582427e-01 -7.719505e-01 -7.844255e-01 -7.956471e-01 -8.055962e-01 -8.142560e-01 -8.216109e-01 -8.276471e-01 -8.323525e-01 -8.357184e-01 -8.377450e-01 -8.384551e-01 
8.346379e-01 8.339846e-01 8.320256e-01 8.287640e-01 8.242050e-01 8.183556e-01 8.112251e-01 8.028247e-01 7.931676e-01 7.822688e-01 7.701456e-01 7.568170e-01 7.423038e-01 7.266288e-01 7.098168e-01 6.918940e-01 6.728886e-01 6.528304e-01 6.317510e-01 6.096834e-01 5.866623e-01 5.627238e-01 5.379056e-01 5.122465e-01 4.857870e-01 4.585685e-01 4.306339e-01 4.020270e-01 3.727928e-01 3.429771e-01 3.126269e-01 2.817898e-01 2.505144e-01 2.188497e-01 1.868456e-01 1.545524e-01 1.220209e-01 8.930219e-02 5.644785e-02 2.350954e-02 -9.460892e-03 -4.241154e-02 -7.529050e-02 -1.080460e-01 -1.406264e-01 -1.729804e-01 -2.050568e-01 -2.368052e-01 -2.681755e-01 -2.991180e-01 -3.295839e-01 -3.595250e-01 -3.888939e-01 -4.176442e-01 -4.457304e-01 -4.731077e-01 -4.997329e-01 -5.255635e-01 -5.505585e-01 -5.746780e-01 -5.978836e-01 -6.201382e-01 -6.414060e-01 -6.616530e-01 -6.808465e-01 -6.989556e-01 -7.159509e-01 -7.318048e-01 -7.464913e-01 -7.599864e-01 -7.722679e-01 -7.833153e-01 -7.931100e-01 -8.016354e-01 -8.088761e-01 -8.148186e-01 -8.194509e-01 -8.227646e-01 -8.247597e-01 -8.254587e-01 
8.201933e-01 8.195512e-01 8.176261e-01 8.144210e-01 8.099408e-01 8.041927e-01 7.971856e-01 7.889306e-01 7.794405e-01 7.687304e-01 7.568170e-01 7.437189e-01 7.294569e-01 7.140532e-01 6.975320e-01 6.799194e-01 6.612428e-01 6.415318e-01 6.208171e-01 5.991314e-01 5.765086e-01 5.529844e-01 5.285956e-01 5.033805e-01 4.773789e-01 4.506314e-01 4.231802e-01 3.950682e-01 3.663399e-01 3.370401e-01 3.072151e-01 2.769116e-01 2.461774e-01 2.150606e-01 1.836103e-01 1.518759e-01 1.199073e-01 8.775481e-02 5.546900e-02 2.310067e-02 -9.299225e-03 -4.167967e-02 -7.398966e-02 -1.061783e-01 -1.381949e-01 -1.699890e-01 -2.015103e-01 -2.327093e-01 -2.635366e-01 -2.939436e-01 -3.238822e-01 -3.533051e-01 -3.821658e-01 -4.104184e-01 -4.380184e-01 -4.649219e-01 -4.910861e-01 -5.164696e-01 -5.410319e-01 -5.647339e-01 -5.875377e-01 -6.094069e-01 -6.303065e-01 -6.502029e-01 -6.690641e-01 -6.868595e-01 -7.035604e-01 -7.191397e-01 -7.335718e-01 -7.468331e-01 -7.589018e-01 -7.697577e-01 -7.793828e-01 -7.877603e-01 -7.948755e-01 -8.007150e-01 -8.052670e-01 -8.085232e-01 -8.104838e-01 -8.111704e-01 
8.044649e-01 8.038352e-01 8.019470e-01 7.988033e-01 7.944091e-01 7.887711e-01 7.818984e-01 7.738017e-01 7.644936e-01 7.539888e-01 7.423038e-01 7.294569e-01 7.154683e-01 7.003599e-01 6.841556e-01 6.668806e-01 6.485622e-01 6.292290e-01 6.089115e-01 5.876416e-01 5.654526e-01 5.423794e-01 5.184582e-01 4.937266e-01 4.682235e-01 4.419889e-01 4.150639e-01 3.874910e-01 3.593135e-01 3.305755e-01 3.013223e-01 2.715999e-01 2.414549e-01 2.109348e-01 1.800875e-01 1.489615e-01 1.176059e-01 8.606987e-02 5.440310e-02 2.265540e-02 -9.123255e-03 -4.088283e-02 -7.257330e-02 -1.041447e-01 -1.355474e-01 -1.667318e-01 -1.976488e-01 -2.282495e-01 -2.584856e-01 -2.883095e-01 -3.176740e-01 -3.465327e-01 -3.748398e-01 -4.025507e-01 -4.296213e-01 -4.560088e-01 -4.816712e-01 -5.065678e-01 -5.306590e-01 -5.539063e-01 -5.762727e-01 -5.977223e-01 -6.182209e-01 -6.377356e-01 -6.562348e-01 -6.736888e-01 -6.900692e-01 -7.053495e-01 -7.195046e-01 -7.325113e-01 -7.443483e-01 -7.549959e-01 -7.644361e-01 -7.726527e-01 -7.796313e-01 -7.853586e-01 -7.898231e-01 -7.930169e-01 -7.949397e-01 -7.956129e-01 
7.874775e-01 7.868611e-01 7.850128e-01 7.819355e-01 7.776340e-01 7.721151e-01 7.653875e-01 7.574617e-01 7.483501e-01 7.380671e-01 7.266288e-01 7.140532e-01 7.003599e-01 6.855706e-01 6.697083e-01 6.527981e-01 6.348664e-01 6.159415e-01 5.960529e-01 5.752321e-01 5.535115e-01 5.309255e-01 5.075093e-01 4.832999e-01 4.583352e-01 4.326545e-01 4.062980e-01 3.793073e-01 3.517246e-01 3.235934e-01 2.949578e-01 2.658629e-01 2.363544e-01 2.064786e-01 1.762826e-01 1.458138e-01 1.151202e-01 8.425000e-02 5.325182e-02 2.217442e-02 -8.933274e-03 -4.002228e-02 -7.104365e-02 -1.019485e-01 -1.326881e-01 -1.632141e-01 -1.934782e-01 -2.234328e-01 -2.530305e-01 -2.822246e-01 -3.109690e-01 -3.392183e-01 -3.669277e-01 -3.940533e-01 -4.205523e-01 -4.463825e-01 -4.715029e-01 -4.958737e-01 -5.194560e-01 -5.422123e-01 -5.641062e-01 -5.851028e-01 -6.051684e-01 -6.242707e-01 -6.423791e-01 -6.594643e-01 -6.754986e-01 -6.904559e-01 -7.043119e-01 -7.170437e-01 -7.286305e-01 -7.390529e-01 -7.482935e-01 -7.563365e-01 -7.631674e-01 -7.687736e-01 -7.731437e-01 -7.762699e-01 -7.781521e-01 -7.788109e-01 
7.692578e-01 7.686557e-01 7.668501e-01 7.638440e-01 7.596420e-01 7.542508e-01 7.476788e-01 7.399364e-01 7.310356e-01 7.209905e-01 7.098168e-01 6.975320e-01 6.841556e-01 6.697083e-01 6.542130e-01 6.376940e-01 6.201771e-01 6.016900e-01 5.822615e-01 5.619223e-01 5.407042e-01 5.186406e-01 4.957662e-01 4.721168e-01 4.477296e-01 4.226430e-01 3.968962e-01 3.705298e-01 3.435852e-01 3.161047e-01 2.881316e-01 2.597097e-01 2.308838e-01 2.016991e-01 1.722017e-01 1.424377e-01 1.124541e-01 8.229805e-02 5.201694e-02 2.165847e-02 -8.729599e-03 -3.909941e-02 -6.940313e-02 -9.959303e-02 -1.296215e-01 -1.594413e-01 -1.890053e-01 -2.182668e-01 -2.471798e-01 -2.756985e-01 -3.037779e-01 -3.313735e-01 -3.584418e-01 -3.849398e-01 -4.108256e-01 -4.360581e-01 -4.605973e-01 -4.844041e-01 -5.074407e-01 -5.296704e-01 -5.510576e-01 -5.715682e-01 -5.911693e-01 -6.098295e-01 -6.275187e-01 -6.442084e-01 -6.598715e-01 -6.744825e-01 -6.880176e-01 -7.004547e-01 -7.117731e-01 -7.219541e-01 -7.309807e-01 -7.388373e-01 -7.455100e-01 -7.509862e-01 -7.552551e-01 -7.583089e-01 -7.601474e-01 -7.607907e-01 
7.498344e-01 7.492474e-01 7.474874e-01 7.445572e-01 7.404613e-01 7.352062e-01 7.288002e-01 7.212532e-01 7.125771e-01 7.027856e-01 6.918940e-01 6.799194e-01 6.668806e-01 6.527981e-01 6.376940e-01 6.215920e-01 6.045173e-01 5.864969e-01 5.675589e-01 5.477332e-01 5.270507e-01 5.055442e-01 4.832472e-01 4.601948e-01 4.364233e-01 4.119700e-01 3.868732e-01 3.611724e-01 3.349080e-01 3.081213e-01 2.808543e-01 2.531500e-01 2.250518e-01 1.966039e-01 1.678510e-01 1.388385e-01 1.096118e-01 8.021705e-02 5.070041e-02 2.110834e-02 -8.512567e-03 -3.811567e-02 -6.765435e-02 -9.708208e-02 -1.263525e-01 -1.554194e-01 -1.842370e-01 -2.127598e-01 -2.409427e-01 -2.687414e-01 -2.961118e-01 -3.230107e-01 -3.493955e-01 -3.752245e-01 -4.004567e-01 -4.250520e-01 -4.489715e-01 -4.721772e-01 -4.946320e-01 -5.163002e-01 -5.371473e-01 -5.571399e-01 -5.762460e-01 -5.944348e-01 -6.116772e-01 -6.279452e-01 -6.432126e-01 -6.574545e-01 -6.706476e-01 -6.827703e-01 -6.938027e-01 -7.037264e-01 -7.125248e-01 -7.201828e-01 -7.266868e-01 -7.320246e-01 -7.361855e-01 -7.391621e-01 -7.409541e-01 -7.415808e-01 
7.292377e-01 7.286669e-01 7.269552e-01 7.241055e-01 7.201221e-01 7.150113e-01 7.087812e-01 7.014414e-01 6.930037e-01 6.834810e-01 6.728886e-01 6.612428e-01 6.485622e-01 6.348664e-01 6.201771e-01 6.045173e-01 5.879116e-01 5.703861e-01 5.519682e-01 5.326869e-01 5.125726e-01 4.916566e-01 4.699720e-01 4.475527e-01 4.244340e-01 4.006523e-01 3.762447e-01 3.512498e-01 3.257067e-01 2.996556e-01 2.731375e-01 2.461939e-01 2.188674e-01 1.912008e-01 1.632376e-01 1.350218e-01 1.065978e-01 7.801028e-02 4.930425e-02 2.052488e-02 -8.282538e-03 -3.707264e-02 -6.580008e-02 -9.441960e-02 -1.228861e-01 -1.511547e-01 -1.791808e-01 -2.069203e-01 -2.343292e-01 -2.613643e-01 -2.879830e-01 -3.141431e-01 -3.398032e-01 -3.649227e-01 -3.894618e-01 -4.133815e-01 -4.366439e-01 -4.592121e-01 -4.810501e-01 -5.021230e-01 -5.223974e-01 -5.418406e-01 -5.604217e-01 -5.781108e-01 -5.948794e-01 -6.107004e-01 -6.255482e-01 -6.393986e-01 -6.522291e-01 -6.640186e-01 -6.747477e-01 -6.843986e-01 -6.929551e-01 -7.004025e-01 -7.067276e-01 -7.119186e-01 -7.159651e-01 -7.188598e-01 -7.206025e-01 -7.212116e-01 
7.075001e-01 7.069463e-01 7.052857e-01 7.025208e-01 6.986562e-01 6.936977e-01 6.876533e-01 6.805323e-01 6.723460e-01 6.631072e-01 6.528304e-01 6.415318e-01 6.292290e-01 6.159415e-01 6.016900e-01 5.864969e-01 5.703861e-01 5.533829e-01 5.355139e-01 5.168073e-01 4.972924e-01 4.769998e-01 4.559614e-01 4.342103e-01 4.117806e-01 3.887076e-01 3.650275e-01 3.407774e-01 3.159956e-01 2.907209e-01 2.649931e-01 2.388525e-01 2.123404e-01 1.854983e-01 1.583685e-01 1.309936e-01 1.034167e-01 7.568117e-02 4.783065e-02 1.990898e-02 -8.039892e-03 -3.597196e-02 -6.384324e-02 -9.160981e-02 -1.192279e-01 -1.466540e-01 -1.738448e-01 -2.007575e-01 -2.273495e-01 -2.535789e-01 -2.794042e-01 -3.047846e-01 -3.296798e-01 -3.540506e-01 -3.778582e-01 -4.010649e-01 -4.236340e-01 -4.455294e-01 -4.667163e-01 -4.871610e-01 -5.068309e-01 -5.256945e-01 -5.437216e-01 -5.608833e-01 -5.771518e-01 -5.925010e-01 -6.069061e-01 -6.203434e-01 -6.327912e-01 -6.442291e-01 -6.546382e-01 -6.640011e-01 -6.723023e-01 -6.795275e-01 -6.856638e-01 -6.906999e-01 -6.946257e-01 -6.974340e-01 -6.991246e-01 -6.997153e-01 
6.846558e-01 6.841198e-01 6.825128e-01 6.798372e-01 6.760973e-01 6.712990e-01 6.654496e-01 6.585586e-01 6.506365e-01 6.416960e-01 6.317510e-01 6.208171e-01 6.089115e-01 5.960529e-01 5.822615e-01 5.675589e-01 5.519682e-01 5.355139e-01 5.182218e-01 5.001191e-01 4.812342e-01 4.615967e-01 4.412375e-01 4.201886e-01 3.984830e-01 3.761548e-01 3.532391e-01 3.297719e-01 3.057901e-01 2.813313e-01 2.564340e-01 2.311373e-01 2.054810e-01 1.795054e-01 1.532514e-01 1.267602e-01 1.000735e-01 7.323337e-02 4.628192e-02 1.926160e-02 -7.785031e-03 -3.481540e-02 -6.178694e-02 -8.865714e-02 -1.153837e-01 -1.419244e-01 -1.682374e-01 -1.942813e-01 -2.200148e-01 -2.453974e-01 -2.703889e-01 -2.949499e-01 -3.190414e-01 -3.426253e-01 -3.656643e-01 -3.881218e-01 -4.099621e-01 -4.311505e-01 -4.516533e-01 -4.714379e-01 -4.904726e-01 -5.087271e-01 -5.261720e-01 -5.427794e-01 -5.585225e-01 -5.733760e-01 -5.873157e-01 -6.003190e-01 -6.123647e-01 -6.234330e-01 -6.335058e-01 -6.425662e-01 -6.505991e-01 -6.575908e-01 -6.635288e-01 -6.684021e-01 -6.722010e-01 -6.749186e-01 -6.765545e-01 -6.771257e-01 
6.607405e-01 6.602233e-01 6.586724e-01 6.560903e-01 6.524810e-01 6.478502e-01 6.422051e-01 6.355547e-01 6.279094e-01 6.192811e-01 6.096834e-01 5.991314e-01 5.876416e-01 5.752321e-01 5.619223e-01 5.477332e-01 5.326869e-01 5.168073e-01 5.001191e-01 4.826486e-01 4.644232e-01 4.454715e-01 4.258233e-01 4.055095e-01 3.845619e-01 3.630135e-01 3.408981e-01 3.182504e-01 2.951061e-01 2.715014e-01 2.474736e-01 2.230603e-01 1.983000e-01 1.732316e-01 1.478944e-01 1.223283e-01 9.657358e-02 7.067071e-02 4.466045e-02 1.858374e-02 -7.518375e-03 -3.360479e-02 -5.963443e-02 -8.556626e-02 -1.113594e-01 -1.369733e-01 -1.623674e-01 -1.875017e-01 -2.123365e-01 -2.368327e-01 -2.609514e-01 -2.846546e-01 -3.079047e-01 -3.306650e-01 -3.528993e-01 -3.745724e-01 -3.956498e-01 -4.160982e-01 -4.358848e-01 -4.549783e-01 -4.733481e-01 -4.909649e-01 -5.078004e-01 -5.238276e-01 -5.390207e-01 -5.533552e-01 -5.668079e-01 -5.793568e-01 -5.909816e-01 -6.016631e-01 -6.113839e-01 -6.201276e-01 -6.278797e-01 -6.346270e-01 -6.403574e-01 -6.450603e-01 -6.487264e-01 -6.513490e-01 -6.529277e-01 -6.534785e-01 
6.357919e-01 6.352942e-01 6.338018e-01 6.313172e-01 6.278442e-01 6.233882e-01 6.179563e-01 6.115569e-01 6.042002e-01 5.958976e-01 5.866623e-01 5.765086e-01 5.654526e-01 5.535115e-01 5.407042e-01 5.270507e-01 5.125726e-01 4.972924e-01 4.812342e-01 4.644232e-01 4.468858e-01 4.286495e-01 4.097431e-01 3.901961e-01 3.700393e-01 3.493043e-01 3.280237e-01 3.062310e-01 2.839604e-01 2.612468e-01 2.381260e-01 2.146343e-01 1.908087e-01 1.666865e-01 1.423058e-01 1.177048e-01 9.292227e-02 6.799720e-02 4.296879e-02 1.787643e-02 -7.240364e-03 -3.234206e-02 -5.738911e-02 -8.234205e-02 -1.071616e-01 -1.318085e-01 -1.562440e-01 -1.804295e-01 -2.043269e-01 -2.278983e-01 -2.511065e-01 -2.739149e-01 -2.962873e-01 -3.181883e-01 -3.395832e-01 -3.604380e-01 -3.807198e-01 -4.003961e-01 -4.194357e-01 -4.378083e-01 -4.554845e-01 -4.724361e-01 -4.886359e-01 -5.040579e-01 -5.186773e-01 -5.324704e-01 -5.454150e-01 -5.574900e-01 -5.686758e-01 -5.789538e-01 -5.883073e-01 -5.967208e-01 -6.041800e-01 -6.106723e-01 -6.161862e-01 -6.207114e-01 -6.242389e-01 -6.267625e-01 -6.282815e-01 -6.288110e-01 
6.098491e-01 6.093717e-01 6.079402e-01 6.055570e-01 6.022256e-01 5.979514e-01 5.927411e-01 5.866028e-01 5.795462e-01 5.715824e-01 5.627238e-01 5.529844e-01 5.423794e-01 5.309255e-01 5.186406e-01 5.055442e-01 4.916566e-01 4.769998e-01 4.615967e-01 4.454715e-01 4.286495e-01 4.111572e-01 3.930220e-01 3.742725e-01 3.549379e-01 3.350488e-01 3.146364e-01 2.937326e-01 2.723705e-01 2.505835e-01 2.284059e-01 2.058725e-01 1.830187e-01 1.598806e-01 1.364944e-01 1.128969e-01 8.912535e-02 6.521702e-02 4.120957e-02 1.714078e-02 -6.951455e-03 -3.102920e-02 -5.505453e-02 -7.898960e-02 -1.027967e-01 -1.264382e-01 -1.498769e-01 -1.730759e-01 -1.959984e-01 -2.186082e-01 -2.408697e-01 -2.627476e-01 -2.842074e-01 -3.052149e-01 -3.257370e-01 -3.457411e-01 -3.651954e-01 -3.840690e-01 -4.023319e-01 -4.199549e-01 -4.369099e-01 -4.531698e-01 -4.687086e-01 -4.835014e-01 -4.975242e-01 -5.107545e-01 -5.231709e-01 -5.347531e-01 -5.454823e-01 -5.553408e-01 -5.643126e-01 -5.723825e-01 -5.795373e-01 -5.857645e-01 -5.910533e-01 -5.953937e-01 -5.987772e-01 -6.011978e-01 -6.026548e-01 -6.031620e-01 
5.829529e-01 5.824966e-01 5.811282e-01 5.788500e-01 5.756656e-01 5.715799e-01 5.665993e-01 5.607317e-01 5.539862e-01 5.463735e-01 5.379056e-01 5.285956e-01 5.184582e-01 5.075093e-01 4.957662e-01 4.832472e-01 4.699720e-01 4.559614e-01 4.412375e-01 4.258233e-01 4.097431e-01 3.930220e-01 3.756865e-01 3.577636e-01 3.392816e-01 3.202694e-01 3.007570e-01 2.807749e-01 2.603546e-01 2.395282e-01 2.183284e-01 1.967885e-01 1.749424e-01 1.528244e-01 1.304693e-01 1.079123e-01 8.518875e-02 6.233452e-02 3.938553e-02 1.637791e-02 -6.652124e-03 -2.966831e-02 -5.263440e-02 -7.551419e-02 -9.827164e-02 -1.208709e-01 -1.432762e-01 -1.654523e-01 -1.873642e-01 -2.089772e-01 -2.302572e-01 -2.511705e-01 -2.716841e-01 -2.917654e-01 -3.113827e-01 -3.305047e-01 -3.491012e-01 -3.671426e-01 -3.846002e-01 -4.014461e-01 -4.176535e-01 -4.331964e-01 -4.480500e-01 -4.621904e-01 -4.755948e-01 -4.882416e-01 -5.001104e-01 -5.111818e-01 -5.214377e-01 -5.308614e-01 -5.394374e-01 -5.471513e-01 -5.539904e-01 -5.599429e-01 -5.649983e-01 -5.691472e-01 -5.723814e-01 -5.746952e-01 -5.760879e-01 -5.765722e-01 
5.551455e-01 5.547109e-01 5.534078e-01 5.512383e-01 5.482057e-01 5.443149e-01 5.395718e-01 5.339840e-01 5.275603e-01 5.203107e-01 5.122465e-01 5.033805e-01 4.937266e-01 4.832999e-01 4.721168e-01 4.601948e-01 4.475527e-01 4.342103e-01 4.201886e-01 4.055095e-01 3.901961e-01 3.742725e-01 3.577636e-01 3.406954e-01 3.230948e-01 3.049892e-01 2.864073e-01 2.673781e-01 2.479316e-01 2.280984e-01 2.079095e-01 1.873968e-01 1.665924e-01 1.455291e-01 1.242400e-01 1.027586e-01 8.111865e-02 5.935421e-02 3.749953e-02 1.558901e-02 -6.342860e-03 -2.826155e-02 -5.013252e-02 -7.192133e-02 -9.359362e-02 -1.151152e-01 -1.364522e-01 -1.575709e-01 -1.784379e-01 -1.990203e-01 -2.192856e-01 -2.392017e-01 -2.587371e-01 -2.778608e-01 -2.965426e-01 -3.147529e-01 -3.324626e-01 -3.496436e-01 -3.662687e-01 -3.823113e-01 -3.977457e-01 -4.125474e-01 -4.266926e-01 -4.401586e-01 -4.529237e-01 -4.649673e-01 -4.762700e-01 -4.868132e-01 -4.965800e-01 -5.055541e-01 -5.137210e-01 -5.210669e-01 -5.275797e-01 -5.332481e-01 -5.380623e-01 -5.420132e-01 -5.450932e-01 -5.472966e-01 -5.486228e-01 -5.490833e-01 
5.264706e-01 5.260585e-01 5.248227e-01 5.227652e-01 5.198892e-01 5.161993e-01 5.117012e-01 5.064020e-01 5.003099e-01 4.934347e-01 4.857870e-01 4.773789e-01 4.682235e-01 4.583352e-01 4.477296e-01 4.364233e-01 4.244340e-01 4.117806e-01 3.984830e-01 3.845619e-01 3.700393e-01 3.549379e-01 3.392816e-01 3.230948e-01 3.064030e-01 2.892324e-01 2.716099e-01 2.535634e-01 2.351210e-01 2.163119e-01 1.971655e-01 1.777119e-01 1.579818e-01 1.380061e-01 1.178163e-01 9.744402e-02 7.692142e-02 5.628076e-02 3.555451e-02 1.477530e-02 -6.024171e-03 -2.681114e-02 -4.755287e-02 -6.821667e-02 -8.876998e-02 -1.091804e-01 -1.294157e-01 -1.494440e-01 -1.692336e-01 -1.887533e-01 -2.079723e-01 -2.268601e-01 -2.453868e-01 -2.635231e-01 -2.812404e-01 -2.985103e-01 -3.153056e-01 -3.315996e-01 -3.473662e-01 -3.625804e-01 -3.772179e-01 -3.912553e-01 -4.046700e-01 -4.174406e-01 -4.295466e-01 -4.409682e-01 -4.516872e-01 -4.616859e-01 -4.709482e-01 -4.794589e-01 -4.872039e-01 -4.941704e-01 -5.003467e-01 -5.057223e-01 -5.102877e-01 -5.140345e-01 -5.169554e-01 -5.190451e-01 -5.203027e-01 -5.207387e-01 
4.969732e-01 4.965842e-01 4.954176e-01 4.934754e-01 4.907605e-01 4.872772e-01 4.830311e-01 4.780287e-01 4.722780e-01 4.657879e-01 4.585685e-01 4.506314e-01 4.419889e-01 4.326545e-01 4.226430e-01 4.119700e-01 4.006523e-01 3.887076e-01 3.761548e-01 3.630135e-01 3.493043e-01 3.350488e-01 3.202694e-01 3.049892e-01 2.892324e-01 2.730235e-01 2.563881e-01 2.393523e-01 2.219429e-01 2.041873e-01 1.861132e-01 1.677492e-01 1.491241e-01 1.302672e-01 1.112081e-01 9.197686e-02 7.260366e-02 5.311899e-02 3.355351e-02 1.393803e-02 -5.696579e-03 -2.531940e-02 -4.489951e-02 -6.440607e-02 -8.380833e-02 -1.030757e-01 -1.221778e-01 -1.410844e-01 -1.597658e-01 -1.781923e-01 -1.963350e-01 -2.141650e-01 -2.316542e-01 -2.487749e-01 -2.654999e-01 -2.818027e-01 -2.976574e-01 -3.130389e-01 -3.279225e-01 -3.422846e-01 -3.561023e-01 -3.693535e-01 -3.820170e-01 -3.940723e-01 -4.055002e-01 -4.162821e-01 -4.264007e-01 -4.358394e-01 -4.445829e-01 -4.526168e-01 -4.599279e-01 -4.665041e-01 -4.723344e-01 -4.774088e-01 -4.817184e-01 -4.852553e-01 -4.880126e-01 -4.899853e-01 -4.911724e-01 -4.915831e-01 
4.666997e-01 4.663343e-01 4.652388e-01 4.634149e-01 4.608653e-01 4.575942e-01 4.536067e-01 4.489090e-01 4.435084e-01 4.374136e-01 4.306339e-01 4.231802e-01 4.150639e-01 4.062980e-01 3.968962e-01 3.868732e-01 3.762447e-01 3.650275e-01 3.532391e-01 3.408981e-01 3.280237e-01 3.146364e-01 3.007570e-01 2.864073e-01 2.716099e-01 2.563881e-01 2.407657e-01 2.247673e-01 2.084180e-01 1.917435e-01 1.747701e-01 1.575243e-01 1.400333e-01 1.223246e-01 1.044260e-01 8.636572e-02 6.817212e-02 4.987384e-02 3.149966e-02 1.307851e-02 -5.360616e-03 -2.378867e-02 -4.217664e-02 -6.049554e-02 -7.871650e-02 -9.681078e-02 -1.147498e-01 -1.325054e-01 -1.500494e-01 -1.673541e-01 -1.843921e-01 -2.011366e-01 -2.175610e-01 -2.336393e-01 -2.493461e-01 -2.646563e-01 -2.795458e-01 -2.939907e-01 -3.079682e-01 -3.214559e-01 -3.344323e-01 -3.468767e-01 -3.587691e-01 -3.700905e-01 -3.808225e-01 -3.909480e-01 -4.004504e-01 -4.093144e-01 -4.175254e-01 -4.250701e-01 -4.319360e-01 -4.381117e-01 -4.435869e-01 -4.483522e-01 -4.523994e-01 -4.557208e-01 -4.583102e-01 -4.601629e-01 -4.612776e-01 -4.616624e-01 
4.356976e-01 4.353565e-01 4.343337e-01 4.326309e-01 4.302507e-01 4.271968e-01 4.234741e-01 4.190884e-01 4.140465e-01 4.083564e-01 4.020270e-01 3.950682e-01 3.874910e-01 3.793073e-01 3.705298e-01 3.611724e-01 3.512498e-01 3.407774e-01 3.297719e-01 3.182504e-01 3.062310e-01 2.937326e-01 2.807749e-01 2.673781e-01 2.535634e-01 2.393523e-01 2.247673e-01 2.098312e-01 1.945676e-01 1.790003e-01 1.631538e-01 1.470532e-01 1.307236e-01 1.141907e-01 9.748052e-02 8.061937e-02 6.363376e-02 4.655039e-02 2.939616e-02 1.219806e-02 -5.016832e-03 -2.222141e-02 -3.938856e-02 -5.649124e-02 -7.350250e-02 -9.039550e-02 -1.071436e-01 -1.237204e-01 -1.400996e-01 -1.562555e-01 -1.721625e-01 -1.877953e-01 -2.031294e-01 -2.181403e-01 -2.328043e-01 -2.470982e-01 -2.609992e-01 -2.744852e-01 -2.875347e-01 -3.001270e-01 -3.122420e-01 -3.238602e-01 -3.349631e-01 -3.455329e-01 -3.555524e-01 -3.650056e-01 -3.738772e-01 -3.821526e-01 -3.898185e-01 -3.968623e-01 -4.032723e-01 -4.090379e-01 -4.141495e-01 -4.185984e-01 -4.223767e-01 -4.254776e-01 -4.278952e-01 -4.296249e-01 -4.306656e-01 -4.310238e-01 
4.040156e-01 4.036993e-01 4.027509e-01 4.011719e-01 3.989647e-01 3.961329e-01 3.926808e-01 3.886139e-01 3.839385e-01 3.786620e-01 3.727928e-01 3.663399e-01 3.593135e-01 3.517246e-01 3.435852e-01 3.349080e-01 3.257067e-01 3.159956e-01 3.057901e-01 2.951061e-01 2.839604e-01 2.723705e-01 2.603546e-01 2.479316e-01 2.351210e-01 2.219429e-01 2.084180e-01 1.945676e-01 1.804133e-01 1.659775e-01 1.512828e-01 1.363523e-01 1.212096e-01 1.058783e-01 9.038258e-02 7.474686e-02 5.899569e-02 4.315387e-02 2.724631e-02 1.129806e-02 -4.665785e-03 -2.062007e-02 -3.653967e-02 -5.239951e-02 -6.817457e-02 -8.383998e-02 -9.937104e-02 -1.147432e-01 -1.299323e-01 -1.449142e-01 -1.596652e-01 -1.741622e-01 -1.883820e-01 -2.023022e-01 -2.159007e-01 -2.291559e-01 -2.420468e-01 -2.545529e-01 -2.666542e-01 -2.783316e-01 -2.895663e-01 -3.003403e-01 -3.106364e-01 -3.204381e-01 -3.297296e-01 -3.384959e-01 -3.467228e-01 -3.543970e-01 -3.615058e-01 -3.680377e-01 -3.739819e-01 -3.793285e-01 -3.840686e-01 -3.881941e-01 -3.916979e-01 -3.945734e-01 -3.968153e-01 -3.984194e-01 -3.993845e-01 -3.997156e-01 
3.717036e-01 3.714126e-01 3.705400e-01 3.690872e-01 3.670565e-01 3.644511e-01 3.612750e-01 3.575332e-01 3.532317e-01 3.483771e-01 3.429771e-01 3.370401e-01 3.305755e-01 3.235934e-01 3.161047e-01 3.081213e-01 2.996556e-01 2.907209e-01 2.813313e-01 2.715014e-01 2.612468e-01 2.505835e-01 2.395282e-01 2.280984e-01 2.163119e-01 2.041873e-01 1.917435e-01 1.790003e-01 1.659775e-01 1.526956e-01 1.391756e-01 1.254386e-01 1.115062e-01 9.740043e-02 8.314333e-02 6.875738e-02 5.426520e-02 3.968958e-02 2.505347e-02 1.037989e-02 -4.308045e-03 -1.898721e-02 -3.363448e-02 -4.822678e-02 -6.274110e-02 -7.715455e-02 -9.144440e-02 -1.055881e-01 -1.195633e-01 -1.333479e-01 -1.469202e-01 -1.602586e-01 -1.733421e-01 -1.861499e-01 -1.986617e-01 -2.108578e-01 -2.227186e-01 -2.342253e-01 -2.453597e-01 -2.561039e-01 -2.664408e-01 -2.763539e-01 -2.858273e-01 -2.948458e-01 -3.033949e-01 -3.114607e-01 -3.190302e-01 -3.260911e-01 -3.326318e-01 -3.386418e-01 -3.441109e-01 -3.490303e-01 -3.533915e-01 -3.571873e-01 -3.604110e-01 -3.630568e-01 -3.651196e-01 -3.665957e-01 -3.674835e-01 -3.677869e-01 
3.388122e-01 3.385469e-01 3.377516e-01 3.364273e-01 3.345762e-01 3.322013e-01 3.293061e-01 3.258954e-01 3.219744e-01 3.175492e-01 3.126269e-01 3.072151e-01 3.013223e-01 2.949578e-01 2.881316e-01 2.808543e-01 2.731375e-01 2.649931e-01 2.564340e-01 2.474736e-01 2.381260e-01 2.284059e-01 2.183284e-01 2.079095e-01 1.971655e-01 1.861132e-01 1.747701e-01 1.631538e-01 1.512828e-01 1.391756e-01 1.268512e-01 1.143291e-01 1.016288e-01 8.877046e-02 7.577415e-02 6.266035e-02 4.944970e-02 3.616297e-02 2.282107e-02 9.444994e-03 -3.944192e-03 -1.732541e-02 -3.067757e-02 -4.397964e-02 -5.721065e-02 -7.034973e-02 -8.337616e-02 -9.626938e-02 -1.090090e-01 -1.215750e-01 -1.339473e-01 -1.461065e-01 -1.580334e-01 -1.697089e-01 -1.811147e-01 -1.922325e-01 -2.030448e-01 -2.135344e-01 -2.236845e-01 -2.334789e-01 -2.429021e-01 -2.519389e-01 -2.605749e-01 -2.687962e-01 -2.765896e-01 -2.839424e-01 -2.908428e-01 -2.972795e-01 -3.032421e-01 -3.087208e-01 -3.137064e-01 -3.181909e-01 -3.221666e-01 -3.256268e-01 -3.285655e-01 -3.309774e-01 -3.328579e-01 -3.342037e-01 -3.350130e-01 -3.352882e-01 
3.053932e-01 3.051541e-01 3.044371e-01 3.032435e-01 3.015749e-01 2.994341e-01 2.968245e-01 2.937500e-01 2.902156e-01 2.862268e-01 2.817898e-01 2.769116e-01 2.715999e-01 2.658629e-01 2.597097e-01 2.531500e-01 2.461939e-01 2.388525e-01 2.311373e-01 2.230603e-01 2.146343e-01 2.058725e-01 1.967885e-01 1.873968e-01 1.777119e-01 1.677492e-01 1.575243e-01 1.470532e-01 1.363523e-01 1.254386e-01 1.143291e-01 1.030413e-01 9.159288e-02 8.000191e-02 6.828660e-02 5.646535e-02 4.455676e-02 3.257956e-02 2.055261e-02 8.494820e-03 -3.574814e-03 -1.563729e-02 -2.767360e-02 -3.966479e-02 -5.159194e-02 -6.343626e-02 -7.517905e-02 -8.680177e-02 -9.828608e-02 -1.096138e-01 -1.207671e-01 -1.317283e-01 -1.424799e-01 -1.530051e-01 -1.632871e-01 -1.733096e-01 -1.830566e-01 -1.925127e-01 -2.016629e-01 -2.104924e-01 -2.189872e-01 -2.271338e-01 -2.349190e-01 -2.423303e-01 -2.493559e-01 -2.559844e-01 -2.622050e-01 -2.680077e-01 -2.733829e-01 -2.783218e-01 -2.828163e-01 -2.868590e-01 -2.904430e-01 -2.935623e-01 -2.962115e-01 -2.983858e-01 -3.000812e-01 -3.012946e-01 -3.020241e-01 -3.022706e-01 
2.714991e-01 2.712865e-01 2.706491e-01 2.695879e-01 2.681045e-01 2.662012e-01 2.638811e-01 2.611477e-01 2.580054e-01 2.544591e-01 2.505144e-01 2.461774e-01 2.414549e-01 2.363544e-01 2.308838e-01 2.250518e-01 2.188674e-01 2.123404e-01 2.054810e-01 1.983000e-01 1.908087e-01 1.830187e-01 1.749424e-01 1.665924e-01 1.579818e-01 1.491241e-01 1.400333e-01 1.307236e-01 1.212096e-01 1.115062e-01 1.016288e-01 9.159288e-02 8.141413e-02 7.110858e-02 6.069244e-02 5.018209e-02 3.959405e-02 2.894498e-02 1.825164e-02 7.530848e-03 -3.200508e-03 -1.392553e-02 -2.462733e-02 -3.528903e-02 -4.589384e-02 -5.642502e-02 -6.686596e-02 -7.720019e-02 -8.741137e-02 -9.748338e-02 -1.074003e-01 -1.171464e-01 -1.267063e-01 -1.360648e-01 -1.452071e-01 -1.541187e-01 -1.627854e-01 -1.711935e-01 -1.793294e-01 -1.871804e-01 -1.947337e-01 -2.019774e-01 -2.088998e-01 -2.154899e-01 -2.217369e-01 -2.276308e-01 -2.331620e-01 -2.383216e-01 -2.431011e-01 -2.474928e-01 -2.514892e-01 -2.550839e-01 -2.582707e-01 -2.610443e-01 -2.633998e-01 -2.653332e-01 -2.668409e-01 -2.679201e-01 -2.685687e-01 -2.687861e-01 
2.371832e-01 2.369975e-01 2.364406e-01 2.355134e-01 2.342174e-01 2.325546e-01 2.305276e-01 2.281396e-01 2.253943e-01 2.222961e-01 2.188497e-01 2.150606e-01 2.109348e-01 2.064786e-01 2.016991e-01 1.966039e-01 1.912008e-01 1.854983e-01 1.795054e-01 1.732316e-01 1.666865e-01 1.598806e-01 1.528244e-01 1.455291e-01 1.380061e-01 1.302672e-01 1.223246e-01 1.141907e-01 1.058783e-01 9.740043e-02 8.877046e-02 8.000191e-02 7.110858e-02 6.210443e-02 5.300362e-02 4.382045e-02 3.456937e-02 2.526493e-02 1.592176e-02 6.554579e-03 -2.821876e-03 -1.219284e-02 -2.154355e-02 -3.085926e-02 -4.012531e-02 -4.932706e-02 -5.845000e-02 -6.747974e-02 -7.640200e-02 -8.520270e-02 -9.386791e-02 -1.023839e-01 -1.107372e-01 -1.189146e-01 -1.269032e-01 -1.346901e-01 -1.422631e-01 -1.496101e-01 -1.567194e-01 -1.635796e-01 -1.701799e-01 -1.765096e-01 -1.825585e-01 -1.883170e-01 -1.937758e-01 -1.989261e-01 -2.037595e-01 -2.082681e-01 -2.124446e-01 -2.162822e-01 -2.197744e-01 -2.229155e-01 -2.257003e-01 -2.281239e-01 -2.301822e-01 -2.318717e-01 -2.331894e-01 -2.341327e-01 -2.346995e-01 -2.348873e-01 
2.024995e-01 2.023409e-01 2.018654e-01 2.010737e-01 1.999672e-01 1.985474e-01 1.968167e-01 1.947777e-01 1.924337e-01 1.897883e-01 1.868456e-01 1.836103e-01 1.800875e-01 1.762826e-01 1.722017e-01 1.678510e-01 1.632376e-01 1.583685e-01 1.532514e-01 1.478944e-01 1.423058e-01 1.364944e-01 1.304693e-01 1.242400e-01 1.178163e-01 1.112081e-01 1.044260e-01 9.748052e-02 9.038258e-02 8.314333e-02 7.577415e-02 6.828660e-02 6.069244e-02 5.300362e-02 4.523221e-02 3.739043e-02 2.949061e-02 2.154518e-02 1.356664e-02 5.567539e-03 -2.439529e-03 -1.044195e-02 -1.842713e-02 -2.638247e-02 -3.429545e-02 -4.215356e-02 -4.994443e-02 -5.765575e-02 -6.527533e-02 -7.279114e-02 -8.019128e-02 -8.746406e-02 -9.459795e-02 -1.015816e-01 -1.084041e-01 -1.150544e-01 -1.215220e-01 -1.277966e-01 -1.338683e-01 -1.397273e-01 -1.453643e-01 -1.507702e-01 -1.559364e-01 -1.608546e-01 -1.655168e-01 -1.699156e-01 -1.740437e-01 -1.778944e-01 -1.814615e-01 -1.847392e-01 -1.877218e-01 -1.904046e-01 -1.927830e-01 -1.948530e-01 -1.966110e-01 -1.980541e-01 -1.991797e-01 -1.999857e-01 -2.004697e-01 -2.006277e-01 
1.675024e-01 1.673712e-01 1.669778e-01 1.663229e-01 1.654075e-01 1.642330e-01 1.628012e-01 1.611144e-01 1.591753e-01 1.569868e-01 1.545524e-01 1.518759e-01 1.489615e-01 1.458138e-01 1.424377e-01 1.388385e-01 1.350218e-01 1.309936e-01 1.267602e-01 1.223283e-01 1.177048e-01 1.128969e-01 1.079123e-01 1.027586e-01 9.744402e-02 9.197686e-02 8.636572e-02 8.061937e-02 7.474686e-02 6.875738e-02 6.266035e-02 5.646535e-02 5.018209e-02 4.382045e-02 3.739043e-02 3.090213e-02 2.436576e-02 1.779159e-02 1.118996e-02 4.571267e-03 -2.054079e-03 -8.675641e-03 -1.528299e-02 -2.186572e-02 -2.841344e-02 -3.491584e-02 -4.136264e-02 -4.774367e-02 -5.404886e-02 -6.026823e-02 -6.639195e-02 -7.241033e-02 -7.831382e-02 -8.409307e-02 -8.973892e-02 -9.524239e-02 -1.005947e-01 -1.057874e-01 -1.108122e-01 -1.156610e-01 -1.203261e-01 -1.248000e-01 -1.290755e-01 -1.331459e-01 -1.370044e-01 -1.406449e-01 -1.440614e-01 -1.472484e-01 -1.502007e-01 -1.529134e-01 -1.553820e-01 -1.576024e-01 -1.595708e-01 -1.612840e-01 -1.627390e-01 -1.639334e-01 -1.648653e-01 -1.655328e-01 -1.659333e-01 -1.660612e-01 
1.322470e-01 1.321434e-01 1.318328e-01 1.313156e-01 1.305927e-01 1.296653e-01 1.285347e-01 1.272027e-01 1.256714e-01 1.239432e-01 1.220209e-01 1.199073e-01 1.176059e-01 1.151202e-01 1.124541e-01 1.096118e-01 1.065978e-01 1.034167e-01 1.000735e-01 9.657358e-02 9.292227e-02 8.912535e-02 8.518875e-02 8.111865e-02 7.692142e-02 7.260366e-02 6.817212e-02 6.363376e-02 5.899569e-02 5.426520e-02 4.944970e-02 4.455676e-02 3.959405e-02 3.456937e-02 2.949061e-02 2.436576e-02 1.920286e-02 1.401004e-02 8.795457e-03 3.567320e-03 -1.666143e-03 -6.896693e-03 -1.211609e-02 -1.731611e-02 -2.248856e-02 -2.762527e-02 -3.271815e-02 -3.775914e-02 -4.274029e-02 -4.765371e-02 -5.249164e-02 -5.724642e-02 -6.191050e-02 -6.647650e-02 -7.093716e-02 -7.528540e-02 -7.951429e-02 -8.361710e-02 -8.758728e-02 -9.141849e-02 -9.510461e-02 -9.863971e-02 -1.020181e-01 -1.052344e-01 -1.082834e-01 -1.111601e-01 -1.138598e-01 -1.163783e-01 -1.187112e-01 -1.208549e-01 -1.228057e-01 -1.245603e-01 -1.261158e-01 -1.274696e-01 -1.286194e-01 -1.295634e-01 -1.303002e-01 -1.308282e-01 -1.311446e-01 -1.312422e-01 
