9.053748e-01 9.025837e-01 8.942277e-01 8.803583e-01 8.610610e-01 8.364548e-01 8.066913e-01 7.719540e-01 7.324572e-01 6.884443e-01 6.401867e-01 5.879818e-01 5.321515e-01 4.730400e-01 4.110118e-01 3.464491e-01 2.797502e-01 2.113260e-01 1.415985e-01 7.099755e-02 -4.163532e-05 -7.108110e-02 -1.416829e-01 -2.114117e-01 -2.798378e-01 -3.465391e-01 -4.111046e-01 -4.731360e-01 -5.322510e-01 -5.880851e-01 -6.402940e-01 -6.885557e-01 -7.325727e-01 -7.720734e-01 -8.068144e-01 -8.365812e-01 -8.611904e-01 -8.804900e-01 -8.943612e-01 -9.027183e-01 -9.055097e-01 
9.025837e-01 8.998013e-01 8.914710e-01 8.776444e-01 8.584066e-01 8.338762e-01 8.042044e-01 7.695743e-01 7.301992e-01 6.863220e-01 6.382131e-01 5.861691e-01 5.305110e-01 4.715817e-01 4.097447e-01 3.453811e-01 2.788877e-01 2.106745e-01 1.411619e-01 7.077862e-02 -4.158052e-05 -7.086205e-02 -1.412462e-01 -2.107601e-01 -2.789752e-01 -3.454709e-01 -4.098373e-01 -4.716776e-01 -5.306103e-01 -5.862723e-01 -6.383202e-01 -6.864332e-01 -7.303144e-01 -7.696934e-01 -8.043272e-01 -8.340023e-01 -8.585356e-01 -8.777757e-01 -8.916041e-01 -8.999354e-01 -9.027183e-01 
8.942277e-01 8.914710e-01 8.832179e-01 8.695193e-01 8.504595e-01 8.261562e-01 7.967592e-01 7.624496e-01 7.234391e-01 6.799681e-01 6.323045e-01 5.807424e-01 5.255995e-01 4.672158e-01 4.059512e-01 3.421835e-01 2.763057e-01 2.087239e-01 1.398549e-01 7.012315e-02 -4.141755e-05 -7.020626e-02 -1.399388e-01 -2.088092e-01 -2.763927e-01 -3.422729e-01 -4.060434e-01 -4.673111e-01 -5.256983e-01 -5.808450e-01 -6.324110e-01 -6.800785e-01 -7.235535e-01 -7.625679e-01 -7.968811e-01 -8.262814e-01 -8.505876e-01 -8.696496e-01 -8.833500e-01 -8.916041e-01 -8.943612e-01 
8.803583e-01 8.776444e-01 8.695193e-01 8.560331e-01 8.372689e-01 8.133426e-01 7.844015e-01 7.506240e-01 7.122185e-01 6.694217e-01 6.224975e-01 5.717350e-01 5.174473e-01 4.599691e-01 3.996548e-01 3.368760e-01 2.720199e-01 2.054863e-01 1.376854e-01 6.903520e-02 -4.115059e-05 -6.911777e-02 -1.377688e-01 -2.055710e-01 -2.721064e-01 -3.369647e-01 -3.997462e-01 -4.600637e-01 -5.175453e-01 -5.718366e-01 -6.226029e-01 -6.695310e-01 -7.123317e-01 -7.507410e-01 -7.845219e-01 -8.134662e-01 -8.373954e-01 -8.561618e-01 -8.696496e-01 -8.777757e-01 -8.804900e-01 
8.610610e-01 8.584066e-01 8.504595e-01 8.372689e-01 8.189161e-01 7.955142e-01 7.672075e-01 7.341704e-01 6.966067e-01 6.547480e-01 6.088523e-01 5.592025e-01 5.061048e-01 4.498865e-01 3.908941e-01 3.294914e-01 2.660569e-01 2.009817e-01 1.346670e-01 6.752147e-02 -4.078648e-05 -6.760330e-02 -1.347496e-01 -2.010656e-01 -2.661426e-01 -3.295793e-01 -3.909846e-01 -4.499799e-01 -5.062015e-01 -5.593028e-01 -6.089563e-01 -6.548557e-01 -6.967182e-01 -7.342855e-01 -7.673260e-01 -7.956358e-01 -8.190404e-01 -8.373954e-01 -8.505876e-01 -8.585356e-01 -8.611903e-01 
8.364548e-01 8.338762e-01 8.261562e-01 8.133426e-01 7.955142e-01 7.727810e-01 7.452832e-01 7.131902e-01 6.766999e-01 6.360373e-01 5.914531e-01 5.432221e-01 4.916417e-01 4.370299e-01 3.797233e-01 3.200752e-01 2.584534e-01 1.952378e-01 1.308180e-01 6.559128e-02 -4.033453e-05 -6.567220e-02 -1.308997e-01 -1.953207e-01 -2.585380e-01 -3.201619e-01 -3.798125e-01 -4.371220e-01 -4.917370e-01 -5.433208e-01 -5.915553e-01 -6.361432e-01 -6.768093e-01 -7.133031e-01 -7.453993e-01 -7.729001e-01 -7.956358e-01 -8.134662e-01 -8.262814e-01 -8.340023e-01 -8.365812e-01 
8.066913e-01 8.042044e-01 7.967592e-01 7.844015e-01 7.672075e-01 7.452832e-01 7.187637e-01 6.878127e-01 6.526208e-01 6.134051e-01 5.704073e-01 5.238924e-01 4.741474e-01 4.214787e-01 3.662112e-01 3.086855e-01 2.492563e-01 1.882900e-01 1.261624e-01 6.325652e-02 -3.980624e-05 -6.333637e-02 -1.262430e-01 -1.883717e-01 -2.493397e-01 -3.087709e-01 -3.662990e-01 -4.215692e-01 -4.742409e-01 -5.239892e-01 -5.705074e-01 -6.135087e-01 -6.527278e-01 -6.879230e-01 -7.188771e-01 -7.453993e-01 -7.673260e-01 -7.845219e-01 -7.968811e-01 -8.043272e-01 -8.068144e-01 
7.719540e-01 7.695743e-01 7.624496e-01 7.506240e-01 7.341704e-01 7.131902e-01 6.878127e-01 6.581944e-01 6.245179e-01 5.869908e-01 5.458445e-01 5.013326e-01 4.537295e-01 4.033288e-01 3.504411e-01 2.953924e-01 2.385223e-01 1.801811e-01 1.207287e-01 6.053158e-02 -3.921498e-05 -6.061024e-02 -1.208081e-01 -1.802616e-01 -2.386042e-01 -2.954763e-01 -3.505272e-01 -4.034176e-01 -4.538211e-01 -5.014273e-01 -5.459423e-01 -5.870919e-01 -6.246222e-01 -6.583018e-01 -6.879229e-01 -7.133030e-01 -7.342855e-01 -7.507410e-01 -7.625679e-01 -7.696934e-01 -7.720734e-01 
7.324572e-01 7.301992e-01 7.234391e-01 7.122185e-01 6.966067e-01 6.766999e-01 6.526208e-01 6.245179e-01 5.925644e-01 5.569573e-01 5.179162e-01 4.756816e-01 4.305141e-01 3.826920e-01 3.325102e-01 2.802780e-01 2.263174e-01 1.709612e-01 1.145506e-01 5.743326e-02 -3.857565e-05 -5.751062e-02 -1.146286e-01 -1.710403e-01 -2.263979e-01 -2.803603e-01 -3.325946e-01 -3.827789e-01 -4.306036e-01 -4.757740e-01 -5.180116e-01 -5.570557e-01 -5.926658e-01 -6.246222e-01 -6.527278e-01 -6.768093e-01 -6.967182e-01 -7.123317e-01 -7.235535e-01 -7.303144e-01 -7.325727e-01 
6.884443e-01 6.863220e-01 6.799681e-01 6.694217e-01 6.547480e-01 6.360373e-01 6.134051e-01 5.869908e-01 5.569573e-01 5.234898e-01 4.867945e-01 4.470977e-01 4.046441e-01 3.596955e-01 3.125290e-01 2.634353e-01 2.127171e-01 1.606870e-01 1.076659e-01 5.398063e-02 -3.790421e-05 -5.405664e-02 -1.077425e-01 -1.607646e-01 -2.127960e-01 -2.635159e-01 -3.126117e-01 -3.597805e-01 -4.047316e-01 -4.471878e-01 -4.868873e-01 -5.235854e-01 -5.570557e-01 -5.870919e-01 -6.135087e-01 -6.361431e-01 -6.548557e-01 -6.695310e-01 -6.800785e-01 -6.864331e-01 -6.885557e-01 
6.401867e-01 6.382131e-01 6.323045e-01 6.224975e-01 6.088523e-01 5.914531e-01 5.704073e-01 5.458445e-01 5.179162e-01 4.867945e-01 4.526713e-01 4.157570e-01 3.762792e-01 3.344812e-01 2.906208e-01 2.449682e-01 1.978050e-01 1.494220e-01 1.001173e-01 5.019497e-02 -3.721736e-05 -5.026959e-02 -1.001925e-01 -1.494981e-01 -1.978824e-01 -2.450472e-01 -2.907016e-01 -3.345642e-01 -3.763645e-01 -4.158447e-01 -4.527616e-01 -4.868873e-01 -5.180115e-01 -5.459423e-01 -5.705074e-01 -5.915553e-01 -6.089562e-01 -6.226028e-01 -6.324110e-01 -6.383202e-01 -6.402940e-01 
5.879818e-01 5.861691e-01 5.807424e-01 5.717350e-01 5.592025e-01 5.432221e-01 5.238924e-01 5.013326e-01 4.756816e-01 4.470977e-01 4.157570e-01 3.818529e-01 3.455942e-01 3.072045e-01 2.669206e-01 2.249906e-01 1.816732e-01 1.372354e-01 9.195117e-02 4.609962e-02 -3.653201e-05 -4.617286e-02 -9.202492e-02 -1.373100e-01 -1.817490e-01 -2.250679e-01 -2.669995e-01 -3.072854e-01 -3.456772e-01 -3.819382e-01 -4.158447e-01 -4.471878e-01 -4.757740e-01 -5.014272e-01 -5.239892e-01 -5.433208e-01 -5.593028e-01 -5.718366e-01 -5.808449e-01 -5.862723e-01 -5.880851e-01 
5.321515e-01 5.305110e-01 5.255995e-01 5.174473e-01 5.061048e-01 4.916417e-01 4.741474e-01 4.537295e-01 4.305141e-01 4.046441e-01 3.762792e-01 3.455942e-01 3.127782e-01 2.780335e-01 2.415744e-01 2.036256e-01 1.644211e-01 1.242025e-01 8.321789e-02 4.171981e-02 -3.586493e-05 -4.179170e-02 -8.329026e-02 -1.242757e-01 -1.644954e-01 -2.037012e-01 -2.416516e-01 -2.781125e-01 -3.128591e-01 -3.456772e-01 -3.763644e-01 -4.047315e-01 -4.306036e-01 -4.538211e-01 -4.742409e-01 -4.917370e-01 -5.062015e-01 -5.175452e-01 -5.256983e-01 -5.306103e-01 -5.322510e-01 
4.730400e-01 4.715817e-01 4.672158e-01 4.599691e-01 4.498865e-01 4.370299e-01 4.214787e-01 4.033288e-01 3.826920e-01 3.596955e-01 3.344812e-01 3.072045e-01 2.780335e-01 2.471481e-01 2.147387e-01 1.810050e-01 1.461550e-01 1.104037e-01 7.397130e-02 3.708252e-02 -3.523230e-05 -3.715314e-02 -7.404236e-02 -1.104755e-01 -1.462278e-01 -1.810790e-01 -2.148142e-01 -2.472253e-01 -2.781125e-01 -3.072854e-01 -3.345641e-01 -3.597804e-01 -3.827788e-01 -4.034175e-01 -4.215692e-01 -4.371219e-01 -4.499799e-01 -4.600636e-01 -4.673111e-01 -4.716775e-01 -4.731360e-01 
4.110118e-01 4.097447e-01 4.059512e-01 3.996548e-01 3.908941e-01 3.797233e-01 3.662112e-01 3.504411e-01 3.325102e-01 3.125290e-01 2.906208e-01 2.669206e-01 2.415744e-01 2.147387e-01 1.865787e-01 1.572681e-01 1.269876e-01 9.592384e-02 6.426838e-02 3.221635e-02 -3.464937e-05 -3.228579e-02 -6.433823e-02 -9.599437e-02 -1.270590e-01 -1.573407e-01 -1.866526e-01 -2.148142e-01 -2.416516e-01 -2.669995e-01 -2.907016e-01 -3.126116e-01 -3.325946e-01 -3.505272e-01 -3.662989e-01 -3.798125e-01 -3.909845e-01 -3.997461e-01 -4.060433e-01 -4.098373e-01 -4.111045e-01 
3.464491e-01 3.453811e-01 3.421835e-01 3.368760e-01 3.294914e-01 3.200752e-01 3.086855e-01 2.953924e-01 2.802780e-01 2.634353e-01 2.449682e-01 2.249906e-01 2.036256e-01 1.810050e-01 1.572681e-01 1.325613e-01 1.070369e-01 8.085234e-02 5.416896e-02 2.715128e-02 -3.413007e-05 -2.721967e-02 -5.423773e-02 -8.092175e-02 -1.071072e-01 -1.326326e-01 -1.573407e-01 -1.810790e-01 -2.037012e-01 -2.250678e-01 -2.450471e-01 -2.635159e-01 -2.803602e-01 -2.954763e-01 -3.087708e-01 -3.201619e-01 -3.295792e-01 -3.369647e-01 -3.422728e-01 -3.454708e-01 -3.465390e-01 
2.797502e-01 2.788877e-01 2.763057e-01 2.720199e-01 2.660569e-01 2.584534e-01 2.492563e-01 2.385223e-01 2.263174e-01 2.127171e-01 1.978050e-01 1.816732e-01 1.644211e-01 1.461550e-01 1.269876e-01 1.070369e-01 8.642608e-02 6.528208e-02 4.373528e-02 2.191853e-02 -3.368672e-05 -2.198602e-02 -4.380313e-02 -6.535052e-02 -8.649533e-02 -1.071072e-01 -1.270590e-01 -1.462278e-01 -1.644953e-01 -1.817490e-01 -1.978824e-01 -2.127960e-01 -2.263979e-01 -2.386042e-01 -2.493396e-01 -2.585380e-01 -2.661425e-01 -2.721063e-01 -2.763927e-01 -2.789751e-01 -2.798377e-01 
2.113260e-01 2.106745e-01 2.087239e-01 2.054863e-01 2.009817e-01 1.952378e-01 1.882900e-01 1.801811e-01 1.709612e-01 1.606870e-01 1.494220e-01 1.372354e-01 1.242025e-01 1.104037e-01 9.592384e-02 8.085234e-02 6.528208e-02 4.930903e-02 3.303167e-02 1.655035e-02 -3.332978e-05 -1.661712e-02 -3.309878e-02 -4.937670e-02 -6.535051e-02 -8.092173e-02 -9.599435e-02 -1.104754e-01 -1.242757e-01 -1.373100e-01 -1.494980e-01 -1.607646e-01 -1.710402e-01 -1.802615e-01 -1.883717e-01 -1.953206e-01 -2.010655e-01 -2.055709e-01 -2.088091e-01 -2.107600e-01 -2.114117e-01 
1.415985e-01 1.411619e-01 1.398549e-01 1.376854e-01 1.346670e-01 1.308180e-01 1.261624e-01 1.207287e-01 1.145506e-01 1.076659e-01 1.001173e-01 9.195117e-02 8.321789e-02 7.397130e-02 6.426838e-02 5.416896e-02 4.373528e-02 3.303167e-02 2.212410e-02 1.107983e-02 -3.306762e-05 -1.114607e-02 -2.219067e-02 -3.309877e-02 -4.380312e-02 -5.423771e-02 -6.433820e-02 -7.404232e-02 -8.329022e-02 -9.202487e-02 -1.001924e-01 -1.077425e-01 -1.146285e-01 -1.208080e-01 -1.262429e-01 -1.308996e-01 -1.347495e-01 -1.377687e-01 -1.399387e-01 -1.412461e-01 -1.416828e-01 
7.099755e-02 7.077862e-02 7.012315e-02 6.903520e-02 6.752147e-02 6.559128e-02 6.325652e-02 6.053158e-02 5.743326e-02 5.398063e-02 5.019497e-02 4.609962e-02 4.171981e-02 3.708252e-02 3.221635e-02 2.715128e-02 2.191853e-02 1.655035e-02 1.107983e-02 5.540695e-03 -3.290633e-05 -5.606614e-03 -1.114607e-02 -1.661711e-02 -2.198600e-02 -2.721964e-02 -3.228575e-02 -3.715310e-02 -4.179165e-02 -4.617280e-02 -5.026953e-02 -5.405657e-02 -5.751055e-02 -6.061017e-02 -6.333629e-02 -6.567211e-02 -6.760322e-02 -6.911768e-02 -7.020617e-02 -7.086196e-02 -7.108101e-02 
-4.163532e-05 -4.158052e-05 -4.141755e-05 -4.115059e-05 -4.078648e-05 -4.033453e-05 -3.980624e-05 -3.921498e-05 -3.857565e-05 -3.790421e-05 -3.721736e-05 -3.653201e-05 -3.586493e-05 -3.523230e-05 -3.464937e-05 -3.413007e-05 -3.368672e-05 -3.332978e-05 -3.306762e-05 -3.290633e-05 -3.284964e-05 -3.289880e-05 -3.305261e-05 -3.330739e-05 -3.365708e-05 -3.409336e-05 -3.460581e-05 -3.518216e-05 -3.580852e-05 -3.646967e-05 -3.714947e-05 -3.783120e-05 -3.849796e-05 -3.913310e-05 -3.972066e-05 -4.024578e-05 -4.069510e-05 -4.105713e-05 -4.132259e-05 -4.148467e-05 -4.153938e-05 
-7.108110e-02 -7.086205e-02 -7.020626e-02 -6.911777e-02 -6.760330e-02 -6.567220e-02 -6.333637e-02 -6.061024e-02 -5.751062e-02 -5.405664e-02 -5.026959e-02 -4.617286e-02 -4.179170e-02 -3.715314e-02 -3.228579e-02 -2.721967e-02 -2.198602e-02 -1.661712e-02 -1.114607e-02 -5.606614e-03 -3.289880e-05 5.540710e-03 1.107985e-02 1.655038e-02 2.191856e-02 2.715132e-02 3.221640e-02 3.708258e-02 4.171987e-02 4.609969e-02 5.019505e-02 5.398071e-02 5.743334e-02 6.053167e-02 6.325661e-02 6.559137e-02 6.752157e-02 6.903530e-02 7.012325e-02 7.077872e-02 7.099765e-02 
-1.416829e-01 -1.412462e-01 -1.399388e-01 -1.377688e-01 -1.347496e-01 -1.308997e-01 -1.262430e-01 -1.208081e-01 -1.146286e-01 -1.077425e-01 -1.001925e-01 -9.202492e-02 -8.329026e-02 -7.404236e-02 -6.433823e-02 -5.423773e-02 -4.380313e-02 -3.309878e-02 -2.219067e-02 -1.114607e-02 -3.305261e-05 1.107985e-02 2.212413e-02 3.303170e-02 4.373533e-02 5.416901e-02 6.426844e-02 7.397136e-02 8.321796e-02 9.195124e-02 1.001174e-01 1.076660e-01 1.145506e-01 1.207288e-01 1.261625e-01 1.308181e-01 1.346671e-01 1.376855e-01 1.398550e-01 1.411620e-01 1.415986e-01 
-2.114117e-01 -2.107601e-01 -2.088092e-01 -2.055710e-01 -2.010656e-01 -1.953207e-01 -1.883717e-01 -1.802616e-01 -1.710403e-01 -1.607646e-01 -1.494981e-01 -1.373100e-01 -1.242757e-01 -1.104755e-01 -9.599437e-02 -8.092175e-02 -6.535052e-02 -4.937670e-02 -3.309877e-02 -1.661711e-02 -3.330739e-05 1.655038e-02 3.303170e-02 4.930907e-02 6.528213e-02 8.085240e-02 9.592391e-02 1.104037e-01 1.242026e-01 1.372355e-01 1.494221e-01 1.606871e-01 1.709613e-01 1.801812e-01 1.882901e-01 1.952379e-01 2.009818e-01 2.054865e-01 2.087240e-01 2.106746e-01 2.113261e-01 
-2.798378e-01 -2.789752e-01 -2.763927e-01 -2.721064e-01 -2.661426e-01 -2.585380e-01 -2.493397e-01 -2.386042e-01 -2.263979e-01 -2.127960e-01 -1.978824e-01 -1.817490e-01 -1.644954e-01 -1.462278e-01 -1.270590e-01 -1.071072e-01 -8.649533e-02 -6.535051e-02 -4.380312e-02 -2.198600e-02 -3.365708e-05 2.191856e-02 4.373533e-02 6.528213e-02 8.642613e-02 1.070370e-01 1.269876e-01 1.461551e-01 1.644212e-01 1.816733e-01 1.978051e-01 2.127172e-01 2.263175e-01 2.385224e-01 2.492564e-01 2.584535e-01 2.660570e-01 2.720200e-01 2.763058e-01 2.788878e-01 2.797503e-01 
-3.465391e-01 -3.454709e-01 -3.422729e-01 -3.369647e-01 -3.295793e-01 -3.201619e-01 -3.087709e-01 -2.954763e-01 -2.803603e-01 -2.635159e-01 -2.450472e-01 -2.250679e-01 -2.037012e-01 -1.810790e-01 -1.573407e-01 -1.326326e-01 -1.071072e-01 -8.092173e-02 -5.423771e-02 -2.721964e-02 -3.409336e-05 2.715132e-02 5.416901e-02 8.085240e-02 1.070370e-01 1.325614e-01 1.572682e-01 1.810051e-01 2.036257e-01 2.249907e-01 2.449683e-01 2.634354e-01 2.802781e-01 2.953925e-01 3.086856e-01 3.200754e-01 3.294915e-01 3.368761e-01 3.421836e-01 3.453812e-01 3.464493e-01 
-4.111046e-01 -4.098373e-01 -4.060434e-01 -3.997462e-01 -3.909846e-01 -3.798125e-01 -3.662990e-01 -3.505272e-01 -3.325946e-01 -3.126117e-01 -2.907016e-01 -2.669995e-01 -2.416516e-01 -2.148142e-01 -1.866526e-01 -1.573407e-01 -1.270590e-01 -9.599435e-02 -6.433820e-02 -3.228575e-02 -3.460581e-05 3.221640e-02 6.426844e-02 9.592391e-02 1.269876e-01 1.572682e-01 1.865788e-01 2.147387e-01 2.415745e-01 2.669207e-01 2.906209e-01 3.125291e-01 3.325103e-01 3.504412e-01 3.662113e-01 3.797234e-01 3.908942e-01 3.996549e-01 4.059513e-01 4.097448e-01 4.110119e-01 
-4.731360e-01 -4.716776e-01 -4.673111e-01 -4.600637e-01 -4.499799e-01 -4.371220e-01 -4.215692e-01 -4.034176e-01 -3.827789e-01 -3.597805e-01 -3.345642e-01 -3.072854e-01 -2.781125e-01 -2.472253e-01 -2.148142e-01 -1.810790e-01 -1.462278e-01 -1.104754e-01 -7.404232e-02 -3.715310e-02 -3.518216e-05 3.708258e-02 7.397136e-02 1.104037e-01 1.461551e-01 1.810051e-01 2.147387e-01 2.471482e-01 2.780336e-01 3.072046e-01 3.344814e-01 3.596957e-01 3.826921e-01 4.033289e-01 4.214788e-01 4.370300e-01 4.498866e-01 4.599693e-01 4.672159e-01 4.715819e-01 4.730402e-01 
-5.322510e-01 -5.306103e-01 -5.256983e-01 -5.175453e-01 -5.062015e-01 -4.917370e-01 -4.742409e-01 -4.538211e-01 -4.306036e-01 -4.047316e-01 -3.763645e-01 -3.456772e-01 -3.128591e-01 -2.781125e-01 -2.416516e-01 -2.037012e-01 -1.644953e-01 -1.242757e-01 -8.329022e-02 -4.179165e-02 -3.580852e-05 4.171987e-02 8.321796e-02 1.242026e-01 1.644212e-01 2.036257e-01 2.415745e-01 2.780336e-01 3.127783e-01 3.455943e-01 3.762793e-01 4.046443e-01 4.305142e-01 4.537296e-01 4.741475e-01 4.916419e-01 5.061049e-01 5.174475e-01 5.255996e-01 5.305111e-01 5.321516e-01 
-5.880851e-01 -5.862723e-01 -5.808450e-01 -5.718366e-01 -5.593028e-01 -5.433208e-01 -5.239892e-01 -5.014273e-01 -4.757740e-01 -4.471878e-01 -4.158447e-01 -3.819382e-01 -3.456772e-01 -3.072854e-01 -2.669995e-01 -2.250678e-01 -1.817490e-01 -1.373100e-01 -9.202487e-02 -4.617280e-02 -3.646967e-05 4.609969e-02 9.195124e-02 1.372355e-01 1.816733e-01 2.249907e-01 2.669207e-01 3.072046e-01 3.455943e-01 3.818530e-01 4.157572e-01 4.470978e-01 4.756817e-01 5.013327e-01 5.238926e-01 5.432223e-01 5.592026e-01 5.717351e-01 5.807425e-01 5.861693e-01 5.879819e-01 
-6.402940e-01 -6.383202e-01 -6.324110e-01 -6.226029e-01 -6.089563e-01 -5.915553e-01 -5.705074e-01 -5.459423e-01 -5.180116e-01 -4.868873e-01 -4.527616e-01 -4.158447e-01 -3.763644e-01 -3.345641e-01 -2.907016e-01 -2.450471e-01 -1.978824e-01 -1.494980e-01 -1.001924e-01 -5.026953e-02 -3.714947e-05 5.019505e-02 1.001174e-01 1.494221e-01 1.978051e-01 2.449683e-01 2.906209e-01 3.344814e-01 3.762793e-01 4.157572e-01 4.526714e-01 4.867946e-01 5.179163e-01 5.458446e-01 5.704074e-01 5.914533e-01 6.088524e-01 6.224976e-01 6.323047e-01 6.382132e-01 6.401868e-01 
-6.885557e-01 -6.864332e-01 -6.800785e-01 -6.695310e-01 -6.548557e-01 -6.361432e-01 -6.135087e-01 -5.870919e-01 -5.570557e-01 -5.235854e-01 -4.868873e-01 -4.471878e-01 -4.047315e-01 -3.597804e-01 -3.126116e-01 -2.635159e-01 -2.127960e-01 -1.607646e-01 -1.077425e-01 -5.405657e-02 -3.783120e-05 5.398071e-02 1.076660e-01 1.606871e-01 2.127172e-01 2.634354e-01 3.125291e-01 3.596957e-01 4.046443e-01 4.470978e-01 4.867946e-01 5.234899e-01 5.569574e-01 5.869909e-01 6.134052e-01 6.360375e-01 6.547481e-01 6.694219e-01 6.799682e-01 6.863221e-01 6.884444e-01 
-7.325727e-01 -7.303144e-01 -7.235535e-01 -7.123317e-01 -6.967182e-01 -6.768093e-01 -6.527278e-01 -6.246222e-01 -5.926658e-01 -5.570557e-01 -5.180115e-01 -4.757740e-01 -4.306036e-01 -3.827788e-01 -3.325946e-01 -2.803602e-01 -2.263979e-01 -1.710402e-01 -1.146285e-01 -5.751055e-02 -3.849796e-05 5.743334e-02 1.145506e-01 1.709613e-01 2.263175e-01 2.802781e-01 3.325103e-01 3.826921e-01 4.305142e-01 4.756817e-01 5.179163e-01 5.569574e-01 5.925645e-01 6.245180e-01 6.526210e-01 6.767000e-01 6.966069e-01 7.122187e-01 7.234392e-01 7.301993e-01 7.324573e-01 
-7.720734e-01 -7.696934e-01 -7.625679e-01 -7.507410e-01 -7.342855e-01 -7.133031e-01 -6.879230e-01 -6.583018e-01 -6.246222e-01 -5.870919e-01 -5.459423e-01 -5.014272e-01 -4.538211e-01 -4.034175e-01 -3.505272e-01 -2.954763e-01 -2.386042e-01 -1.802615e-01 -1.208080e-01 -6.061017e-02 -3.913310e-05 6.053167e-02 1.207288e-01 1.801812e-01 2.385224e-01 2.953925e-01 3.504412e-01 4.033289e-01 4.537296e-01 5.013327e-01 5.458446e-01 5.869909e-01 6.245180e-01 6.581945e-01 6.878128e-01 7.131903e-01 7.341705e-01 7.506242e-01 7.624498e-01 7.695744e-01 7.719542e-01 
-8.068144e-01 -8.043272e-01 -7.968811e-01 -7.845219e-01 -7.673260e-01 -7.453993e-01 -7.188771e-01 -6.879229e-01 -6.527278e-01 -6.135087e-01 -5.705074e-01 -5.239892e-01 -4.742409e-01 -4.215692e-01 -3.662989e-01 -3.087708e-01 -2.493396e-01 -1.883717e-01 -1.262429e-01 -6.333629e-02 -3.972066e-05 6.325661e-02 1.261625e-01 1.882901e-01 2.492564e-01 3.086856e-01 3.662113e-01 4.214788e-01 4.741475e-01 5.238926e-01 5.704074e-01 6.134052e-01 6.526210e-01 6.878128e-01 7.187639e-01 7.452833e-01 7.672076e-01 7.844016e-01 7.967593e-01 8.042045e-01 8.066914e-01 
-8.365812e-01 -8.340023e-01 -8.262814e-01 -8.134662e-01 -7.956358e-01 -7.729001e-01 -7.453993e-01 -7.133030e-01 -6.768093e-01 -6.361431e-01 -5.915553e-01 -5.433208e-01 -4.917370e-01 -4.371219e-01 -3.798125e-01 -3.201619e-01 -2.585380e-01 -1.953206e-01 -1.308996e-01 -6.567211e-02 -4.024578e-05 6.559137e-02 1.308181e-01 1.952379e-01 2.584535e-01 3.200754e-01 3.797234e-01 4.370300e-01 4.916419e-01 5.432223e-01 5.914533e-01 6.360375e-01 6.767000e-01 7.131903e-01 7.452833e-01 7.727811e-01 7.955143e-01 8.133427e-01 8.261564e-01 8.338763e-01 8.364549e-01 
-8.611904e-01 -8.585356e-01 -8.505876e-01 -8.373954e-01 -8.190404e-01 -7.956358e-01 -7.673260e-01 -7.342855e-01 -6.967182e-01 -6.548557e-01 -6.089562e-01 -5.593028e-01 -5.062015e-01 -4.499799e-01 -3.909845e-01 -3.295792e-01 -2.661425e-01 -2.010655e-01 -1.347495e-01 -6.760322e-02 -4.069510e-05 6.752157e-02 1.346671e-01 2.009818e-01 2.660570e-01 3.294915e-01 3.908942e-01 4.498866e-01 5.061049e-01 5.592026e-01 6.088524e-01 6.547481e-01 6.966069e-01 7.341705e-01 7.672076e-01 7.955143e-01 8.189163e-01 8.372691e-01 8.504597e-01 8.584067e-01 8.610612e-01 
-8.804900e-01 -8.777757e-01 -8.696496e-01 -8.561618e-01 -8.373954e-01 -8.134662e-01 -7.845219e-01 -7.507410e-01 -7.123317e-01 -6.695310e-01 -6.226028e-01 -5.718366e-01 -5.175452e-01 -4.600636e-01 -3.997461e-01 -3.369647e-01 -2.721063e-01 -2.055709e-01 -1.377687e-01 -6.911768e-02 -4.105713e-05 6.903530e-02 1.376855e-01 2.054865e-01 2.720200e-01 3.368761e-01 3.996549e-01 4.599693e-01 5.174475e-01 5.717351e-01 6.224976e-01 6.694219e-01 7.122187e-01 7.506242e-01 7.844016e-01 8.133427e-01 8.372691e-01 8.560332e-01 8.695194e-01 8.776445e-01 8.803585e-01 
-8.943612e-01 -8.916041e-01 -8.833500e-01 -8.696496e-01 -8.505876e-01 -8.262814e-01 -7.968811e-01 -7.625679e-01 -7.235535e-01 -6.800785e-01 -6.324110e-01 -5.808449e-01 -5.256983e-01 -4.673111e-01 -4.060433e-01 -3.422728e-01 -2.763927e-01 -2.088091e-01 -1.399387e-01 -7.020617e-02 -4.132259e-05 7.012325e-02 1.398550e-01 2.087240e-01 2.763058e-01 3.421836e-01 4.059513e-01 4.672159e-01 5.255996e-01 5.807425e-01 6.323047e-01 6.799682e-01 7.234392e-01 7.624498e-01 7.967593e-01 8.261564e-01 8.504597e-01 8.695194e-01 8.832181e-01 8.914712e-01 8.942279e-01 
-9.027183e-01 -8.999354e-01 -8.916041e-01 -8.777757e-01 -8.585356e-01 -8.340023e-01 -8.043272e-01 -7.696934e-01 -7.303144e-01 -6.864331e-01 -6.383202e-01 -5.862723e-01 -5.306103e-01 -4.716775e-01 -4.098373e-01 -3.454708e-01 -2.789751e-01 -2.107600e-01 -1.412461e-01 -7.086196e-02 -4.148467e-05 7.077872e-02 1.411620e-01 2.106746e-01 2.788878e-01 3.453812e-01 4.097448e-01 4.715819e-01 5.305111e-01 5.861693e-01 6.382132e-01 6.863221e-01 7.301993e-01 7.695744e-01 8.042045e-01 8.338763e-01 8.584067e-01 8.776445e-01 8.914712e-01 8.998014e-01 9.025839e-01 
-9.055097e-01 -9.027183e-01 -8.943612e-01 -8.804900e-01 -8.611903e-01 -8.365812e-01 -8.068144e-01 -7.720734e-01 -7.325727e-01 -6.885557e-01 -6.402940e-01 -5.880851e-01 -5.322510e-01 -4.731360e-01 -4.111045e-01 -3.465390e-01 -2.798377e-01 -2.114117e-01 -1.416828e-01 -7.108101e-02 -4.153938e-05 7.099765e-02 1.415986e-01 2.113261e-01 2.797503e-01 3.464493e-01 4.110119e-01 4.730402e-01 5.321516e-01 5.879819e-01 6.401868e-01 6.884444e-01 7.324573e-01 7.719542e-01 8.066914e-01 8.364549e-01 8.610612e-01 8.803585e-01 8.942279e-01 9.025839e-01 9.053750e-01 
