9.065532e-01 8.953897e-01 8.621739e-01 8.077225e-01 7.333747e-01 6.409588e-01 5.327479e-01 4.114037e-01 2.799115e-01 1.415064e-01 -4.055713e-04 -1.423315e-01 -2.807773e-01 -4.123336e-01 -5.337596e-01 -6.420628e-01 -7.345725e-01 -8.090064e-01 -8.635271e-01 -8.967878e-01 -9.079669e-01 
8.953897e-01 8.843637e-01 8.515568e-01 7.977758e-01 7.243432e-01 6.330651e-01 5.261864e-01 4.063361e-01 2.764627e-01 1.397616e-01 -4.031175e-04 -1.405816e-01 -2.773227e-01 -4.072591e-01 -5.271898e-01 -6.341592e-01 -7.255295e-01 -7.990466e-01 -8.528956e-01 -8.857466e-01 -8.967878e-01 
8.621739e-01 8.515568e-01 8.199666e-01 7.681802e-01 6.974710e-01 6.095781e-01 5.066633e-01 3.912579e-01 2.662012e-01 1.345702e-01 -3.960004e-04 -1.353752e-01 -2.670444e-01 -3.921610e-01 -5.076427e-01 -6.106436e-01 -6.986238e-01 -7.694130e-01 -8.212637e-01 -8.528956e-01 -8.635271e-01 
8.077225e-01 7.977758e-01 7.681802e-01 7.196635e-01 6.534188e-01 5.710754e-01 4.746585e-01 3.665398e-01 2.493791e-01 1.260593e-01 -3.849268e-04 -1.268412e-01 -2.501961e-01 -3.674118e-01 -4.756008e-01 -5.720965e-01 -6.545199e-01 -7.208377e-01 -7.694130e-01 -7.990466e-01 -8.090064e-01 
7.333747e-01 7.243432e-01 6.974710e-01 6.534188e-01 5.932700e-01 5.185038e-01 4.309591e-01 3.327894e-01 2.264098e-01 1.144378e-01 -3.709927e-04 -1.151905e-01 -2.271938e-01 -3.336225e-01 -4.318547e-01 -5.194694e-01 -5.943065e-01 -6.545199e-01 -6.986238e-01 -7.255295e-01 -7.345725e-01 
6.409588e-01 6.330651e-01 6.095781e-01 5.710754e-01 5.185038e-01 4.531561e-01 3.766396e-01 2.908365e-01 1.978576e-01 9.999072e-02 -3.555710e-04 -1.007112e-01 -1.986053e-01 -2.916267e-01 -3.774839e-01 -4.540608e-01 -5.194694e-01 -5.720965e-01 -6.106436e-01 -6.341591e-01 -6.420627e-01 
5.327479e-01 5.261864e-01 5.066633e-01 4.746585e-01 4.309591e-01 3.766396e-01 3.130360e-01 2.417128e-01 1.644244e-01 8.307276e-02 -3.401736e-04 -8.376105e-02 -1.651358e-01 -2.424603e-01 -3.138293e-01 -3.774839e-01 -4.318547e-01 -4.756007e-01 -5.076427e-01 -5.271898e-01 -5.337596e-01 
4.114037e-01 4.063361e-01 3.912579e-01 3.665398e-01 3.327894e-01 2.908365e-01 2.417128e-01 1.866264e-01 1.269323e-01 6.409931e-02 -3.263028e-04 -6.475861e-02 -1.276110e-01 -1.873355e-01 -2.424603e-01 -2.916267e-01 -3.336225e-01 -3.674118e-01 -3.921609e-01 -4.072590e-01 -4.123335e-01 
2.799115e-01 2.764627e-01 2.662012e-01 2.493791e-01 2.264098e-01 1.978576e-01 1.644244e-01 1.269323e-01 8.630318e-02 4.353652e-02 -3.153063e-04 -4.417283e-02 -8.695606e-02 -1.276110e-01 -1.651358e-01 -1.986052e-01 -2.271938e-01 -2.501960e-01 -2.670443e-01 -2.773226e-01 -2.807772e-01 
1.415064e-01 1.397616e-01 1.345702e-01 1.260593e-01 1.144378e-01 9.999072e-02 8.307276e-02 6.409931e-02 4.353652e-02 2.188985e-02 -3.082493e-04 -2.251142e-02 -4.417282e-02 -6.475858e-02 -8.376101e-02 -1.007112e-01 -1.151904e-01 -1.268411e-01 -1.353751e-01 -1.405815e-01 -1.423314e-01 
-4.055713e-04 -4.031175e-04 -3.960004e-04 -3.849268e-04 -3.709927e-04 -3.555710e-04 -3.401736e-04 -3.263028e-04 -3.153063e-04 -3.082493e-04 -3.058136e-04 -3.082342e-04 -3.152766e-04 -3.262592e-04 -3.401171e-04 -3.555030e-04 -3.709149e-04 -3.848410e-04 -3.959088e-04 -4.030224e-04 -4.054754e-04 
-1.423315e-01 -1.405816e-01 -1.353752e-01 -1.268412e-01 -1.151905e-01 -1.007112e-01 -8.376105e-02 -6.475861e-02 -4.417283e-02 -2.251142e-02 -3.082342e-04 2.188988e-02 4.353656e-02 6.409937e-02 8.307283e-02 9.999080e-02 1.144379e-01 1.260594e-01 1.345703e-01 1.397617e-01 1.415065e-01 
-2.807773e-01 -2.773227e-01 -2.670444e-01 -2.501961e-01 -2.271938e-01 -1.986053e-01 -1.651358e-01 -1.276110e-01 -8.695606e-02 -4.417282e-02 -3.152766e-04 4.353656e-02 8.630323e-02 1.269324e-01 1.644245e-01 1.978577e-01 2.264099e-01 2.493792e-01 2.662014e-01 2.764628e-01 2.799116e-01 
-4.123336e-01 -4.072591e-01 -3.921610e-01 -3.674118e-01 -3.336225e-01 -2.916267e-01 -2.424603e-01 -1.873355e-01 -1.276110e-01 -6.475858e-02 -3.262592e-04 6.409937e-02 1.269324e-01 1.866264e-01 2.417129e-01 2.908366e-01 3.327895e-01 3.665399e-01 3.912581e-01 4.063363e-01 4.114039e-01 
-5.337596e-01 -5.271898e-01 -5.076427e-01 -4.756008e-01 -4.318547e-01 -3.774839e-01 -3.138293e-01 -2.424603e-01 -1.651358e-01 -8.376101e-02 -3.401171e-04 8.307283e-02 1.644245e-01 2.417129e-01 3.130361e-01 3.766397e-01 4.309592e-01 4.746586e-01 5.066634e-01 5.261865e-01 5.327480e-01 
-6.420628e-01 -6.341592e-01 -6.106436e-01 -5.720965e-01 -5.194694e-01 -4.540608e-01 -3.774839e-01 -2.916267e-01 -1.986052e-01 -1.007112e-01 -3.555030e-04 9.999080e-02 1.978577e-01 2.908366e-01 3.766397e-01 4.531562e-01 5.185039e-01 5.710755e-01 6.095783e-01 6.330652e-01 6.409589e-01 
-7.345725e-01 -7.255295e-01 -6.986238e-01 -6.545199e-01 -5.943065e-01 -5.194694e-01 -4.318547e-01 -3.336225e-01 -2.271938e-01 -1.151904e-01 -3.709149e-04 1.144379e-01 2.264099e-01 3.327895e-01 4.309592e-01 5.185039e-01 5.932701e-01 6.534190e-01 6.974712e-01 7.243434e-01 7.333748e-01 
-8.090064e-01 -7.990466e-01 -7.694130e-01 -7.208377e-01 -6.545199e-01 -5.720965e-01 -4.756007e-01 -3.674118e-01 -2.501960e-01 -1.268411e-01 -3.848410e-04 1.260594e-01 2.493792e-01 3.665399e-01 4.746586e-01 5.710755e-01 6.534190e-01 7.196636e-01 7.681803e-01 7.977759e-01 8.077227e-01 
-8.635271e-01 -8.528956e-01 -8.212637e-01 -7.694130e-01 -6.986238e-01 -6.106436e-01 -5.076427e-01 -3.921609e-01 -2.670443e-01 -1.353751e-01 -3.959088e-04 1.345703e-01 2.662014e-01 3.912581e-01 5.066634e-01 6.095783e-01 6.974712e-01 7.681803e-01 8.199668e-01 8.515569e-01 8.621740e-01 
-8.967878e-01 -8.857466e-01 -8.528956e-01 -7.990466e-01 -7.255295e-01 -6.341591e-01 -5.271898e-01 -4.072590e-01 -2.773226e-01 -1.405815e-01 -4.030224e-04 1.397617e-01 2.764628e-01 4.063363e-01 5.261865e-01 6.330652e-01 7.243434e-01 7.977759e-01 8.515569e-01 8.843638e-01 8.953898e-01 
-9.079669e-01 -8.967878e-01 -8.635271e-01 -8.090064e-01 -7.345725e-01 -6.420627e-01 -5.337596e-01 -4.123335e-01 -2.807772e-01 -1.423314e-01 -4.054754e-04 1.415065e-01 2.799116e-01 4.114039e-01 5.327480e-01 6.409589e-01 7.333748e-01 8.077227e-01 8.621740e-01 8.953898e-01 9.065533e-01 
