9.049718e-01 9.042741e-01 9.021821e-01 8.986989e-01 8.938300e-01 8.875829e-01 8.799672e-01 8.709946e-01 8.606790e-01 8.490362e-01 8.360843e-01 8.218433e-01 8.063349e-01 7.895833e-01 7.716141e-01 7.524552e-01 7.321360e-01 7.106879e-01 6.881440e-01 6.645390e-01 6.399093e-01 6.142929e-01 5.877292e-01 5.602594e-01 5.319256e-01 5.027716e-01 4.728424e-01 4.421840e-01 4.108438e-01 3.788701e-01 3.463122e-01 3.132203e-01 2.796454e-01 2.456392e-01 2.112543e-01 1.765437e-01 1.415607e-01 1.063595e-01 7.099426e-02 3.551951e-02 -1.003849e-05 -3.553960e-02 -7.101440e-02 -1.063797e-01 -1.415811e-01 -1.765641e-01 -2.112750e-01 -2.456601e-01 -2.796665e-01 -3.132416e-01 -3.463338e-01 -3.788921e-01 -4.108661e-01 -4.422067e-01 -4.728654e-01 -5.027950e-01 -5.319494e-01 -5.602837e-01 -5.877540e-01 -6.143181e-01 -6.399349e-01 -6.645651e-01 -6.881706e-01 -7.107150e-01 -7.321636e-01 -7.524832e-01 -7.716426e-01 -7.896122e-01 -8.063642e-01 -8.218729e-01 -8.361144e-01 -8.490667e-01 -8.607097e-01 -8.710256e-01 -8.799984e-01 -8.876144e-01 -8.938617e-01 -8.987307e-01 -9.022140e-01 -9.043061e-01 -9.050038e-01 
9.042741e-01 9.035770e-01 9.014865e-01 8.980061e-01 8.931409e-01 8.868986e-01 8.792887e-01 8.703231e-01 8.600154e-01 8.483817e-01 8.354397e-01 8.212096e-01 8.057133e-01 7.889745e-01 7.710192e-01 7.518751e-01 7.315716e-01 7.101400e-01 6.876135e-01 6.640267e-01 6.394159e-01 6.138193e-01 5.872761e-01 5.598274e-01 5.315155e-01 5.023840e-01 4.724778e-01 4.418431e-01 4.105271e-01 3.785780e-01 3.460452e-01 3.129788e-01 2.794298e-01 2.454499e-01 2.110915e-01 1.764075e-01 1.414516e-01 1.062775e-01 7.093952e-02 3.549212e-02 -1.003523e-05 -3.551221e-02 -7.095966e-02 -1.062977e-01 -1.414719e-01 -1.764280e-01 -2.111121e-01 -2.454707e-01 -2.794508e-01 -3.130001e-01 -3.460668e-01 -3.786000e-01 -4.105493e-01 -4.418657e-01 -4.725008e-01 -5.024074e-01 -5.315393e-01 -5.598517e-01 -5.873008e-01 -6.138445e-01 -6.394416e-01 -6.640528e-01 -6.876401e-01 -7.101671e-01 -7.315991e-01 -7.519031e-01 -7.710477e-01 -7.890034e-01 -8.057425e-01 -8.212393e-01 -8.354698e-01 -8.484121e-01 -8.600461e-01 -8.703541e-01 -8.793200e-01 -8.869301e-01 -8.931726e-01 -8.980379e-01 -9.015184e-01 -9.036089e-01 -9.043061e-01 
9.021821e-01 9.014865e-01 8.994009e-01 8.959285e-01 8.910746e-01 8.848468e-01 8.772545e-01 8.683096e-01 8.580258e-01 8.464189e-01 8.335069e-01 8.193098e-01 8.038492e-01 7.871492e-01 7.692355e-01 7.501356e-01 7.298791e-01 7.084971e-01 6.860227e-01 6.624904e-01 6.379366e-01 6.123992e-01 5.859175e-01 5.585323e-01 5.302858e-01 5.012217e-01 4.713847e-01 4.408209e-01 4.095773e-01 3.777022e-01 3.452446e-01 3.122547e-01 2.787833e-01 2.448820e-01 2.106031e-01 1.759994e-01 1.411243e-01 1.060316e-01 7.077539e-02 3.541000e-02 -1.002545e-05 -3.543006e-02 -7.079551e-02 -1.060518e-01 -1.411446e-01 -1.760199e-01 -2.106237e-01 -2.449028e-01 -2.788044e-01 -3.122760e-01 -3.452662e-01 -3.777241e-01 -4.095996e-01 -4.408435e-01 -4.714077e-01 -5.012451e-01 -5.303096e-01 -5.585565e-01 -5.859421e-01 -6.124243e-01 -6.379622e-01 -6.625165e-01 -6.860492e-01 -7.085241e-01 -7.299066e-01 -7.501636e-01 -7.692639e-01 -7.871781e-01 -8.038785e-01 -8.193394e-01 -8.335369e-01 -8.464493e-01 -8.580564e-01 -8.683405e-01 -8.772857e-01 -8.848782e-01 -8.911062e-01 -8.959603e-01 -8.994328e-01 -9.015184e-01 -9.022140e-01 
8.986989e-01 8.980061e-01 8.959285e-01 8.924695e-01 8.876344e-01 8.814305e-01 8.738676e-01 8.649572e-01 8.547131e-01 8.431511e-01 8.302889e-01 8.161466e-01 8.007457e-01 7.841102e-01 7.662656e-01 7.472395e-01 7.270612e-01 7.057617e-01 6.833741e-01 6.599327e-01 6.354737e-01 6.100348e-01 5.836553e-01 5.563759e-01 5.282385e-01 4.992866e-01 4.695648e-01 4.391189e-01 4.079960e-01 3.762439e-01 3.439117e-01 3.110491e-01 2.777070e-01 2.439365e-01 2.097900e-01 1.753199e-01 1.405795e-01 1.056222e-01 7.050212e-02 3.527327e-02 -1.000922e-05 -3.529330e-02 -7.052220e-02 -1.056424e-01 -1.405997e-01 -1.753403e-01 -2.098106e-01 -2.439573e-01 -2.777280e-01 -3.110704e-01 -3.439332e-01 -3.762658e-01 -4.080182e-01 -4.391415e-01 -4.695877e-01 -4.993099e-01 -5.282622e-01 -5.564000e-01 -5.836800e-01 -6.100599e-01 -6.354992e-01 -6.599587e-01 -6.834005e-01 -7.057887e-01 -7.270886e-01 -7.472673e-01 -7.662939e-01 -7.841389e-01 -8.007749e-01 -8.161761e-01 -8.303188e-01 -8.431813e-01 -8.547436e-01 -8.649880e-01 -8.738987e-01 -8.814618e-01 -8.876658e-01 -8.925011e-01 -8.959603e-01 -8.980379e-01 -8.987307e-01 
8.938300e-01 8.931409e-01 8.910746e-01 8.876344e-01 8.828254e-01 8.766552e-01 8.691332e-01 8.602711e-01 8.500825e-01 8.385831e-01 8.257907e-01 8.117249e-01 7.964075e-01 7.798621e-01 7.621142e-01 7.431911e-01 7.231221e-01 7.019381e-01 6.796717e-01 6.563573e-01 6.320309e-01 6.067298e-01 5.804932e-01 5.533616e-01 5.253766e-01 4.965816e-01 4.670208e-01 4.367399e-01 4.057856e-01 3.742055e-01 3.420485e-01 3.093639e-01 2.762024e-01 2.426149e-01 2.086534e-01 1.743700e-01 1.398178e-01 1.050500e-01 7.012013e-02 3.508213e-02 -9.986644e-06 -3.510212e-02 -7.014017e-02 -1.050701e-01 -1.398380e-01 -1.743904e-01 -2.086739e-01 -2.426357e-01 -2.762234e-01 -3.093852e-01 -3.420700e-01 -3.742273e-01 -4.058077e-01 -4.367624e-01 -4.670437e-01 -4.966048e-01 -5.254003e-01 -5.533857e-01 -5.805178e-01 -6.067548e-01 -6.320563e-01 -6.563832e-01 -6.796981e-01 -7.019650e-01 -7.231494e-01 -7.432189e-01 -7.621424e-01 -7.798907e-01 -7.964365e-01 -8.117543e-01 -8.258204e-01 -8.386132e-01 -8.501129e-01 -8.603018e-01 -8.691642e-01 -8.766864e-01 -8.828568e-01 -8.876658e-01 -8.911062e-01 -8.931726e-01 -8.938617e-01 
8.875829e-01 8.868986e-01 8.848468e-01 8.814305e-01 8.766552e-01 8.705281e-01 8.630587e-01 8.542585e-01 8.441411e-01 8.327221e-01 8.200191e-01 8.060516e-01 7.908413e-01 7.744115e-01 7.567876e-01 7.379969e-01 7.180681e-01 6.970321e-01 6.749214e-01 6.517699e-01 6.276135e-01 6.024893e-01 5.764361e-01 5.494940e-01 5.217047e-01 4.931109e-01 4.637567e-01 4.336874e-01 4.029494e-01 3.715901e-01 3.396578e-01 3.072017e-01 2.742719e-01 2.409192e-01 2.071950e-01 1.731513e-01 1.388406e-01 1.043157e-01 6.963001e-02 3.483690e-02 -9.957867e-06 -3.485683e-02 -6.964999e-02 -1.043358e-01 -1.388607e-01 -1.731716e-01 -2.072155e-01 -2.409399e-01 -2.742928e-01 -3.072229e-01 -3.396792e-01 -3.716118e-01 -4.029715e-01 -4.337099e-01 -4.637795e-01 -4.931340e-01 -5.217282e-01 -5.495180e-01 -5.764605e-01 -6.025142e-01 -6.276388e-01 -6.517957e-01 -6.749476e-01 -6.970589e-01 -7.180953e-01 -7.380245e-01 -7.568157e-01 -7.744400e-01 -7.908702e-01 -8.060809e-01 -8.200487e-01 -8.327521e-01 -8.441714e-01 -8.542891e-01 -8.630895e-01 -8.705591e-01 -8.766864e-01 -8.814618e-01 -8.848782e-01 -8.869301e-01 -8.876144e-01 
8.799672e-01 8.792887e-01 8.772545e-01 8.738676e-01 8.691332e-01 8.630587e-01 8.556534e-01 8.469287e-01 8.368981e-01 8.255771e-01 8.129831e-01 7.991354e-01 7.840556e-01 7.677668e-01 7.502942e-01 7.316646e-01 7.119069e-01 6.910514e-01 6.691303e-01 6.461775e-01 6.222283e-01 5.973197e-01 5.714900e-01 5.447792e-01 5.172283e-01 4.888798e-01 4.597775e-01 4.299662e-01 3.994920e-01 3.684017e-01 3.367434e-01 3.045658e-01 2.719186e-01 2.388520e-01 2.054172e-01 1.716656e-01 1.376492e-01 1.034206e-01 6.903252e-02 3.453794e-02 -9.923071e-06 -3.455780e-02 -6.905243e-02 -1.034406e-01 -1.376693e-01 -1.716858e-01 -2.054376e-01 -2.388726e-01 -2.719394e-01 -3.045869e-01 -3.367647e-01 -3.684234e-01 -3.995140e-01 -4.299886e-01 -4.598002e-01 -4.889029e-01 -5.172517e-01 -5.448031e-01 -5.715144e-01 -5.973445e-01 -6.222536e-01 -6.462032e-01 -6.691565e-01 -6.910779e-01 -7.119339e-01 -7.316921e-01 -7.503220e-01 -7.677951e-01 -7.840843e-01 -7.991645e-01 -8.130125e-01 -8.256068e-01 -8.369282e-01 -8.469591e-01 -8.556840e-01 -8.630895e-01 -8.691642e-01 -8.738987e-01 -8.772857e-01 -8.793200e-01 -8.799984e-01 
8.709946e-01 8.703231e-01 8.683096e-01 8.649572e-01 8.602711e-01 8.542585e-01 8.469287e-01 8.382930e-01 8.283647e-01 8.171591e-01 8.046935e-01 7.909871e-01 7.760610e-01 7.599383e-01 7.426438e-01 7.242042e-01 7.046479e-01 6.840051e-01 6.623075e-01 6.395888e-01 6.158838e-01 5.912291e-01 5.656628e-01 5.392243e-01 5.119543e-01 4.838949e-01 4.550894e-01 4.255821e-01 3.954185e-01 3.646453e-01 3.333098e-01 3.014603e-01 2.691459e-01 2.364165e-01 2.033226e-01 1.699151e-01 1.362456e-01 1.023660e-01 6.832857e-02 3.418572e-02 -9.882477e-06 -3.420550e-02 -6.834840e-02 -1.023859e-01 -1.362657e-01 -1.699353e-01 -2.033429e-01 -2.364370e-01 -2.691666e-01 -3.014812e-01 -3.333310e-01 -3.646668e-01 -3.954404e-01 -4.256043e-01 -4.551119e-01 -4.839179e-01 -5.119777e-01 -5.392481e-01 -5.656870e-01 -5.912537e-01 -6.159088e-01 -6.396143e-01 -6.623335e-01 -6.840314e-01 -7.046747e-01 -7.242314e-01 -7.426715e-01 -7.599664e-01 -7.760895e-01 -7.910159e-01 -8.047227e-01 -8.171886e-01 -8.283945e-01 -8.383231e-01 -8.469590e-01 -8.542891e-01 -8.603018e-01 -8.649880e-01 -8.683405e-01 -8.703541e-01 -8.710256e-01 
8.606790e-01 8.600154e-01 8.580258e-01 8.547131e-01 8.500825e-01 8.441411e-01 8.368981e-01 8.283647e-01 8.185540e-01 8.074811e-01 7.951631e-01 7.816190e-01 7.668697e-01 7.509380e-01 7.338483e-01 7.156271e-01 6.963024e-01 6.759040e-01 6.544635e-01 6.320138e-01 6.085896e-01 5.842269e-01 5.589634e-01 5.328380e-01 5.058910e-01 4.781639e-01 4.496995e-01 4.205417e-01 3.907354e-01 3.603266e-01 3.293622e-01 2.978899e-01 2.659582e-01 2.336165e-01 2.009145e-01 1.679027e-01 1.346320e-01 1.011536e-01 6.751926e-02 3.378077e-02 -9.836344e-06 -3.380046e-02 -6.753899e-02 -1.011734e-01 -1.346519e-01 -1.679227e-01 -2.009347e-01 -2.336369e-01 -2.659789e-01 -2.979107e-01 -3.293833e-01 -3.603480e-01 -3.907571e-01 -4.205637e-01 -4.497219e-01 -4.781867e-01 -5.059142e-01 -5.328616e-01 -5.589874e-01 -5.842513e-01 -6.086144e-01 -6.320391e-01 -6.544892e-01 -6.759302e-01 -6.963290e-01 -7.156541e-01 -7.338757e-01 -7.509658e-01 -7.668980e-01 -7.816476e-01 -7.951920e-01 -8.075103e-01 -8.185835e-01 -8.283945e-01 -8.369282e-01 -8.441714e-01 -8.501129e-01 -8.547436e-01 -8.580564e-01 -8.600461e-01 -8.607097e-01 
8.490362e-01 8.483817e-01 8.464189e-01 8.431511e-01 8.385831e-01 8.327221e-01 8.255771e-01 8.171591e-01 8.074811e-01 7.965580e-01 7.844066e-01 7.710457e-01 7.564960e-01 7.407797e-01 7.239212e-01 7.059465e-01 6.868832e-01 6.667608e-01 6.456103e-01 6.234643e-01 6.003569e-01 5.763238e-01 5.514021e-01 5.256301e-01 4.990476e-01 4.716955e-01 4.436162e-01 4.148528e-01 3.854497e-01 3.554523e-01 3.249067e-01 2.938602e-01 2.623605e-01 2.304562e-01 1.981966e-01 1.656313e-01 1.328107e-01 9.978520e-02 6.660583e-02 3.332373e-02 -9.784964e-06 -3.334331e-02 -6.662546e-02 -9.980490e-02 -1.328305e-01 -1.656513e-01 -1.982167e-01 -2.304765e-01 -2.623810e-01 -2.938809e-01 -3.249277e-01 -3.554735e-01 -3.854713e-01 -4.148747e-01 -4.436385e-01 -4.717182e-01 -4.990706e-01 -5.256535e-01 -5.514259e-01 -5.763481e-01 -6.003816e-01 -6.234894e-01 -6.456358e-01 -6.667868e-01 -6.869096e-01 -7.059733e-01 -7.239484e-01 -7.408073e-01 -7.565239e-01 -7.710741e-01 -7.844353e-01 -7.965869e-01 -8.075103e-01 -8.171886e-01 -8.256068e-01 -8.327520e-01 -8.386132e-01 -8.431813e-01 -8.464493e-01 -8.484120e-01 -8.490666e-01 
8.360843e-01 8.354397e-01 8.335069e-01 8.302889e-01 8.257907e-01 8.200191e-01 8.129831e-01 8.046935e-01 7.951631e-01 7.844066e-01 7.724406e-01 7.592836e-01 7.449558e-01 7.294793e-01 7.128779e-01 6.951774e-01 6.764049e-01 6.565895e-01 6.357616e-01 6.139534e-01 5.911986e-01 5.675321e-01 5.429905e-01 5.176116e-01 4.914346e-01 4.644999e-01 4.368489e-01 4.085242e-01 3.795697e-01 3.500298e-01 3.199503e-01 2.893773e-01 2.583581e-01 2.269406e-01 1.951731e-01 1.631046e-01 1.307846e-01 9.826291e-02 6.558968e-02 3.281529e-02 -9.728662e-06 -3.283476e-02 -6.560920e-02 -9.828250e-02 -1.308043e-01 -1.631244e-01 -1.951931e-01 -2.269607e-01 -2.583785e-01 -2.893979e-01 -3.199711e-01 -3.500510e-01 -3.795911e-01 -4.085460e-01 -4.368710e-01 -4.645223e-01 -4.914575e-01 -5.176349e-01 -5.430141e-01 -5.675561e-01 -5.912230e-01 -6.139783e-01 -6.357869e-01 -6.566152e-01 -6.764311e-01 -6.952039e-01 -7.129049e-01 -7.295066e-01 -7.449834e-01 -7.593116e-01 -7.724690e-01 -7.844353e-01 -7.951920e-01 -8.047227e-01 -8.130125e-01 -8.200487e-01 -8.258204e-01 -8.303188e-01 -8.335369e-01 -8.354698e-01 -8.361144e-01 
8.218433e-01 8.212096e-01 8.193098e-01 8.161466e-01 8.117249e-01 8.060516e-01 7.991354e-01 7.909871e-01 7.816190e-01 7.710457e-01 7.592836e-01 7.463506e-01 7.322669e-01 7.170540e-01 7.007354e-01 6.833364e-01 6.648837e-01 6.454057e-01 6.249326e-01 6.034959e-01 5.811286e-01 5.578652e-01 5.337417e-01 5.087951e-01 4.830640e-01 4.565880e-01 4.294079e-01 4.015658e-01 3.731044e-01 3.440677e-01 3.145005e-01 2.844483e-01 2.539574e-01 2.230750e-01 1.918486e-01 1.603263e-01 1.285568e-01 9.658910e-02 6.447239e-02 3.225624e-02 -9.667794e-06 -3.227559e-02 -6.449178e-02 -9.660856e-02 -1.285764e-01 -1.603460e-01 -1.918684e-01 -2.230950e-01 -2.539777e-01 -2.844687e-01 -3.145212e-01 -3.440887e-01 -3.731257e-01 -4.015874e-01 -4.294299e-01 -4.566103e-01 -4.830866e-01 -5.088181e-01 -5.337651e-01 -5.578890e-01 -5.811528e-01 -6.035205e-01 -6.249577e-01 -6.454312e-01 -6.649095e-01 -6.833626e-01 -7.007621e-01 -7.170810e-01 -7.322942e-01 -7.463783e-01 -7.593116e-01 -7.710741e-01 -7.816476e-01 -7.910159e-01 -7.991645e-01 -8.060809e-01 -8.117543e-01 -8.161761e-01 -8.193394e-01 -8.212393e-01 -8.218729e-01 
8.063349e-01 8.057133e-01 8.038492e-01 8.007457e-01 7.964075e-01 7.908413e-01 7.840556e-01 7.760610e-01 7.668697e-01 7.564960e-01 7.449558e-01 7.322669e-01 7.184488e-01 7.035230e-01 6.875124e-01 6.704417e-01 6.523372e-01 6.332268e-01 6.131400e-01 5.921078e-01 5.701626e-01 5.473382e-01 5.236698e-01 4.991940e-01 4.739484e-01 4.479720e-01 4.213049e-01 3.939881e-01 3.660638e-01 3.375750e-01 3.085657e-01 2.790806e-01 2.491651e-01 2.188655e-01 1.882283e-01 1.573009e-01 1.261309e-01 9.476634e-02 6.325568e-02 3.164745e-02 -9.602742e-06 -3.166667e-02 -6.327494e-02 -9.478567e-02 -1.261503e-01 -1.573204e-01 -1.882480e-01 -2.188853e-01 -2.491852e-01 -2.791009e-01 -3.085863e-01 -3.375958e-01 -3.660849e-01 -3.940095e-01 -4.213266e-01 -4.479941e-01 -4.739709e-01 -4.992168e-01 -5.236930e-01 -5.473618e-01 -5.701865e-01 -5.921322e-01 -6.131648e-01 -6.332520e-01 -6.523627e-01 -6.704676e-01 -6.875387e-01 -7.035497e-01 -7.184759e-01 -7.322942e-01 -7.449834e-01 -7.565239e-01 -7.668979e-01 -7.760895e-01 -7.840843e-01 -7.908701e-01 -7.964365e-01 -8.007749e-01 -8.038785e-01 -8.057425e-01 -8.063642e-01 
7.895833e-01 7.889745e-01 7.871492e-01 7.841102e-01 7.798621e-01 7.744115e-01 7.677668e-01 7.599383e-01 7.509380e-01 7.407797e-01 7.294793e-01 7.170540e-01 7.035230e-01 6.889073e-01 6.732293e-01 6.565132e-01 6.387848e-01 6.200715e-01 6.004020e-01 5.798067e-01 5.583174e-01 5.359672e-01 5.127905e-01 4.888232e-01 4.641021e-01 4.386653e-01 4.125522e-01 3.858029e-01 3.584587e-01 3.305618e-01 3.021552e-01 2.732826e-01 2.439886e-01 2.143184e-01 1.843177e-01 1.540328e-01 1.235104e-01 9.279745e-02 6.194142e-02 3.098985e-02 -9.533915e-06 -3.100893e-02 -6.196054e-02 -9.281664e-02 -1.235297e-01 -1.540522e-01 -1.843373e-01 -2.143382e-01 -2.440086e-01 -2.733027e-01 -3.021756e-01 -3.305825e-01 -3.584797e-01 -3.858241e-01 -4.125737e-01 -4.386872e-01 -4.641243e-01 -4.888458e-01 -5.128135e-01 -5.359905e-01 -5.583411e-01 -5.798308e-01 -6.004265e-01 -6.200963e-01 -6.388101e-01 -6.565388e-01 -6.732553e-01 -6.889336e-01 -7.035497e-01 -7.170810e-01 -7.295066e-01 -7.408073e-01 -7.509658e-01 -7.599664e-01 -7.677951e-01 -7.744400e-01 -7.798907e-01 -7.841389e-01 -7.871780e-01 -7.890034e-01 -7.896121e-01 
7.716141e-01 7.710192e-01 7.692355e-01 7.662656e-01 7.621142e-01 7.567876e-01 7.502942e-01 7.426438e-01 7.338483e-01 7.239212e-01 7.128779e-01 7.007354e-01 6.875124e-01 6.732293e-01 6.579081e-01 6.415724e-01 6.242475e-01 6.059600e-01 5.867381e-01 5.666116e-01 5.456113e-01 5.237697e-01 5.011205e-01 4.776986e-01 4.535401e-01 4.286822e-01 4.031634e-01 3.770228e-01 3.503009e-01 3.230389e-01 2.952787e-01 2.670632e-01 2.384359e-01 2.094409e-01 1.801230e-01 1.505273e-01 1.206994e-01 9.068547e-02 6.053164e-02 3.028445e-02 -9.461744e-06 -3.030339e-02 -6.055062e-02 -9.070451e-02 -1.207186e-01 -1.505465e-01 -1.801424e-01 -2.094605e-01 -2.384557e-01 -2.670832e-01 -2.952989e-01 -3.230593e-01 -3.503217e-01 -3.770439e-01 -4.031847e-01 -4.287039e-01 -4.535621e-01 -4.777209e-01 -5.011432e-01 -5.237928e-01 -5.456347e-01 -5.666354e-01 -5.867623e-01 -6.059846e-01 -6.242724e-01 -6.415977e-01 -6.579337e-01 -6.732553e-01 -6.875387e-01 -7.007620e-01 -7.129049e-01 -7.239484e-01 -7.338757e-01 -7.426715e-01 -7.503220e-01 -7.568157e-01 -7.621424e-01 -7.662939e-01 -7.692639e-01 -7.710477e-01 -7.716426e-01 
7.524552e-01 7.518751e-01 7.501356e-01 7.472395e-01 7.431911e-01 7.379969e-01 7.316646e-01 7.242042e-01 7.156271e-01 7.059465e-01 6.951774e-01 6.833364e-01 6.704417e-01 6.565132e-01 6.415724e-01 6.256424e-01 6.087476e-01 5.909142e-01 5.721696e-01 5.525427e-01 5.320639e-01 5.107646e-01 4.886778e-01 4.658374e-01 4.422788e-01 4.180381e-01 3.931529e-01 3.676614e-01 3.416030e-01 3.150179e-01 2.879470e-01 2.604320e-01 2.325155e-01 2.042405e-01 1.756505e-01 1.467896e-01 1.177024e-01 8.843364e-02 5.902851e-02 2.953235e-02 -9.386680e-06 -2.955113e-02 -5.904734e-02 -8.845253e-02 -1.177214e-01 -1.468087e-01 -1.756697e-01 -2.042599e-01 -2.325351e-01 -2.604518e-01 -2.879670e-01 -3.150381e-01 -3.416235e-01 -3.676822e-01 -3.931740e-01 -4.180596e-01 -4.423005e-01 -4.658595e-01 -4.887002e-01 -5.107874e-01 -5.320871e-01 -5.525663e-01 -5.721935e-01 -5.909384e-01 -6.087722e-01 -6.256673e-01 -6.415977e-01 -6.565388e-01 -6.704676e-01 -6.833626e-01 -6.952039e-01 -7.059733e-01 -7.156541e-01 -7.242314e-01 -7.316920e-01 -7.380244e-01 -7.432189e-01 -7.472673e-01 -7.501635e-01 -7.519030e-01 -7.524832e-01 
7.321360e-01 7.315716e-01 7.298791e-01 7.270612e-01 7.231221e-01 7.180681e-01 7.119069e-01 7.046479e-01 6.963024e-01 6.868832e-01 6.764049e-01 6.648837e-01 6.523372e-01 6.387848e-01 6.242475e-01 6.087476e-01 5.923091e-01 5.749572e-01 5.567188e-01 5.376219e-01 5.176961e-01 4.969720e-01 4.754816e-01 4.532580e-01 4.303355e-01 4.067494e-01 3.825362e-01 3.577331e-01 3.323783e-01 3.065111e-01 2.801712e-01 2.533993e-01 2.262366e-01 1.987251e-01 1.709071e-01 1.428256e-01 1.145238e-01 8.604544e-02 5.743436e-02 2.873469e-02 -9.309189e-06 -2.875332e-02 -5.745302e-02 -8.606417e-02 -1.145426e-01 -1.428445e-01 -1.709262e-01 -1.987443e-01 -2.262560e-01 -2.534189e-01 -2.801910e-01 -3.065311e-01 -3.323987e-01 -3.577537e-01 -3.825571e-01 -4.067706e-01 -4.303570e-01 -4.532798e-01 -4.755038e-01 -4.969945e-01 -5.177190e-01 -5.376451e-01 -5.567423e-01 -5.749811e-01 -5.923333e-01 -6.087722e-01 -6.242724e-01 -6.388101e-01 -6.523627e-01 -6.649095e-01 -6.764310e-01 -6.869096e-01 -6.963290e-01 -7.046747e-01 -7.119338e-01 -7.180953e-01 -7.231494e-01 -7.270885e-01 -7.299065e-01 -7.315991e-01 -7.321635e-01 
7.106879e-01 7.101400e-01 7.084971e-01 7.057617e-01 7.019381e-01 6.970321e-01 6.910514e-01 6.840051e-01 6.759040e-01 6.667608e-01 6.565895e-01 6.454057e-01 6.332268e-01 6.200715e-01 6.059600e-01 5.909142e-01 5.749572e-01 5.581137e-01 5.404095e-01 5.218721e-01 5.025300e-01 4.824130e-01 4.615522e-01 4.399796e-01 4.177286e-01 3.948335e-01 3.713296e-01 3.472531e-01 3.226411e-01 2.975317e-01 2.719634e-01 2.459758e-01 2.196088e-01 1.929032e-01 1.659002e-01 1.386413e-01 1.111687e-01 8.352455e-02 5.575163e-02 2.789272e-02 -9.229751e-06 -2.791119e-02 -5.577014e-02 -8.354312e-02 -1.111873e-01 -1.386601e-01 -1.659191e-01 -1.929223e-01 -2.196280e-01 -2.459952e-01 -2.719830e-01 -2.975515e-01 -3.226612e-01 -3.472735e-01 -3.713503e-01 -3.948545e-01 -4.177499e-01 -4.400012e-01 -4.615741e-01 -4.824353e-01 -5.025526e-01 -5.218950e-01 -5.404328e-01 -5.581372e-01 -5.749811e-01 -5.909384e-01 -6.059845e-01 -6.200963e-01 -6.332519e-01 -6.454312e-01 -6.566152e-01 -6.667868e-01 -6.759302e-01 -6.840314e-01 -6.910779e-01 -6.970588e-01 -7.019649e-01 -7.057886e-01 -7.085241e-01 -7.101671e-01 -7.107150e-01 
6.881440e-01 6.876135e-01 6.860227e-01 6.833741e-01 6.796717e-01 6.749214e-01 6.691303e-01 6.623075e-01 6.544635e-01 6.456103e-01 6.357616e-01 6.249326e-01 6.131400e-01 6.004020e-01 5.867381e-01 5.721696e-01 5.567188e-01 5.404095e-01 5.232670e-01 5.053176e-01 4.865891e-01 4.671102e-01 4.469111e-01 4.260228e-01 4.044777e-01 3.823088e-01 3.595505e-01 3.362377e-01 3.124064e-01 2.880935e-01 2.633362e-01 2.381730e-01 2.126424e-01 1.867840e-01 1.606375e-01 1.342433e-01 1.076421e-01 8.087486e-02 5.398292e-02 2.700772e-02 -9.148857e-06 -2.702603e-02 -5.400127e-02 -8.089326e-02 -1.076606e-01 -1.342619e-01 -1.606562e-01 -1.868028e-01 -2.126614e-01 -2.381922e-01 -2.633557e-01 -2.881131e-01 -3.124263e-01 -3.362578e-01 -3.595709e-01 -3.823295e-01 -4.044987e-01 -4.260441e-01 -4.469327e-01 -4.671322e-01 -4.866113e-01 -5.053402e-01 -5.232899e-01 -5.404328e-01 -5.567423e-01 -5.721935e-01 -5.867623e-01 -6.004264e-01 -6.131648e-01 -6.249576e-01 -6.357869e-01 -6.456358e-01 -6.544892e-01 -6.623335e-01 -6.691564e-01 -6.749476e-01 -6.796981e-01 -6.834005e-01 -6.860492e-01 -6.876400e-01 -6.881706e-01 
6.645390e-01 6.640267e-01 6.624904e-01 6.599327e-01 6.563573e-01 6.517699e-01 6.461775e-01 6.395888e-01 6.320138e-01 6.234643e-01 6.139534e-01 6.034959e-01 5.921078e-01 5.798067e-01 5.666116e-01 5.525427e-01 5.376219e-01 5.218721e-01 5.053176e-01 4.879840e-01 4.698978e-01 4.510871e-01 4.315809e-01 4.114091e-01 3.906030e-01 3.691946e-01 3.472169e-01 3.247038e-01 3.016900e-01 2.782110e-01 2.543030e-01 2.300029e-01 2.053481e-01 1.803766e-01 1.551270e-01 1.296382e-01 1.039495e-01 7.810045e-02 5.213096e-02 2.608107e-02 -9.067005e-06 -2.609921e-02 -5.214914e-02 -7.811869e-02 -1.039678e-01 -1.296566e-01 -1.551456e-01 -1.803953e-01 -2.053669e-01 -2.300219e-01 -2.543223e-01 -2.782305e-01 -3.017097e-01 -3.247237e-01 -3.472371e-01 -3.692151e-01 -3.906238e-01 -4.114302e-01 -4.316022e-01 -4.511088e-01 -4.699198e-01 -4.880062e-01 -5.053402e-01 -5.218950e-01 -5.376451e-01 -5.525663e-01 -5.666354e-01 -5.798308e-01 -5.921321e-01 -6.035205e-01 -6.139783e-01 -6.234894e-01 -6.320391e-01 -6.396142e-01 -6.462032e-01 -6.517957e-01 -6.563832e-01 -6.599586e-01 -6.625165e-01 -6.640527e-01 -6.645651e-01 
6.399093e-01 6.394159e-01 6.379366e-01 6.354737e-01 6.320309e-01 6.276135e-01 6.222283e-01 6.158838e-01 6.085896e-01 6.003569e-01 5.911986e-01 5.811286e-01 5.701626e-01 5.583174e-01 5.456113e-01 5.320639e-01 5.176961e-01 5.025300e-01 4.865891e-01 4.698978e-01 4.524820e-01 4.343685e-01 4.155852e-01 3.961611e-01 3.761261e-01 3.555111e-01 3.343480e-01 3.126692e-01 2.905084e-01 2.678996e-01 2.448777e-01 2.214782e-01 1.977372e-01 1.736912e-01 1.493774e-01 1.248333e-01 1.000966e-01 7.520561e-02 5.019861e-02 2.511419e-02 -8.984696e-06 -2.513217e-02 -5.021663e-02 -7.522368e-02 -1.001148e-01 -1.248515e-01 -1.493958e-01 -1.737097e-01 -1.977558e-01 -2.214970e-01 -2.448967e-01 -2.679188e-01 -2.905279e-01 -3.126889e-01 -3.343679e-01 -3.555313e-01 -3.761466e-01 -3.961818e-01 -4.156062e-01 -4.343898e-01 -4.525037e-01 -4.699198e-01 -4.866113e-01 -5.025526e-01 -5.177189e-01 -5.320870e-01 -5.456347e-01 -5.583411e-01 -5.701865e-01 -5.811528e-01 -5.912230e-01 -6.003816e-01 -6.086144e-01 -6.159088e-01 -6.222535e-01 -6.276388e-01 -6.320563e-01 -6.354992e-01 -6.379622e-01 -6.394415e-01 -6.399349e-01 
6.142929e-01 6.138193e-01 6.123992e-01 6.100348e-01 6.067298e-01 6.024893e-01 5.973197e-01 5.912291e-01 5.842269e-01 5.763238e-01 5.675321e-01 5.578652e-01 5.473382e-01 5.359672e-01 5.237697e-01 5.107646e-01 4.969720e-01 4.824130e-01 4.671102e-01 4.510871e-01 4.343685e-01 4.169801e-01 3.989487e-01 3.803021e-01 3.610692e-01 3.412794e-01 3.209634e-01 3.001526e-01 2.788788e-01 2.571751e-01 2.350748e-01 2.126120e-01 1.898213e-01 1.667379e-01 1.433974e-01 1.198358e-01 9.608939e-02 7.219479e-02 4.818884e-02 2.410857e-02 -8.902433e-06 -2.412638e-02 -4.820669e-02 -7.221269e-02 -9.610737e-02 -1.198539e-01 -1.434156e-01 -1.667562e-01 -1.898398e-01 -2.126306e-01 -2.350936e-01 -2.571941e-01 -2.788981e-01 -3.001720e-01 -3.209832e-01 -3.412994e-01 -3.610894e-01 -3.803226e-01 -3.989695e-01 -4.170011e-01 -4.343898e-01 -4.511088e-01 -4.671321e-01 -4.824353e-01 -4.969945e-01 -5.107874e-01 -5.237928e-01 -5.359905e-01 -5.473617e-01 -5.578890e-01 -5.675561e-01 -5.763480e-01 -5.842513e-01 -5.912537e-01 -5.973444e-01 -6.025141e-01 -6.067548e-01 -6.100599e-01 -6.124243e-01 -6.138444e-01 -6.143180e-01 
5.877292e-01 5.872761e-01 5.859175e-01 5.836553e-01 5.804932e-01 5.764361e-01 5.714900e-01 5.656628e-01 5.589634e-01 5.514021e-01 5.429905e-01 5.337417e-01 5.236698e-01 5.127905e-01 5.011205e-01 4.886778e-01 4.754816e-01 4.615522e-01 4.469111e-01 4.315809e-01 4.155852e-01 3.989487e-01 3.816970e-01 3.638568e-01 3.454555e-01 3.265215e-01 3.070840e-01 2.871730e-01 2.668192e-01 2.460540e-01 2.249093e-01 2.034179e-01 1.816127e-01 1.595275e-01 1.371963e-01 1.146536e-01 9.193399e-02 6.907264e-02 4.610476e-02 2.306576e-02 -8.820715e-06 -2.308341e-02 -4.612244e-02 -6.909037e-02 -9.195179e-02 -1.146715e-01 -1.372143e-01 -1.595457e-01 -1.816310e-01 -2.034363e-01 -2.249280e-01 -2.460728e-01 -2.668383e-01 -2.871923e-01 -3.071035e-01 -3.265412e-01 -3.454754e-01 -3.638770e-01 -3.817175e-01 -3.989695e-01 -4.156062e-01 -4.316022e-01 -4.469327e-01 -4.615741e-01 -4.755037e-01 -4.887002e-01 -5.011432e-01 -5.128134e-01 -5.236930e-01 -5.337651e-01 -5.430141e-01 -5.514259e-01 -5.589874e-01 -5.656870e-01 -5.715143e-01 -5.764605e-01 -5.805177e-01 -5.836799e-01 -5.859421e-01 -5.873008e-01 -5.877539e-01 
5.602594e-01 5.598274e-01 5.585323e-01 5.563759e-01 5.533616e-01 5.494940e-01 5.447792e-01 5.392243e-01 5.328380e-01 5.256301e-01 5.176116e-01 5.087951e-01 4.991940e-01 4.888232e-01 4.776986e-01 4.658374e-01 4.532580e-01 4.399796e-01 4.260228e-01 4.114091e-01 3.961611e-01 3.803021e-01 3.638568e-01 3.468504e-01 3.293091e-01 3.112601e-01 2.927311e-01 2.737507e-01 2.543482e-01 2.345535e-01 2.143971e-01 1.939101e-01 1.731241e-01 1.520711e-01 1.307837e-01 1.092945e-01 8.763682e-02 6.584396e-02 4.394956e-02 2.198738e-02 -8.740038e-06 -2.200487e-02 -4.396708e-02 -6.586153e-02 -8.765445e-02 -1.093122e-01 -1.308015e-01 -1.520891e-01 -1.731422e-01 -1.939284e-01 -2.144155e-01 -2.345721e-01 -2.543670e-01 -2.737697e-01 -2.927503e-01 -3.112796e-01 -3.293288e-01 -3.468703e-01 -3.638770e-01 -3.803226e-01 -3.961818e-01 -4.114302e-01 -4.260441e-01 -4.400012e-01 -4.532798e-01 -4.658595e-01 -4.777209e-01 -4.888457e-01 -4.992168e-01 -5.088181e-01 -5.176348e-01 -5.256534e-01 -5.328615e-01 -5.392480e-01 -5.448030e-01 -5.495180e-01 -5.533856e-01 -5.564000e-01 -5.585565e-01 -5.598517e-01 -5.602836e-01 
5.319256e-01 5.315155e-01 5.302858e-01 5.282385e-01 5.253766e-01 5.217047e-01 5.172283e-01 5.119543e-01 5.058910e-01 4.990476e-01 4.914346e-01 4.830640e-01 4.739484e-01 4.641021e-01 4.535401e-01 4.422788e-01 4.303355e-01 4.177286e-01 4.044777e-01 3.906030e-01 3.761261e-01 3.610692e-01 3.454555e-01 3.293091e-01 3.126550e-01 2.955187e-01 2.779268e-01 2.599062e-01 2.414850e-01 2.226913e-01 2.035543e-01 1.841034e-01 1.643685e-01 1.443803e-01 1.241693e-01 1.037669e-01 8.320450e-02 6.251375e-02 4.172659e-02 2.087507e-02 -8.660887e-06 -2.089240e-02 -4.174395e-02 -6.253116e-02 -8.322197e-02 -1.037845e-01 -1.241870e-01 -1.443980e-01 -1.643865e-01 -1.841214e-01 -2.035725e-01 -2.227097e-01 -2.415036e-01 -2.599251e-01 -2.779458e-01 -2.955379e-01 -3.126744e-01 -3.293288e-01 -3.454754e-01 -3.610894e-01 -3.761466e-01 -3.906238e-01 -4.044987e-01 -4.177499e-01 -4.303570e-01 -4.423005e-01 -4.535621e-01 -4.641243e-01 -4.739708e-01 -4.830866e-01 -4.914575e-01 -4.990705e-01 -5.059141e-01 -5.119776e-01 -5.172517e-01 -5.217282e-01 -5.254003e-01 -5.282622e-01 -5.303096e-01 -5.315393e-01 -5.319494e-01 
5.027716e-01 5.023840e-01 5.012217e-01 4.992866e-01 4.965816e-01 4.931109e-01 4.888798e-01 4.838949e-01 4.781639e-01 4.716955e-01 4.644999e-01 4.565880e-01 4.479720e-01 4.386653e-01 4.286822e-01 4.180381e-01 4.067494e-01 3.948335e-01 3.823088e-01 3.691946e-01 3.555111e-01 3.412794e-01 3.265215e-01 3.112601e-01 2.955187e-01 2.793216e-01 2.626939e-01 2.456610e-01 2.282494e-01 2.104858e-01 1.923976e-01 1.740127e-01 1.553595e-01 1.364667e-01 1.173635e-01 9.807932e-02 7.864387e-02 5.908713e-02 3.943926e-02 1.973056e-02 -8.583737e-06 -1.974774e-02 -3.945647e-02 -5.910438e-02 -7.866118e-02 -9.809671e-02 -1.173810e-01 -1.364843e-01 -1.553772e-01 -1.740306e-01 -1.924156e-01 -2.105040e-01 -2.282678e-01 -2.456796e-01 -2.627127e-01 -2.793407e-01 -2.955379e-01 -3.112795e-01 -3.265412e-01 -3.412994e-01 -3.555313e-01 -3.692151e-01 -3.823295e-01 -3.948545e-01 -4.067706e-01 -4.180595e-01 -4.287039e-01 -4.386872e-01 -4.479941e-01 -4.566102e-01 -4.645223e-01 -4.717181e-01 -4.781866e-01 -4.839178e-01 -4.889028e-01 -4.931340e-01 -4.966048e-01 -4.993099e-01 -5.012450e-01 -5.024073e-01 -5.027950e-01 
4.728424e-01 4.724778e-01 4.713847e-01 4.695648e-01 4.670208e-01 4.637567e-01 4.597775e-01 4.550894e-01 4.496995e-01 4.436162e-01 4.368489e-01 4.294079e-01 4.213049e-01 4.125522e-01 4.031634e-01 3.931529e-01 3.825362e-01 3.713296e-01 3.595505e-01 3.472169e-01 3.343480e-01 3.209634e-01 3.070840e-01 2.927311e-01 2.779268e-01 2.626939e-01 2.470559e-01 2.310370e-01 2.146618e-01 1.979556e-01 1.809442e-01 1.636537e-01 1.461109e-01 1.283428e-01 1.103767e-01 9.224047e-02 7.396196e-02 5.556938e-02 3.709111e-02 1.855562e-02 -8.509051e-06 -1.857264e-02 -3.710816e-02 -5.558648e-02 -7.397912e-02 -9.225770e-02 -1.103941e-01 -1.283602e-01 -1.461285e-01 -1.636714e-01 -1.809620e-01 -1.979736e-01 -2.146800e-01 -2.310554e-01 -2.470745e-01 -2.627127e-01 -2.779458e-01 -2.927503e-01 -3.071035e-01 -3.209831e-01 -3.343679e-01 -3.472371e-01 -3.595709e-01 -3.713502e-01 -3.825570e-01 -3.931740e-01 -4.031847e-01 -4.125737e-01 -4.213266e-01 -4.294298e-01 -4.368709e-01 -4.436384e-01 -4.497219e-01 -4.551119e-01 -4.598001e-01 -4.637794e-01 -4.670436e-01 -4.695877e-01 -4.714077e-01 -4.725008e-01 -4.728653e-01 
4.421840e-01 4.418431e-01 4.408209e-01 4.391189e-01 4.367399e-01 4.336874e-01 4.299662e-01 4.255821e-01 4.205417e-01 4.148528e-01 4.085242e-01 4.015658e-01 3.939881e-01 3.858029e-01 3.770228e-01 3.676614e-01 3.577331e-01 3.472531e-01 3.362377e-01 3.247038e-01 3.126692e-01 3.001526e-01 2.871730e-01 2.737507e-01 2.599062e-01 2.456610e-01 2.310370e-01 2.160567e-01 2.007432e-01 1.851202e-01 1.692118e-01 1.530424e-01 1.366370e-01 1.200209e-01 1.032197e-01 8.625937e-02 6.916599e-02 5.196594e-02 3.468574e-02 1.735204e-02 -8.437271e-06 -1.736892e-02 -3.470265e-02 -5.198289e-02 -6.918300e-02 -8.627645e-02 -1.032369e-01 -1.200382e-01 -1.366544e-01 -1.530599e-01 -1.692295e-01 -1.851381e-01 -2.007613e-01 -2.160749e-01 -2.310554e-01 -2.456796e-01 -2.599250e-01 -2.737697e-01 -2.871923e-01 -3.001720e-01 -3.126889e-01 -3.247237e-01 -3.362578e-01 -3.472734e-01 -3.577536e-01 -3.676822e-01 -3.770438e-01 -3.858241e-01 -3.940095e-01 -4.015873e-01 -4.085460e-01 -4.148747e-01 -4.205637e-01 -4.256042e-01 -4.299885e-01 -4.337098e-01 -4.367624e-01 -4.391415e-01 -4.408434e-01 -4.418657e-01 -4.422066e-01 
4.108438e-01 4.105271e-01 4.095773e-01 4.079960e-01 4.057856e-01 4.029494e-01 3.994920e-01 3.954185e-01 3.907354e-01 3.854497e-01 3.795697e-01 3.731044e-01 3.660638e-01 3.584587e-01 3.503009e-01 3.416030e-01 3.323783e-01 3.226411e-01 3.124064e-01 3.016900e-01 2.905084e-01 2.788788e-01 2.668192e-01 2.543482e-01 2.414850e-01 2.282494e-01 2.146618e-01 2.007432e-01 1.865151e-01 1.719994e-01 1.572184e-01 1.421951e-01 1.269524e-01 1.115139e-01 9.590355e-02 8.014525e-02 6.426336e-02 4.828235e-02 3.222688e-02 1.612170e-02 -8.368823e-06 -1.613844e-02 -3.224365e-02 -4.829916e-02 -6.428022e-02 -8.016219e-02 -9.592057e-02 -1.115311e-01 -1.269696e-01 -1.422124e-01 -1.572360e-01 -1.720171e-01 -1.865330e-01 -2.007613e-01 -2.146800e-01 -2.282678e-01 -2.415036e-01 -2.543670e-01 -2.668382e-01 -2.788980e-01 -2.905278e-01 -3.017097e-01 -3.124263e-01 -3.226612e-01 -3.323986e-01 -3.416235e-01 -3.503216e-01 -3.584796e-01 -3.660849e-01 -3.731256e-01 -3.795911e-01 -3.854713e-01 -3.907571e-01 -3.954403e-01 -3.995139e-01 -4.029715e-01 -4.058077e-01 -4.080181e-01 -4.095995e-01 -4.105493e-01 -4.108660e-01 
3.788701e-01 3.785780e-01 3.777022e-01 3.762439e-01 3.742055e-01 3.715901e-01 3.684017e-01 3.646453e-01 3.603266e-01 3.554523e-01 3.500298e-01 3.440677e-01 3.375750e-01 3.305618e-01 3.230389e-01 3.150179e-01 3.065111e-01 2.975317e-01 2.880935e-01 2.782110e-01 2.678996e-01 2.571751e-01 2.460540e-01 2.345535e-01 2.226913e-01 2.104858e-01 1.979556e-01 1.851202e-01 1.719994e-01 1.586133e-01 1.449827e-01 1.311284e-01 1.170720e-01 1.028350e-01 8.843948e-02 7.390754e-02 5.926162e-02 4.452430e-02 2.971831e-02 1.486647e-02 -8.304112e-06 -1.488309e-02 -2.973495e-02 -4.454098e-02 -5.927835e-02 -7.392434e-02 -8.845637e-02 -1.028520e-01 -1.170891e-01 -1.311457e-01 -1.450000e-01 -1.586308e-01 -1.720171e-01 -1.851381e-01 -1.979736e-01 -2.105040e-01 -2.227097e-01 -2.345721e-01 -2.460728e-01 -2.571941e-01 -2.679188e-01 -2.782304e-01 -2.881131e-01 -2.975515e-01 -3.065311e-01 -3.150381e-01 -3.230593e-01 -3.305824e-01 -3.375958e-01 -3.440886e-01 -3.500509e-01 -3.554735e-01 -3.603479e-01 -3.646668e-01 -3.684233e-01 -3.716118e-01 -3.742273e-01 -3.762657e-01 -3.777240e-01 -3.785999e-01 -3.788920e-01 
3.463122e-01 3.460452e-01 3.452446e-01 3.439117e-01 3.420485e-01 3.396578e-01 3.367434e-01 3.333098e-01 3.293622e-01 3.249067e-01 3.199503e-01 3.145005e-01 3.085657e-01 3.021552e-01 2.952787e-01 2.879470e-01 2.801712e-01 2.719634e-01 2.633362e-01 2.543030e-01 2.448777e-01 2.350748e-01 2.249093e-01 2.143971e-01 2.035543e-01 1.923976e-01 1.809442e-01 1.692118e-01 1.572184e-01 1.449827e-01 1.325233e-01 1.198596e-01 1.070111e-01 9.399754e-02 8.083903e-02 6.755585e-02 5.416848e-02 4.069758e-02 2.716390e-02 1.358831e-02 -8.243516e-06 -1.360481e-02 -2.718042e-02 -4.071413e-02 -5.418509e-02 -6.757252e-02 -8.085578e-02 -9.401439e-02 -1.070281e-01 -1.198767e-01 -1.325405e-01 -1.450000e-01 -1.572360e-01 -1.692295e-01 -1.809620e-01 -1.924156e-01 -2.035725e-01 -2.144155e-01 -2.249279e-01 -2.350935e-01 -2.448967e-01 -2.543222e-01 -2.633556e-01 -2.719830e-01 -2.801910e-01 -2.879669e-01 -2.952989e-01 -3.021755e-01 -3.085862e-01 -3.145211e-01 -3.199711e-01 -3.249277e-01 -3.293832e-01 -3.333309e-01 -3.367647e-01 -3.396792e-01 -3.420699e-01 -3.439332e-01 -3.452662e-01 -3.460668e-01 -3.463338e-01 
3.132203e-01 3.129788e-01 3.122547e-01 3.110491e-01 3.093639e-01 3.072017e-01 3.045658e-01 3.014603e-01 2.978899e-01 2.938602e-01 2.893773e-01 2.844483e-01 2.790806e-01 2.732826e-01 2.670632e-01 2.604320e-01 2.533993e-01 2.459758e-01 2.381730e-01 2.300029e-01 2.214782e-01 2.126120e-01 2.034179e-01 1.939101e-01 1.841034e-01 1.740127e-01 1.636537e-01 1.530424e-01 1.421951e-01 1.311284e-01 1.198596e-01 1.084060e-01 9.678516e-02 8.501509e-02 7.311391e-02 6.109998e-02 4.899181e-02 3.680809e-02 2.456758e-02 1.228918e-02 -8.187390e-06 -1.230557e-02 -2.458399e-02 -3.682453e-02 -4.900830e-02 -6.111653e-02 -7.313054e-02 -8.503181e-02 -9.680199e-02 -1.084229e-01 -1.198767e-01 -1.311457e-01 -1.422124e-01 -1.530599e-01 -1.636714e-01 -1.740306e-01 -1.841214e-01 -1.939283e-01 -2.034363e-01 -2.126305e-01 -2.214970e-01 -2.300219e-01 -2.381921e-01 -2.459951e-01 -2.534188e-01 -2.604518e-01 -2.670831e-01 -2.733027e-01 -2.791008e-01 -2.844687e-01 -2.893979e-01 -2.938808e-01 -2.979107e-01 -3.014812e-01 -3.045868e-01 -3.072228e-01 -3.093851e-01 -3.110703e-01 -3.122760e-01 -3.130001e-01 -3.132416e-01 
2.796454e-01 2.794298e-01 2.787833e-01 2.777070e-01 2.762024e-01 2.742719e-01 2.719186e-01 2.691459e-01 2.659582e-01 2.623605e-01 2.583581e-01 2.539574e-01 2.491651e-01 2.439886e-01 2.384359e-01 2.325155e-01 2.262366e-01 2.196088e-01 2.126424e-01 2.053481e-01 1.977372e-01 1.898213e-01 1.816127e-01 1.731241e-01 1.643685e-01 1.553595e-01 1.461109e-01 1.366370e-01 1.269524e-01 1.170720e-01 1.070111e-01 9.678516e-02 8.640998e-02 7.590153e-02 6.527604e-02 5.454987e-02 4.373958e-02 3.286182e-02 2.193337e-02 1.097109e-02 -8.136061e-06 -1.098737e-02 -2.194967e-02 -3.287816e-02 -4.375596e-02 -5.456632e-02 -6.529256e-02 -7.591815e-02 -8.642669e-02 -9.680199e-02 -1.070280e-01 -1.170891e-01 -1.269696e-01 -1.366544e-01 -1.461284e-01 -1.553772e-01 -1.643864e-01 -1.731422e-01 -1.816310e-01 -1.898397e-01 -1.977558e-01 -2.053669e-01 -2.126614e-01 -2.196280e-01 -2.262559e-01 -2.325350e-01 -2.384556e-01 -2.440085e-01 -2.491852e-01 -2.539776e-01 -2.583785e-01 -2.623809e-01 -2.659788e-01 -2.691666e-01 -2.719393e-01 -2.742928e-01 -2.762233e-01 -2.777279e-01 -2.788043e-01 -2.794508e-01 -2.796664e-01 
2.456392e-01 2.454499e-01 2.448820e-01 2.439365e-01 2.426149e-01 2.409192e-01 2.388520e-01 2.364165e-01 2.336165e-01 2.304562e-01 2.269406e-01 2.230750e-01 2.188655e-01 2.143184e-01 2.094409e-01 2.042405e-01 1.987251e-01 1.929032e-01 1.867840e-01 1.803766e-01 1.736912e-01 1.667379e-01 1.595275e-01 1.520711e-01 1.443803e-01 1.364667e-01 1.283428e-01 1.200209e-01 1.115139e-01 1.028350e-01 9.399754e-02 8.501509e-02 7.590153e-02 6.667093e-02 5.733750e-02 4.791564e-02 3.841988e-02 2.886487e-02 1.926532e-02 9.636056e-03 -8.089825e-06 -9.652242e-03 -1.928153e-02 -2.888111e-02 -3.843617e-02 -4.793199e-02 -5.735392e-02 -6.668744e-02 -7.591814e-02 -8.503181e-02 -9.401438e-02 -1.028520e-01 -1.115311e-01 -1.200382e-01 -1.283602e-01 -1.364843e-01 -1.443980e-01 -1.520891e-01 -1.595456e-01 -1.667562e-01 -1.737097e-01 -1.803953e-01 -1.868028e-01 -1.929222e-01 -1.987442e-01 -2.042598e-01 -2.094604e-01 -2.143381e-01 -2.188853e-01 -2.230950e-01 -2.269607e-01 -2.304764e-01 -2.336368e-01 -2.364370e-01 -2.388726e-01 -2.409398e-01 -2.426356e-01 -2.439573e-01 -2.449027e-01 -2.454706e-01 -2.456600e-01 
2.112543e-01 2.110915e-01 2.106031e-01 2.097900e-01 2.086534e-01 2.071950e-01 2.054172e-01 2.033226e-01 2.009145e-01 1.981966e-01 1.951731e-01 1.918486e-01 1.882283e-01 1.843177e-01 1.801230e-01 1.756505e-01 1.709071e-01 1.659002e-01 1.606375e-01 1.551270e-01 1.493774e-01 1.433974e-01 1.371963e-01 1.307837e-01 1.241693e-01 1.173635e-01 1.103767e-01 1.032197e-01 9.590355e-02 8.843948e-02 8.083903e-02 7.311391e-02 6.527604e-02 5.733750e-02 4.931053e-02 4.120751e-02 3.304093e-02 2.482339e-02 1.656755e-02 8.286149e-03 -8.048949e-06 -8.302254e-03 -1.658368e-02 -2.483955e-02 -3.305714e-02 -4.122377e-02 -4.932687e-02 -5.735392e-02 -6.529255e-02 -7.313053e-02 -8.085577e-02 -8.845635e-02 -9.592055e-02 -1.032369e-01 -1.103940e-01 -1.173810e-01 -1.241870e-01 -1.308015e-01 -1.372143e-01 -1.434156e-01 -1.493957e-01 -1.551455e-01 -1.606561e-01 -1.659190e-01 -1.709261e-01 -1.756696e-01 -1.801423e-01 -1.843372e-01 -1.882479e-01 -1.918684e-01 -1.951930e-01 -1.982166e-01 -2.009346e-01 -2.033428e-01 -2.054375e-01 -2.072154e-01 -2.086738e-01 -2.098105e-01 -2.106236e-01 -2.111120e-01 -2.112749e-01 
1.765437e-01 1.764075e-01 1.759994e-01 1.753199e-01 1.743700e-01 1.731513e-01 1.716656e-01 1.699151e-01 1.679027e-01 1.656313e-01 1.631046e-01 1.603263e-01 1.573009e-01 1.540328e-01 1.505273e-01 1.467896e-01 1.428256e-01 1.386413e-01 1.342433e-01 1.296382e-01 1.248333e-01 1.198358e-01 1.146536e-01 1.092945e-01 1.037669e-01 9.807932e-02 9.224047e-02 8.625937e-02 8.014525e-02 7.390754e-02 6.755585e-02 6.109998e-02 5.454987e-02 4.791564e-02 4.120751e-02 3.443582e-02 2.761101e-02 2.074362e-02 1.384422e-02 6.923448e-03 -8.013666e-06 -6.939482e-03 -1.386027e-02 -2.075970e-02 -2.762715e-02 -3.445201e-02 -4.122377e-02 -4.793198e-02 -5.456631e-02 -6.111652e-02 -6.757251e-02 -7.392432e-02 -8.016217e-02 -8.627642e-02 -9.225767e-02 -9.809668e-02 -1.037844e-01 -1.093122e-01 -1.146714e-01 -1.198538e-01 -1.248515e-01 -1.296566e-01 -1.342618e-01 -1.386600e-01 -1.428445e-01 -1.468086e-01 -1.505465e-01 -1.540522e-01 -1.573203e-01 -1.603460e-01 -1.631243e-01 -1.656512e-01 -1.679227e-01 -1.699352e-01 -1.716857e-01 -1.731715e-01 -1.743903e-01 -1.753402e-01 -1.760198e-01 -1.764279e-01 -1.765641e-01 
