7.319751e-03 7.297187e-03 7.229633e-03 7.117506e-03 6.961497e-03 6.762568e-03 6.521946e-03 6.241114e-03 5.921803e-03 5.565982e-03 5.175846e-03 4.753798e-03 4.302442e-03 3.824559e-03 3.323097e-03 2.801147e-03 2.261927e-03 1.708762e-03 1.145061e-03 5.743011e-04 9.469969e-17 5.743011e-04 1.145061e-03 1.708762e-03 2.261927e-03 2.801147e-03 3.323097e-03 3.824559e-03 4.302442e-03 4.753798e-03 5.175846e-03 5.565982e-03 5.921803e-03 6.241114e-03 6.521946e-03 6.762568e-03 6.961497e-03 7.117506e-03 7.229633e-03 7.297187e-03 7.319751e-03 
7.297187e-03 7.274692e-03 7.207346e-03 7.095565e-03 6.940037e-03 6.741722e-03 6.501841e-03 6.221875e-03 5.903548e-03 5.548824e-03 5.159890e-03 4.739144e-03 4.289179e-03 3.812770e-03 3.312853e-03 2.792512e-03 2.254955e-03 1.703494e-03 1.141532e-03 5.725307e-04 7.887036e-16 5.725307e-04 1.141532e-03 1.703494e-03 2.254955e-03 2.792512e-03 3.312853e-03 3.812770e-03 4.289179e-03 4.739144e-03 5.159890e-03 5.548824e-03 5.903548e-03 6.221875e-03 6.501841e-03 6.741722e-03 6.940037e-03 7.095565e-03 7.207346e-03 7.274692e-03 7.297187e-03 
7.229633e-03 7.207346e-03 7.140624e-03 7.029878e-03 6.875789e-03 6.679310e-03 6.441650e-03 6.164275e-03 5.848896e-03 5.497456e-03 5.112122e-03 4.695271e-03 4.249472e-03 3.777473e-03 3.282185e-03 2.766661e-03 2.234079e-03 1.687724e-03 1.130964e-03 5.672305e-04 3.727127e-16 5.672305e-04 1.130964e-03 1.687724e-03 2.234079e-03 2.766661e-03 3.282185e-03 3.777473e-03 4.249472e-03 4.695271e-03 5.112122e-03 5.497456e-03 5.848896e-03 6.164275e-03 6.441650e-03 6.679310e-03 6.875789e-03 7.029878e-03 7.140624e-03 7.207346e-03 7.229633e-03 
7.117506e-03 7.095565e-03 7.029878e-03 6.920849e-03 6.769150e-03 6.575718e-03 6.341744e-03 6.068671e-03 5.758183e-03 5.412194e-03 5.032837e-03 4.622450e-03 4.183565e-03 3.718887e-03 3.231280e-03 2.723752e-03 2.199430e-03 1.661549e-03 1.113423e-03 5.584331e-04 2.622593e-16 5.584331e-04 1.113423e-03 1.661549e-03 2.199430e-03 2.723752e-03 3.231280e-03 3.718887e-03 4.183565e-03 4.622450e-03 5.032837e-03 5.412194e-03 5.758183e-03 6.068671e-03 6.341744e-03 6.575718e-03 6.769150e-03 6.920849e-03 7.029878e-03 7.095565e-03 7.117506e-03 
6.961497e-03 6.940037e-03 6.875789e-03 6.769150e-03 6.620777e-03 6.431585e-03 6.202739e-03 5.935652e-03 5.631969e-03 5.293564e-03 4.922522e-03 4.521131e-03 4.091865e-03 3.637372e-03 3.160454e-03 2.664050e-03 2.151221e-03 1.625129e-03 1.089018e-03 5.461928e-04 5.128511e-16 5.461928e-04 1.089018e-03 1.625129e-03 2.151221e-03 2.664050e-03 3.160454e-03 3.637372e-03 4.091865e-03 4.521131e-03 4.922522e-03 5.293564e-03 5.631969e-03 5.935652e-03 6.202739e-03 6.431585e-03 6.620777e-03 6.769150e-03 6.875789e-03 6.940037e-03 6.961497e-03 
6.762568e-03 6.741722e-03 6.679310e-03 6.575718e-03 6.431585e-03 6.247798e-03 6.025492e-03 5.766037e-03 5.471033e-03 5.142297e-03 4.781858e-03 4.391937e-03 3.974938e-03 3.533432e-03 3.070142e-03 2.587923e-03 2.089749e-03 1.578690e-03 1.057899e-03 5.305850e-04 2.016102e-16 5.305850e-04 1.057899e-03 1.578690e-03 2.089749e-03 2.587923e-03 3.070142e-03 3.533432e-03 3.974938e-03 4.391937e-03 4.781858e-03 5.142297e-03 5.471033e-03 5.766037e-03 6.025492e-03 6.247798e-03 6.431585e-03 6.575718e-03 6.679310e-03 6.741722e-03 6.762568e-03 
6.521946e-03 6.501841e-03 6.441650e-03 6.341744e-03 6.202739e-03 6.025492e-03 5.811096e-03 5.560873e-03 5.276365e-03 4.959327e-03 4.611712e-03 4.235665e-03 3.833504e-03 3.407707e-03 2.960902e-03 2.495841e-03 2.015392e-03 1.522518e-03 1.020257e-03 5.117060e-04 5.601841e-16 5.117060e-04 1.020257e-03 1.522518e-03 2.015392e-03 2.495841e-03 2.960902e-03 3.407707e-03 3.833504e-03 4.235665e-03 4.611712e-03 4.959327e-03 5.276365e-03 5.560873e-03 5.811096e-03 6.025492e-03 6.202739e-03 6.341744e-03 6.441650e-03 6.501841e-03 6.521946e-03 
6.241114e-03 6.221875e-03 6.164275e-03 6.068671e-03 5.935652e-03 5.766037e-03 5.560873e-03 5.321424e-03 5.049167e-03 4.745780e-03 4.413134e-03 4.053279e-03 3.668435e-03 3.260973e-03 2.833406e-03 2.388371e-03 1.928610e-03 1.456959e-03 9.763253e-04 4.896721e-04 4.193617e-16 4.896721e-04 9.763253e-04 1.456959e-03 1.928610e-03 2.388371e-03 2.833406e-03 3.260973e-03 3.668435e-03 4.053279e-03 4.413134e-03 4.745780e-03 5.049167e-03 5.321424e-03 5.560873e-03 5.766037e-03 5.935652e-03 6.068671e-03 6.164275e-03 6.221875e-03 6.241114e-03 
5.921803e-03 5.903548e-03 5.848896e-03 5.758183e-03 5.631969e-03 5.471033e-03 5.276365e-03 5.049167e-03 4.790839e-03 4.502974e-03 4.187347e-03 3.845903e-03 3.480749e-03 3.094134e-03 2.688442e-03 2.266176e-03 1.829938e-03 1.382417e-03 9.263741e-04 4.646193e-04 4.175123e-16 4.646193e-04 9.263741e-04 1.382417e-03 1.829938e-03 2.266176e-03 2.688442e-03 3.094134e-03 3.480749e-03 3.845903e-03 4.187347e-03 4.502974e-03 4.790839e-03 5.049167e-03 5.276365e-03 5.471033e-03 5.631969e-03 5.758183e-03 5.848896e-03 5.903548e-03 5.921803e-03 
5.565982e-03 5.548824e-03 5.497456e-03 5.412194e-03 5.293564e-03 5.142297e-03 4.959327e-03 4.745780e-03 4.502974e-03 4.232406e-03 3.935744e-03 3.614816e-03 3.271602e-03 2.908218e-03 2.526903e-03 2.130009e-03 1.719983e-03 1.299353e-03 8.707115e-04 4.367019e-04 3.985010e-16 4.367019e-04 8.707115e-04 1.299353e-03 1.719983e-03 2.130009e-03 2.526903e-03 2.908218e-03 3.271602e-03 3.614816e-03 3.935744e-03 4.232406e-03 4.502974e-03 4.745780e-03 4.959327e-03 5.142297e-03 5.293564e-03 5.412194e-03 5.497456e-03 5.548824e-03 5.565982e-03 
5.175846e-03 5.159890e-03 5.112122e-03 5.032837e-03 4.922522e-03 4.781858e-03 4.611712e-03 4.413134e-03 4.187347e-03 3.935744e-03 3.659876e-03 3.361443e-03 3.042286e-03 2.704372e-03 2.349785e-03 1.980710e-03 1.599424e-03 1.208277e-03 8.096806e-04 4.060922e-04 2.165998e-16 4.060922e-04 8.096806e-04 1.208277e-03 1.599424e-03 1.980710e-03 2.349785e-03 2.704372e-03 3.042286e-03 3.361443e-03 3.659876e-03 3.935744e-03 4.187347e-03 4.413134e-03 4.611712e-03 4.781858e-03 4.922522e-03 5.032837e-03 5.112122e-03 5.159890e-03 5.175846e-03 
4.753798e-03 4.739144e-03 4.695271e-03 4.622450e-03 4.521131e-03 4.391937e-03 4.235665e-03 4.053279e-03 3.845903e-03 3.614816e-03 3.361443e-03 3.087345e-03 2.794212e-03 2.483853e-03 2.158179e-03 1.819200e-03 1.469004e-03 1.109752e-03 7.436579e-04 3.729787e-04 2.534357e-16 3.729787e-04 7.436579e-04 1.109752e-03 1.469004e-03 1.819200e-03 2.158179e-03 2.483853e-03 2.794212e-03 3.087345e-03 3.361443e-03 3.614816e-03 3.845903e-03 4.053279e-03 4.235665e-03 4.391937e-03 4.521131e-03 4.622450e-03 4.695271e-03 4.739144e-03 4.753798e-03 
4.302442e-03 4.289179e-03 4.249472e-03 4.183565e-03 4.091865e-03 3.974938e-03 3.833504e-03 3.668435e-03 3.480749e-03 3.271602e-03 3.042286e-03 2.794212e-03 2.528912e-03 2.248020e-03 1.953268e-03 1.646473e-03 1.329528e-03 1.004385e-03 6.730502e-04 3.375657e-04 5.471594e-16 3.375657e-04 6.730502e-04 1.004385e-03 1.329528e-03 1.646473e-03 1.953268e-03 2.248020e-03 2.528912e-03 2.794212e-03 3.042286e-03 3.271602e-03 3.480749e-03 3.668435e-03 3.833504e-03 3.974938e-03 4.091865e-03 4.183565e-03 4.249472e-03 4.289179e-03 4.302442e-03 
3.824559e-03 3.812770e-03 3.777473e-03 3.718887e-03 3.637372e-03 3.533432e-03 3.407707e-03 3.260973e-03 3.094134e-03 2.908218e-03 2.704372e-03 2.483853e-03 2.248020e-03 1.998327e-03 1.736314e-03 1.463596e-03 1.181854e-03 8.928257e-04 5.982929e-04 3.000715e-04 1.263115e-16 3.000715e-04 5.982929e-04 8.928257e-04 1.181854e-03 1.463596e-03 1.736314e-03 1.998327e-03 2.248020e-03 2.483853e-03 2.704372e-03 2.908218e-03 3.094134e-03 3.260973e-03 3.407707e-03 3.533432e-03 3.637372e-03 3.718887e-03 3.777473e-03 3.812770e-03 3.824559e-03 
3.323097e-03 3.312853e-03 3.282185e-03 3.231280e-03 3.160454e-03 3.070142e-03 2.960902e-03 2.833406e-03 2.688442e-03 2.526903e-03 2.349785e-03 2.158179e-03 1.953268e-03 1.736314e-03 1.508655e-03 1.271694e-03 1.026894e-03 7.757617e-04 5.198470e-04 2.607272e-04 2.763074e-16 2.607272e-04 5.198470e-04 7.757617e-04 1.026894e-03 1.271694e-03 1.508655e-03 1.736314e-03 1.953268e-03 2.158179e-03 2.349785e-03 2.526903e-03 2.688442e-03 2.833406e-03 2.960902e-03 3.070142e-03 3.160454e-03 3.231280e-03 3.282185e-03 3.312853e-03 3.323097e-03 
2.801147e-03 2.792512e-03 2.766661e-03 2.723752e-03 2.664050e-03 2.587923e-03 2.495841e-03 2.388371e-03 2.266176e-03 2.130009e-03 1.980710e-03 1.819200e-03 1.646473e-03 1.463596e-03 1.271694e-03 1.071953e-03 8.656022e-04 6.539149e-04 4.381960e-04 2.197755e-04 1.210958e-16 2.197755e-04 4.381960e-04 6.539149e-04 8.656022e-04 1.071953e-03 1.271694e-03 1.463596e-03 1.646473e-03 1.819200e-03 1.980710e-03 2.130009e-03 2.266176e-03 2.388371e-03 2.495841e-03 2.587923e-03 2.664050e-03 2.723752e-03 2.766661e-03 2.792512e-03 2.801147e-03 
2.261927e-03 2.254955e-03 2.234079e-03 2.199430e-03 2.151221e-03 2.089749e-03 2.015392e-03 1.928610e-03 1.829938e-03 1.719983e-03 1.599424e-03 1.469004e-03 1.329528e-03 1.181854e-03 1.026894e-03 8.656022e-04 6.989740e-04 5.280365e-04 3.538434e-04 1.774688e-04 2.522013e-16 1.774688e-04 3.538434e-04 5.280365e-04 6.989740e-04 8.656022e-04 1.026894e-03 1.181854e-03 1.329528e-03 1.469004e-03 1.599424e-03 1.719983e-03 1.829938e-03 1.928610e-03 2.015392e-03 2.089749e-03 2.151221e-03 2.199430e-03 2.234079e-03 2.254955e-03 2.261927e-03 
1.708762e-03 1.703494e-03 1.687724e-03 1.661549e-03 1.625129e-03 1.578690e-03 1.522518e-03 1.456959e-03 1.382417e-03 1.299353e-03 1.208277e-03 1.109752e-03 1.004385e-03 8.928257e-04 7.757617e-04 6.539149e-04 5.280365e-04 3.989026e-04 2.673093e-04 1.340679e-04 1.890885e-16 1.340679e-04 2.673093e-04 3.989026e-04 5.280365e-04 6.539149e-04 7.757617e-04 8.928257e-04 1.004385e-03 1.109752e-03 1.208277e-03 1.299353e-03 1.382417e-03 1.456959e-03 1.522518e-03 1.578690e-03 1.625129e-03 1.661549e-03 1.687724e-03 1.703494e-03 1.708762e-03 
1.145061e-03 1.141532e-03 1.130964e-03 1.113423e-03 1.089018e-03 1.057899e-03 1.020257e-03 9.763253e-04 9.263741e-04 8.707115e-04 8.096806e-04 7.436579e-04 6.730502e-04 5.982929e-04 5.198470e-04 4.381960e-04 3.538434e-04 2.673093e-04 1.791271e-04 8.984048e-05 1.468458e-16 8.984048e-05 1.791271e-04 2.673093e-04 3.538434e-04 4.381960e-04 5.198470e-04 5.982929e-04 6.730502e-04 7.436579e-04 8.096806e-04 8.707115e-04 9.263741e-04 9.763253e-04 1.020257e-03 1.057899e-03 1.089018e-03 1.113423e-03 1.130964e-03 1.141532e-03 1.145061e-03 
5.743011e-04 5.725307e-04 5.672305e-04 5.584331e-04 5.461928e-04 5.305850e-04 5.117060e-04 4.896721e-04 4.646193e-04 4.367019e-04 4.060922e-04 3.729787e-04 3.375657e-04 3.000715e-04 2.607272e-04 2.197755e-04 1.774688e-04 1.340679e-04 8.984048e-05 4.505914e-05 1.540786e-16 4.505914e-05 8.984048e-05 1.340679e-04 1.774688e-04 2.197755e-04 2.607272e-04 3.000715e-04 3.375657e-04 3.729787e-04 4.060922e-04 4.367019e-04 4.646193e-04 4.896721e-04 5.117060e-04 5.305850e-04 5.461928e-04 5.584331e-04 5.672305e-04 5.725307e-04 5.743011e-04 
4.977536e-16 5.049690e-16 4.662638e-16 4.776550e-16 4.403079e-16 4.281286e-16 4.453546e-16 4.380820e-16 3.887954e-16 4.089862e-16 4.061339e-16 3.964191e-16 3.731169e-16 3.281292e-16 2.955857e-16 2.747668e-16 2.439113e-16 2.163282e-16 1.806669e-16 1.511319e-16 1.238019e-16 9.734164e-17 7.131936e-17 4.494052e-17 1.529666e-17 5.576536e-18 2.280076e-17 4.390009e-17 6.289846e-17 7.914954e-17 1.166995e-16 1.350971e-16 1.530225e-16 1.835415e-16 1.910013e-16 2.095894e-16 2.301779e-16 2.105121e-16 2.097627e-16 2.556642e-16 2.418167e-16 
5.743011e-04 5.725307e-04 5.672305e-04 5.584331e-04 5.461928e-04 5.305850e-04 5.117060e-04 4.896721e-04 4.646193e-04 4.367019e-04 4.060922e-04 3.729787e-04 3.375657e-04 3.000715e-04 2.607272e-04 2.197755e-04 1.774688e-04 1.340679e-04 8.984048e-05 4.505914e-05 9.745634e-17 4.505914e-05 8.984048e-05 1.340679e-04 1.774688e-04 2.197755e-04 2.607272e-04 3.000715e-04 3.375657e-04 3.729787e-04 4.060922e-04 4.367019e-04 4.646193e-04 4.896721e-04 5.117060e-04 5.305850e-04 5.461928e-04 5.584331e-04 5.672305e-04 5.725307e-04 5.743011e-04 
1.145061e-03 1.141532e-03 1.130964e-03 1.113423e-03 1.089018e-03 1.057899e-03 1.020257e-03 9.763253e-04 9.263741e-04 8.707115e-04 8.096806e-04 7.436579e-04 6.730502e-04 5.982929e-04 5.198470e-04 4.381960e-04 3.538434e-04 2.673093e-04 1.791271e-04 8.984048e-05 1.333120e-16 8.984048e-05 1.791271e-04 2.673093e-04 3.538434e-04 4.381960e-04 5.198470e-04 5.982929e-04 6.730502e-04 7.436579e-04 8.096806e-04 8.707115e-04 9.263741e-04 9.763253e-04 1.020257e-03 1.057899e-03 1.089018e-03 1.113423e-03 1.130964e-03 1.141532e-03 1.145061e-03 
1.708762e-03 1.703494e-03 1.687724e-03 1.661549e-03 1.625129e-03 1.578690e-03 1.522518e-03 1.456959e-03 1.382417e-03 1.299353e-03 1.208277e-03 1.109752e-03 1.004385e-03 8.928257e-04 7.757617e-04 6.539149e-04 5.280365e-04 3.989026e-04 2.673093e-04 1.340679e-04 8.327035e-17 1.340679e-04 2.673093e-04 3.989026e-04 5.280365e-04 6.539149e-04 7.757617e-04 8.928257e-04 1.004385e-03 1.109752e-03 1.208277e-03 1.299353e-03 1.382417e-03 1.456959e-03 1.522518e-03 1.578690e-03 1.625129e-03 1.661549e-03 1.687724e-03 1.703494e-03 1.708762e-03 
2.261927e-03 2.254955e-03 2.234079e-03 2.199430e-03 2.151221e-03 2.089749e-03 2.015392e-03 1.928610e-03 1.829938e-03 1.719983e-03 1.599424e-03 1.469004e-03 1.329528e-03 1.181854e-03 1.026894e-03 8.656022e-04 6.989740e-04 5.280365e-04 3.538434e-04 1.774688e-04 1.936226e-16 1.774688e-04 3.538434e-04 5.280365e-04 6.989740e-04 8.656022e-04 1.026894e-03 1.181854e-03 1.329528e-03 1.469004e-03 1.599424e-03 1.719983e-03 1.829938e-03 1.928610e-03 2.015392e-03 2.089749e-03 2.151221e-03 2.199430e-03 2.234079e-03 2.254955e-03 2.261927e-03 
2.801147e-03 2.792512e-03 2.766661e-03 2.723752e-03 2.664050e-03 2.587923e-03 2.495841e-03 2.388371e-03 2.266176e-03 2.130009e-03 1.980710e-03 1.819200e-03 1.646473e-03 1.463596e-03 1.271694e-03 1.071953e-03 8.656022e-04 6.539149e-04 4.381960e-04 2.197755e-04 4.890706e-17 2.197755e-04 4.381960e-04 6.539149e-04 8.656022e-04 1.071953e-03 1.271694e-03 1.463596e-03 1.646473e-03 1.819200e-03 1.980710e-03 2.130009e-03 2.266176e-03 2.388371e-03 2.495841e-03 2.587923e-03 2.664050e-03 2.723752e-03 2.766661e-03 2.792512e-03 2.801147e-03 
3.323097e-03 3.312853e-03 3.282185e-03 3.231280e-03 3.160454e-03 3.070142e-03 2.960902e-03 2.833406e-03 2.688442e-03 2.526903e-03 2.349785e-03 2.158179e-03 1.953268e-03 1.736314e-03 1.508655e-03 1.271694e-03 1.026894e-03 7.757617e-04 5.198470e-04 2.607272e-04 2.901852e-16 2.607272e-04 5.198470e-04 7.757617e-04 1.026894e-03 1.271694e-03 1.508655e-03 1.736314e-03 1.953268e-03 2.158179e-03 2.349785e-03 2.526903e-03 2.688442e-03 2.833406e-03 2.960902e-03 3.070142e-03 3.160454e-03 3.231280e-03 3.282185e-03 3.312853e-03 3.323097e-03 
3.824559e-03 3.812770e-03 3.777473e-03 3.718887e-03 3.637372e-03 3.533432e-03 3.407707e-03 3.260973e-03 3.094134e-03 2.908218e-03 2.704372e-03 2.483853e-03 2.248020e-03 1.998327e-03 1.736314e-03 1.463596e-03 1.181854e-03 8.928257e-04 5.982929e-04 3.000715e-04 2.692054e-16 3.000715e-04 5.982929e-04 8.928257e-04 1.181854e-03 1.463596e-03 1.736314e-03 1.998327e-03 2.248020e-03 2.483853e-03 2.704372e-03 2.908218e-03 3.094134e-03 3.260973e-03 3.407707e-03 3.533432e-03 3.637372e-03 3.718887e-03 3.777473e-03 3.812770e-03 3.824559e-03 
4.302442e-03 4.289179e-03 4.249472e-03 4.183565e-03 4.091865e-03 3.974938e-03 3.833504e-03 3.668435e-03 3.480749e-03 3.271602e-03 3.042286e-03 2.794212e-03 2.528912e-03 2.248020e-03 1.953268e-03 1.646473e-03 1.329528e-03 1.004385e-03 6.730502e-04 3.375657e-04 3.285842e-16 3.375657e-04 6.730502e-04 1.004385e-03 1.329528e-03 1.646473e-03 1.953268e-03 2.248020e-03 2.528912e-03 2.794212e-03 3.042286e-03 3.271602e-03 3.480749e-03 3.668435e-03 3.833504e-03 3.974938e-03 4.091865e-03 4.183565e-03 4.249472e-03 4.289179e-03 4.302442e-03 
4.753798e-03 4.739144e-03 4.695271e-03 4.622450e-03 4.521131e-03 4.391937e-03 4.235665e-03 4.053279e-03 3.845903e-03 3.614816e-03 3.361443e-03 3.087345e-03 2.794212e-03 2.483853e-03 2.158179e-03 1.819200e-03 1.469004e-03 1.109752e-03 7.436579e-04 3.729787e-04 2.531035e-16 3.729787e-04 7.436579e-04 1.109752e-03 1.469004e-03 1.819200e-03 2.158179e-03 2.483853e-03 2.794212e-03 3.087345e-03 3.361443e-03 3.614816e-03 3.845903e-03 4.053279e-03 4.235665e-03 4.391937e-03 4.521131e-03 4.622450e-03 4.695271e-03 4.739144e-03 4.753798e-03 
5.175846e-03 5.159890e-03 5.112122e-03 5.032837e-03 4.922522e-03 4.781858e-03 4.611712e-03 4.413134e-03 4.187347e-03 3.935744e-03 3.659876e-03 3.361443e-03 3.042286e-03 2.704372e-03 2.349785e-03 1.980710e-03 1.599424e-03 1.208277e-03 8.096806e-04 4.060922e-04 3.414999e-16 4.060922e-04 8.096806e-04 1.208277e-03 1.599424e-03 1.980710e-03 2.349785e-03 2.704372e-03 3.042286e-03 3.361443e-03 3.659876e-03 3.935744e-03 4.187347e-03 4.413134e-03 4.611712e-03 4.781858e-03 4.922522e-03 5.032837e-03 5.112122e-03 5.159890e-03 5.175846e-03 
5.565982e-03 5.548824e-03 5.497456e-03 5.412194e-03 5.293564e-03 5.142297e-03 4.959327e-03 4.745780e-03 4.502974e-03 4.232406e-03 3.935744e-03 3.614816e-03 3.271602e-03 2.908218e-03 2.526903e-03 2.130009e-03 1.719983e-03 1.299353e-03 8.707115e-04 4.367019e-04 1.487009e-16 4.367019e-04 8.707115e-04 1.299353e-03 1.719983e-03 2.130009e-03 2.526903e-03 2.908218e-03 3.271602e-03 3.614816e-03 3.935744e-03 4.232406e-03 4.502974e-03 4.745780e-03 4.959327e-03 5.142297e-03 5.293564e-03 5.412194e-03 5.497456e-03 5.548824e-03 5.565982e-03 
5.921803e-03 5.903548e-03 5.848896e-03 5.758183e-03 5.631969e-03 5.471033e-03 5.276365e-03 5.049167e-03 4.790839e-03 4.502974e-03 4.187347e-03 3.845903e-03 3.480749e-03 3.094134e-03 2.688442e-03 2.266176e-03 1.829938e-03 1.382417e-03 9.263741e-04 4.646193e-04 9.596581e-17 4.646193e-04 9.263741e-04 1.382417e-03 1.829938e-03 2.266176e-03 2.688442e-03 3.094134e-03 3.480749e-03 3.845903e-03 4.187347e-03 4.502974e-03 4.790839e-03 5.049167e-03 5.276365e-03 5.471033e-03 5.631969e-03 5.758183e-03 5.848896e-03 5.903548e-03 5.921803e-03 
6.241114e-03 6.221875e-03 6.164275e-03 6.068671e-03 5.935652e-03 5.766037e-03 5.560873e-03 5.321424e-03 5.049167e-03 4.745780e-03 4.413134e-03 4.053279e-03 3.668435e-03 3.260973e-03 2.833406e-03 2.388371e-03 1.928610e-03 1.456959e-03 9.763253e-04 4.896721e-04 1.313976e-16 4.896721e-04 9.763253e-04 1.456959e-03 1.928610e-03 2.388371e-03 2.833406e-03 3.260973e-03 3.668435e-03 4.053279e-03 4.413134e-03 4.745780e-03 5.049167e-03 5.321424e-03 5.560873e-03 5.766037e-03 5.935652e-03 6.068671e-03 6.164275e-03 6.221875e-03 6.241114e-03 
6.521946e-03 6.501841e-03 6.441650e-03 6.341744e-03 6.202739e-03 6.025492e-03 5.811096e-03 5.560873e-03 5.276365e-03 4.959327e-03 4.611712e-03 4.235665e-03 3.833504e-03 3.407707e-03 2.960902e-03 2.495841e-03 2.015392e-03 1.522518e-03 1.020257e-03 5.117060e-04 3.173228e-16 5.117060e-04 1.020257e-03 1.522518e-03 2.015392e-03 2.495841e-03 2.960902e-03 3.407707e-03 3.833504e-03 4.235665e-03 4.611712e-03 4.959327e-03 5.276365e-03 5.560873e-03 5.811096e-03 6.025492e-03 6.202739e-03 6.341744e-03 6.441650e-03 6.501841e-03 6.521946e-03 
6.762568e-03 6.741722e-03 6.679310e-03 6.575718e-03 6.431585e-03 6.247798e-03 6.025492e-03 5.766037e-03 5.471033e-03 5.142297e-03 4.781858e-03 4.391937e-03 3.974938e-03 3.533432e-03 3.070142e-03 2.587923e-03 2.089749e-03 1.578690e-03 1.057899e-03 5.305850e-04 1.669157e-16 5.305850e-04 1.057899e-03 1.578690e-03 2.089749e-03 2.587923e-03 3.070142e-03 3.533432e-03 3.974938e-03 4.391937e-03 4.781858e-03 5.142297e-03 5.471033e-03 5.766037e-03 6.025492e-03 6.247798e-03 6.431585e-03 6.575718e-03 6.679310e-03 6.741722e-03 6.762568e-03 
6.961497e-03 6.940037e-03 6.875789e-03 6.769150e-03 6.620777e-03 6.431585e-03 6.202739e-03 5.935652e-03 5.631969e-03 5.293564e-03 4.922522e-03 4.521131e-03 4.091865e-03 3.637372e-03 3.160454e-03 2.664050e-03 2.151221e-03 1.625129e-03 1.089018e-03 5.461928e-04 6.270957e-19 5.461928e-04 1.089018e-03 1.625129e-03 2.151221e-03 2.664050e-03 3.160454e-03 3.637372e-03 4.091865e-03 4.521131e-03 4.922522e-03 5.293564e-03 5.631969e-03 5.935652e-03 6.202739e-03 6.431585e-03 6.620777e-03 6.769150e-03 6.875789e-03 6.940037e-03 6.961497e-03 
7.117506e-03 7.095565e-03 7.029878e-03 6.920849e-03 6.769150e-03 6.575718e-03 6.341744e-03 6.068671e-03 5.758183e-03 5.412194e-03 5.032837e-03 4.622450e-03 4.183565e-03 3.718887e-03 3.231280e-03 2.723752e-03 2.199430e-03 1.661549e-03 1.113423e-03 5.584331e-04 2.900149e-16 5.584331e-04 1.113423e-03 1.661549e-03 2.199430e-03 2.723752e-03 3.231280e-03 3.718887e-03 4.183565e-03 4.622450e-03 5.032837e-03 5.412194e-03 5.758183e-03 6.068671e-03 6.341744e-03 6.575718e-03 6.769150e-03 6.920849e-03 7.029878e-03 7.095565e-03 7.117506e-03 
7.229633e-03 7.207346e-03 7.140624e-03 7.029878e-03 6.875789e-03 6.679310e-03 6.441650e-03 6.164275e-03 5.848896e-03 5.497456e-03 5.112122e-03 4.695271e-03 4.249472e-03 3.777473e-03 3.282185e-03 2.766661e-03 2.234079e-03 1.687724e-03 1.130964e-03 5.672305e-04 2.379100e-16 5.672305e-04 1.130964e-03 1.687724e-03 2.234079e-03 2.766661e-03 3.282185e-03 3.777473e-03 4.249472e-03 4.695271e-03 5.112122e-03 5.497456e-03 5.848896e-03 6.164275e-03 6.441650e-03 6.679310e-03 6.875789e-03 7.029878e-03 7.140624e-03 7.207346e-03 7.229633e-03 
7.297187e-03 7.274692e-03 7.207346e-03 7.095565e-03 6.940037e-03 6.741722e-03 6.501841e-03 6.221875e-03 5.903548e-03 5.548824e-03 5.159890e-03 4.739144e-03 4.289179e-03 3.812770e-03 3.312853e-03 2.792512e-03 2.254955e-03 1.703494e-03 1.141532e-03 5.725307e-04 9.552370e-16 5.725307e-04 1.141532e-03 1.703494e-03 2.254955e-03 2.792512e-03 3.312853e-03 3.812770e-03 4.289179e-03 4.739144e-03 5.159890e-03 5.548824e-03 5.903548e-03 6.221875e-03 6.501841e-03 6.741722e-03 6.940037e-03 7.095565e-03 7.207346e-03 7.274692e-03 7.297187e-03 
7.319751e-03 7.297187e-03 7.229633e-03 7.117506e-03 6.961497e-03 6.762568e-03 6.521946e-03 6.241114e-03 5.921803e-03 5.565982e-03 5.175846e-03 4.753798e-03 4.302442e-03 3.824559e-03 3.323097e-03 2.801147e-03 2.261927e-03 1.708762e-03 1.145061e-03 5.743011e-04 8.004176e-16 5.743011e-04 1.145061e-03 1.708762e-03 2.261927e-03 2.801147e-03 3.323097e-03 3.824559e-03 4.302442e-03 4.753798e-03 5.175846e-03 5.565982e-03 5.921803e-03 6.241114e-03 6.521946e-03 6.762568e-03 6.961497e-03 7.117506e-03 7.229633e-03 7.297187e-03 7.319751e-03 
