6.065307e-01 6.060630e-01 6.046609e-01 6.023265e-01 5.990633e-01 5.948763e-01 5.897722e-01 5.837586e-01 5.768449e-01 5.690418e-01 5.603613e-01 5.508167e-01 5.404228e-01 5.291956e-01 5.171524e-01 5.043118e-01 4.906936e-01 4.763188e-01 4.612095e-01 4.453891e-01 4.288819e-01 4.117135e-01 3.939102e-01 3.754995e-01 3.565098e-01 3.369704e-01 3.169114e-01 2.963638e-01 2.753592e-01 2.539300e-01 2.321092e-01 2.099306e-01 1.874283e-01 1.646370e-01 1.415918e-01 1.183283e-01 9.488230e-02 7.129004e-02 4.758785e-02 2.381228e-02 3.713929e-17 -2.381228e-02 -4.758785e-02 -7.129004e-02 -9.488230e-02 -1.183283e-01 -1.415918e-01 -1.646370e-01 -1.874283e-01 -2.099306e-01 -2.321092e-01 -2.539300e-01 -2.753592e-01 -2.963638e-01 -3.169114e-01 -3.369704e-01 -3.565098e-01 -3.754995e-01 -3.939102e-01 -4.117135e-01 -4.288819e-01 -4.453891e-01 -4.612095e-01 -4.763188e-01 -4.906936e-01 -5.043118e-01 -5.171524e-01 -5.291956e-01 -5.404228e-01 -5.508167e-01 -5.603613e-01 -5.690418e-01 -5.768449e-01 -5.837586e-01 -5.897722e-01 -5.948763e-01 -5.990633e-01 -6.023265e-01 -6.046609e-01 -6.060630e-01 -6.065307e-01 
6.060630e-01 6.055958e-01 6.041948e-01 6.018621e-01 5.986014e-01 5.944177e-01 5.893175e-01 5.833086e-01 5.764002e-01 5.686031e-01 5.599292e-01 5.503920e-01 5.400061e-01 5.287876e-01 5.167537e-01 5.039230e-01 4.903153e-01 4.759516e-01 4.608540e-01 4.450457e-01 4.285513e-01 4.113960e-01 3.936065e-01 3.752100e-01 3.562349e-01 3.367106e-01 3.166671e-01 2.961353e-01 2.751469e-01 2.537342e-01 2.319303e-01 2.097688e-01 1.872838e-01 1.645100e-01 1.414826e-01 1.182370e-01 9.480915e-02 7.123507e-02 4.755116e-02 2.379392e-02 3.711066e-17 -2.379392e-02 -4.755116e-02 -7.123507e-02 -9.480915e-02 -1.182370e-01 -1.414826e-01 -1.645100e-01 -1.872838e-01 -2.097688e-01 -2.319303e-01 -2.537342e-01 -2.751469e-01 -2.961353e-01 -3.166671e-01 -3.367106e-01 -3.562349e-01 -3.752100e-01 -3.936065e-01 -4.113960e-01 -4.285513e-01 -4.450457e-01 -4.608540e-01 -4.759516e-01 -4.903153e-01 -5.039230e-01 -5.167537e-01 -5.287876e-01 -5.400061e-01 -5.503920e-01 -5.599292e-01 -5.686031e-01 -5.764002e-01 -5.833086e-01 -5.893175e-01 -5.944177e-01 -5.986014e-01 -6.018621e-01 -6.041948e-01 -6.055958e-01 -6.060630e-01 
6.046609e-01 6.041948e-01 6.027970e-01 6.004697e-01 5.972165e-01 5.930425e-01 5.879541e-01 5.819591e-01 5.750667e-01 5.672876e-01 5.586339e-01 5.491187e-01 5.387568e-01 5.275642e-01 5.155582e-01 5.027572e-01 4.891810e-01 4.748505e-01 4.597878e-01 4.440161e-01 4.275598e-01 4.104443e-01 3.926959e-01 3.743419e-01 3.554108e-01 3.359316e-01 3.159345e-01 2.954502e-01 2.745103e-01 2.531472e-01 2.313937e-01 2.092835e-01 1.868505e-01 1.641294e-01 1.411553e-01 1.179635e-01 9.458981e-02 7.107027e-02 4.744115e-02 2.373888e-02 3.702480e-17 -2.373888e-02 -4.744115e-02 -7.107027e-02 -9.458981e-02 -1.179635e-01 -1.411553e-01 -1.641294e-01 -1.868505e-01 -2.092835e-01 -2.313937e-01 -2.531472e-01 -2.745103e-01 -2.954502e-01 -3.159345e-01 -3.359316e-01 -3.554108e-01 -3.743419e-01 -3.926959e-01 -4.104443e-01 -4.275598e-01 -4.440161e-01 -4.597878e-01 -4.748505e-01 -4.891810e-01 -5.027572e-01 -5.155582e-01 -5.275642e-01 -5.387568e-01 -5.491187e-01 -5.586339e-01 -5.672876e-01 -5.750667e-01 -5.819591e-01 -5.879541e-01 -5.930425e-01 -5.972165e-01 -6.004697e-01 -6.027970e-01 -6.041948e-01 -6.046609e-01 
6.023265e-01 6.018621e-01 6.004697e-01 5.981514e-01 5.949108e-01 5.907529e-01 5.856841e-01 5.797123e-01 5.728465e-01 5.650975e-01 5.564771e-01 5.469987e-01 5.366768e-01 5.255274e-01 5.135677e-01 5.008162e-01 4.872923e-01 4.730172e-01 4.580126e-01 4.423019e-01 4.259091e-01 4.088597e-01 3.911797e-01 3.728967e-01 3.540386e-01 3.346347e-01 3.147147e-01 2.943095e-01 2.734505e-01 2.521698e-01 2.305004e-01 2.084755e-01 1.861291e-01 1.634958e-01 1.406103e-01 1.175081e-01 9.422462e-02 7.079589e-02 4.725799e-02 2.364723e-02 3.688186e-17 -2.364723e-02 -4.725799e-02 -7.079589e-02 -9.422462e-02 -1.175081e-01 -1.406103e-01 -1.634958e-01 -1.861291e-01 -2.084755e-01 -2.305004e-01 -2.521698e-01 -2.734505e-01 -2.943095e-01 -3.147147e-01 -3.346347e-01 -3.540386e-01 -3.728967e-01 -3.911797e-01 -4.088597e-01 -4.259091e-01 -4.423019e-01 -4.580126e-01 -4.730172e-01 -4.872923e-01 -5.008162e-01 -5.135677e-01 -5.255274e-01 -5.366768e-01 -5.469987e-01 -5.564771e-01 -5.650975e-01 -5.728465e-01 -5.797123e-01 -5.856841e-01 -5.907529e-01 -5.949108e-01 -5.981514e-01 -6.004697e-01 -6.018621e-01 -6.023265e-01 
5.990633e-01 5.986014e-01 5.972165e-01 5.949108e-01 5.916878e-01 5.875524e-01 5.825111e-01 5.765716e-01 5.697430e-01 5.620360e-01 5.534623e-01 5.440352e-01 5.337693e-01 5.226803e-01 5.107854e-01 4.981029e-01 4.846524e-01 4.704545e-01 4.555313e-01 4.399056e-01 4.236017e-01 4.066446e-01 3.890605e-01 3.708764e-01 3.521205e-01 3.328217e-01 3.130097e-01 2.927150e-01 2.719690e-01 2.508037e-01 2.292516e-01 2.073460e-01 1.851207e-01 1.626100e-01 1.398485e-01 1.168714e-01 9.371414e-02 7.041234e-02 4.700196e-02 2.351911e-02 3.668205e-17 -2.351911e-02 -4.700196e-02 -7.041234e-02 -9.371414e-02 -1.168714e-01 -1.398485e-01 -1.626100e-01 -1.851207e-01 -2.073460e-01 -2.292516e-01 -2.508037e-01 -2.719690e-01 -2.927150e-01 -3.130097e-01 -3.328217e-01 -3.521205e-01 -3.708764e-01 -3.890605e-01 -4.066446e-01 -4.236017e-01 -4.399056e-01 -4.555313e-01 -4.704545e-01 -4.846524e-01 -4.981029e-01 -5.107854e-01 -5.226803e-01 -5.337693e-01 -5.440352e-01 -5.534623e-01 -5.620360e-01 -5.697430e-01 -5.765716e-01 -5.825111e-01 -5.875524e-01 -5.916878e-01 -5.949108e-01 -5.972165e-01 -5.986014e-01 -5.990633e-01 
5.948763e-01 5.944177e-01 5.930425e-01 5.907529e-01 5.875524e-01 5.834460e-01 5.784399e-01 5.725419e-01 5.657610e-01 5.581078e-01 5.495941e-01 5.402329e-01 5.300387e-01 5.190272e-01 5.072155e-01 4.946216e-01 4.812651e-01 4.671665e-01 4.523475e-01 4.368311e-01 4.206411e-01 4.038025e-01 3.863413e-01 3.682843e-01 3.496595e-01 3.304956e-01 3.108220e-01 2.906692e-01 2.700682e-01 2.490508e-01 2.276493e-01 2.058968e-01 1.838269e-01 1.614735e-01 1.388711e-01 1.160546e-01 9.305916e-02 6.992022e-02 4.667346e-02 2.335474e-02 3.642567e-17 -2.335474e-02 -4.667346e-02 -6.992022e-02 -9.305916e-02 -1.160546e-01 -1.388711e-01 -1.614735e-01 -1.838269e-01 -2.058968e-01 -2.276493e-01 -2.490508e-01 -2.700682e-01 -2.906692e-01 -3.108220e-01 -3.304956e-01 -3.496595e-01 -3.682843e-01 -3.863413e-01 -4.038025e-01 -4.206411e-01 -4.368311e-01 -4.523475e-01 -4.671665e-01 -4.812651e-01 -4.946216e-01 -5.072155e-01 -5.190272e-01 -5.300387e-01 -5.402329e-01 -5.495941e-01 -5.581078e-01 -5.657610e-01 -5.725419e-01 -5.784399e-01 -5.834460e-01 -5.875524e-01 -5.907529e-01 -5.930425e-01 -5.944177e-01 -5.948763e-01 
5.897722e-01 5.893175e-01 5.879541e-01 5.856841e-01 5.825111e-01 5.784399e-01 5.734767e-01 5.676293e-01 5.609067e-01 5.533191e-01 5.448784e-01 5.355976e-01 5.254909e-01 5.145739e-01 5.028634e-01 4.903776e-01 4.771357e-01 4.631581e-01 4.484663e-01 4.330830e-01 4.170319e-01 4.003378e-01 3.830264e-01 3.651244e-01 3.466594e-01 3.276599e-01 3.081551e-01 2.881752e-01 2.677510e-01 2.469139e-01 2.256960e-01 2.041302e-01 1.822496e-01 1.600880e-01 1.376796e-01 1.150588e-01 9.226069e-02 6.932029e-02 4.627299e-02 2.315435e-02 3.611313e-17 -2.315435e-02 -4.627299e-02 -6.932029e-02 -9.226069e-02 -1.150588e-01 -1.376796e-01 -1.600880e-01 -1.822496e-01 -2.041302e-01 -2.256960e-01 -2.469139e-01 -2.677510e-01 -2.881752e-01 -3.081551e-01 -3.276599e-01 -3.466594e-01 -3.651244e-01 -3.830264e-01 -4.003378e-01 -4.170319e-01 -4.330830e-01 -4.484663e-01 -4.631581e-01 -4.771357e-01 -4.903776e-01 -5.028634e-01 -5.145739e-01 -5.254909e-01 -5.355976e-01 -5.448784e-01 -5.533191e-01 -5.609067e-01 -5.676293e-01 -5.734767e-01 -5.784399e-01 -5.825111e-01 -5.856841e-01 -5.879541e-01 -5.893175e-01 -5.897722e-01 
5.837586e-01 5.833086e-01 5.819591e-01 5.797123e-01 5.765716e-01 5.725419e-01 5.676293e-01 5.618415e-01 5.551874e-01 5.476773e-01 5.393226e-01 5.301364e-01 5.201327e-01 5.093271e-01 4.977360e-01 4.853775e-01 4.722706e-01 4.584355e-01 4.438935e-01 4.286671e-01 4.127797e-01 3.962558e-01 3.791209e-01 3.614014e-01 3.431247e-01 3.243189e-01 3.050130e-01 2.852369e-01 2.650209e-01 2.443962e-01 2.233947e-01 2.020488e-01 1.803913e-01 1.584557e-01 1.362757e-01 1.138857e-01 9.131997e-02 6.861347e-02 4.580117e-02 2.291826e-02 3.574491e-17 -2.291826e-02 -4.580117e-02 -6.861347e-02 -9.131997e-02 -1.138857e-01 -1.362757e-01 -1.584557e-01 -1.803913e-01 -2.020488e-01 -2.233947e-01 -2.443962e-01 -2.650209e-01 -2.852369e-01 -3.050130e-01 -3.243189e-01 -3.431247e-01 -3.614014e-01 -3.791209e-01 -3.962558e-01 -4.127797e-01 -4.286671e-01 -4.438935e-01 -4.584355e-01 -4.722706e-01 -4.853775e-01 -4.977360e-01 -5.093271e-01 -5.201327e-01 -5.301364e-01 -5.393226e-01 -5.476773e-01 -5.551874e-01 -5.618415e-01 -5.676293e-01 -5.725419e-01 -5.765716e-01 -5.797123e-01 -5.819591e-01 -5.833086e-01 -5.837586e-01 
5.768449e-01 5.764002e-01 5.750667e-01 5.728465e-01 5.697430e-01 5.657610e-01 5.609067e-01 5.551874e-01 5.486121e-01 5.411909e-01 5.329352e-01 5.238578e-01 5.139726e-01 5.032949e-01 4.918412e-01 4.796290e-01 4.666774e-01 4.530061e-01 4.386363e-01 4.235902e-01 4.078910e-01 3.915628e-01 3.746308e-01 3.571212e-01 3.390609e-01 3.204779e-01 3.014007e-01 2.818587e-01 2.618821e-01 2.415017e-01 2.207490e-01 1.996559e-01 1.782549e-01 1.565790e-01 1.346618e-01 1.125369e-01 9.023843e-02 6.780085e-02 4.525873e-02 2.264683e-02 3.532157e-17 -2.264683e-02 -4.525873e-02 -6.780085e-02 -9.023843e-02 -1.125369e-01 -1.346618e-01 -1.565790e-01 -1.782549e-01 -1.996559e-01 -2.207490e-01 -2.415017e-01 -2.618821e-01 -2.818587e-01 -3.014007e-01 -3.204779e-01 -3.390609e-01 -3.571212e-01 -3.746308e-01 -3.915628e-01 -4.078910e-01 -4.235902e-01 -4.386363e-01 -4.530061e-01 -4.666774e-01 -4.796290e-01 -4.918412e-01 -5.032949e-01 -5.139726e-01 -5.238578e-01 -5.329352e-01 -5.411909e-01 -5.486121e-01 -5.551874e-01 -5.609067e-01 -5.657610e-01 -5.697430e-01 -5.728465e-01 -5.750667e-01 -5.764002e-01 -5.768449e-01 
5.690418e-01 5.686031e-01 5.672876e-01 5.650975e-01 5.620360e-01 5.581078e-01 5.533191e-01 5.476773e-01 5.411909e-01 5.338701e-01 5.257261e-01 5.167714e-01 5.070200e-01 4.964867e-01 4.851879e-01 4.731410e-01 4.603645e-01 4.468782e-01 4.327028e-01 4.178602e-01 4.023733e-01 3.862660e-01 3.695631e-01 3.522903e-01 3.344744e-01 3.161427e-01 2.973235e-01 2.780459e-01 2.583396e-01 2.382349e-01 2.177629e-01 1.969551e-01 1.758436e-01 1.544610e-01 1.328402e-01 1.110145e-01 8.901775e-02 6.688369e-02 4.464651e-02 2.234048e-02 3.484376e-17 -2.234048e-02 -4.464651e-02 -6.688369e-02 -8.901775e-02 -1.110145e-01 -1.328402e-01 -1.544610e-01 -1.758436e-01 -1.969551e-01 -2.177629e-01 -2.382349e-01 -2.583396e-01 -2.780459e-01 -2.973235e-01 -3.161427e-01 -3.344744e-01 -3.522903e-01 -3.695631e-01 -3.862660e-01 -4.023733e-01 -4.178602e-01 -4.327028e-01 -4.468782e-01 -4.603645e-01 -4.731410e-01 -4.851879e-01 -4.964867e-01 -5.070200e-01 -5.167714e-01 -5.257261e-01 -5.338701e-01 -5.411909e-01 -5.476773e-01 -5.533191e-01 -5.581078e-01 -5.620360e-01 -5.650975e-01 -5.672876e-01 -5.686031e-01 -5.690418e-01 
5.603613e-01 5.599292e-01 5.586339e-01 5.564771e-01 5.534623e-01 5.495941e-01 5.448784e-01 5.393226e-01 5.329352e-01 5.257261e-01 5.177063e-01 5.088883e-01 4.992855e-01 4.889130e-01 4.777865e-01 4.659234e-01 4.533418e-01 4.400612e-01 4.261020e-01 4.114859e-01 3.962352e-01 3.803736e-01 3.639255e-01 3.469163e-01 3.293721e-01 3.113200e-01 2.927880e-01 2.738044e-01 2.543987e-01 2.346007e-01 2.144410e-01 1.939506e-01 1.731612e-01 1.521047e-01 1.308137e-01 1.093211e-01 8.765981e-02 6.586340e-02 4.396544e-02 2.199968e-02 3.431223e-17 -2.199968e-02 -4.396544e-02 -6.586340e-02 -8.765981e-02 -1.093211e-01 -1.308137e-01 -1.521047e-01 -1.731612e-01 -1.939506e-01 -2.144410e-01 -2.346007e-01 -2.543987e-01 -2.738044e-01 -2.927880e-01 -3.113200e-01 -3.293721e-01 -3.469163e-01 -3.639255e-01 -3.803736e-01 -3.962352e-01 -4.114859e-01 -4.261020e-01 -4.400612e-01 -4.533418e-01 -4.659234e-01 -4.777865e-01 -4.889130e-01 -4.992855e-01 -5.088883e-01 -5.177063e-01 -5.257261e-01 -5.329352e-01 -5.393226e-01 -5.448784e-01 -5.495941e-01 -5.534623e-01 -5.564771e-01 -5.586339e-01 -5.599292e-01 -5.603613e-01 
5.508167e-01 5.503920e-01 5.491187e-01 5.469987e-01 5.440352e-01 5.402329e-01 5.355976e-01 5.301364e-01 5.238578e-01 5.167714e-01 5.088883e-01 5.002204e-01 4.907813e-01 4.805854e-01 4.696484e-01 4.579873e-01 4.456201e-01 4.325657e-01 4.188443e-01 4.044771e-01 3.894862e-01 3.738948e-01 3.577268e-01 3.410073e-01 3.237619e-01 3.060174e-01 2.878009e-01 2.691407e-01 2.500655e-01 2.306048e-01 2.107884e-01 1.906470e-01 1.702117e-01 1.495139e-01 1.285856e-01 1.074590e-01 8.616671e-02 6.474156e-02 4.321658e-02 2.162496e-02 3.372779e-17 -2.162496e-02 -4.321658e-02 -6.474156e-02 -8.616671e-02 -1.074590e-01 -1.285856e-01 -1.495139e-01 -1.702117e-01 -1.906470e-01 -2.107884e-01 -2.306048e-01 -2.500655e-01 -2.691407e-01 -2.878009e-01 -3.060174e-01 -3.237619e-01 -3.410073e-01 -3.577268e-01 -3.738948e-01 -3.894862e-01 -4.044771e-01 -4.188443e-01 -4.325657e-01 -4.456201e-01 -4.579873e-01 -4.696484e-01 -4.805854e-01 -4.907813e-01 -5.002204e-01 -5.088883e-01 -5.167714e-01 -5.238578e-01 -5.301364e-01 -5.355976e-01 -5.402329e-01 -5.440352e-01 -5.469987e-01 -5.491187e-01 -5.503920e-01 -5.508167e-01 
5.404228e-01 5.400061e-01 5.387568e-01 5.366768e-01 5.337693e-01 5.300387e-01 5.254909e-01 5.201327e-01 5.139726e-01 5.070200e-01 4.992855e-01 4.907813e-01 4.815202e-01 4.715167e-01 4.607862e-01 4.493451e-01 4.372112e-01 4.244032e-01 4.109407e-01 3.968446e-01 3.821366e-01 3.668394e-01 3.509765e-01 3.345725e-01 3.176525e-01 3.002428e-01 2.823701e-01 2.640620e-01 2.453468e-01 2.262533e-01 2.068108e-01 1.870495e-01 1.669998e-01 1.466926e-01 1.261592e-01 1.054313e-01 8.454075e-02 6.351989e-02 4.240108e-02 2.121690e-02 3.309135e-17 -2.121690e-02 -4.240108e-02 -6.351989e-02 -8.454075e-02 -1.054313e-01 -1.261592e-01 -1.466926e-01 -1.669998e-01 -1.870495e-01 -2.068108e-01 -2.262533e-01 -2.453468e-01 -2.640620e-01 -2.823701e-01 -3.002428e-01 -3.176525e-01 -3.345725e-01 -3.509765e-01 -3.668394e-01 -3.821366e-01 -3.968446e-01 -4.109407e-01 -4.244032e-01 -4.372112e-01 -4.493451e-01 -4.607862e-01 -4.715167e-01 -4.815202e-01 -4.907813e-01 -4.992855e-01 -5.070200e-01 -5.139726e-01 -5.201327e-01 -5.254909e-01 -5.300387e-01 -5.337693e-01 -5.366768e-01 -5.387568e-01 -5.400061e-01 -5.404228e-01 
5.291956e-01 5.287876e-01 5.275642e-01 5.255274e-01 5.226803e-01 5.190272e-01 5.145739e-01 5.093271e-01 5.032949e-01 4.964867e-01 4.889130e-01 4.805854e-01 4.715167e-01 4.617210e-01 4.512134e-01 4.400100e-01 4.281282e-01 4.155862e-01 4.024035e-01 3.886002e-01 3.741978e-01 3.592184e-01 3.436850e-01 3.276218e-01 3.110534e-01 2.940053e-01 2.765039e-01 2.585762e-01 2.402498e-01 2.215529e-01 2.025144e-01 1.831636e-01 1.635304e-01 1.436451e-01 1.235383e-01 1.032409e-01 8.278443e-02 6.220027e-02 4.152021e-02 2.077612e-02 3.240388e-17 -2.077612e-02 -4.152021e-02 -6.220027e-02 -8.278443e-02 -1.032409e-01 -1.235383e-01 -1.436451e-01 -1.635304e-01 -1.831636e-01 -2.025144e-01 -2.215529e-01 -2.402498e-01 -2.585762e-01 -2.765039e-01 -2.940053e-01 -3.110534e-01 -3.276218e-01 -3.436850e-01 -3.592184e-01 -3.741978e-01 -3.886002e-01 -4.024035e-01 -4.155862e-01 -4.281282e-01 -4.400100e-01 -4.512134e-01 -4.617210e-01 -4.715167e-01 -4.805854e-01 -4.889130e-01 -4.964867e-01 -5.032949e-01 -5.093271e-01 -5.145739e-01 -5.190272e-01 -5.226803e-01 -5.255274e-01 -5.275642e-01 -5.287876e-01 -5.291956e-01 
5.171524e-01 5.167537e-01 5.155582e-01 5.135677e-01 5.107854e-01 5.072155e-01 5.028634e-01 4.977360e-01 4.918412e-01 4.851879e-01 4.777865e-01 4.696484e-01 4.607862e-01 4.512134e-01 4.409449e-01 4.299965e-01 4.183851e-01 4.061285e-01 3.932458e-01 3.797566e-01 3.656820e-01 3.510434e-01 3.358636e-01 3.201659e-01 3.039746e-01 2.873145e-01 2.702114e-01 2.526916e-01 2.347823e-01 2.165109e-01 1.979057e-01 1.789953e-01 1.598089e-01 1.403761e-01 1.207268e-01 1.008914e-01 8.090046e-02 6.078475e-02 4.057531e-02 2.030331e-02 3.166645e-17 -2.030331e-02 -4.057531e-02 -6.078475e-02 -8.090046e-02 -1.008914e-01 -1.207268e-01 -1.403761e-01 -1.598089e-01 -1.789953e-01 -1.979057e-01 -2.165109e-01 -2.347823e-01 -2.526916e-01 -2.702114e-01 -2.873145e-01 -3.039746e-01 -3.201659e-01 -3.358636e-01 -3.510434e-01 -3.656820e-01 -3.797566e-01 -3.932458e-01 -4.061285e-01 -4.183851e-01 -4.299965e-01 -4.409449e-01 -4.512134e-01 -4.607862e-01 -4.696484e-01 -4.777865e-01 -4.851879e-01 -4.918412e-01 -4.977360e-01 -5.028634e-01 -5.072155e-01 -5.107854e-01 -5.135677e-01 -5.155582e-01 -5.167537e-01 -5.171524e-01 
5.043118e-01 5.039230e-01 5.027572e-01 5.008162e-01 4.981029e-01 4.946216e-01 4.903776e-01 4.853775e-01 4.796290e-01 4.731410e-01 4.659234e-01 4.579873e-01 4.493451e-01 4.400100e-01 4.299965e-01 4.193199e-01 4.079968e-01 3.960446e-01 3.834817e-01 3.703275e-01 3.566023e-01 3.423272e-01 3.275243e-01 3.122164e-01 2.964270e-01 2.801806e-01 2.635022e-01 2.464175e-01 2.289528e-01 2.111351e-01 1.929918e-01 1.745509e-01 1.558409e-01 1.368906e-01 1.177293e-01 9.838635e-02 7.889175e-02 5.927550e-02 3.956785e-02 1.979919e-02 3.088019e-17 -1.979919e-02 -3.956785e-02 -5.927550e-02 -7.889175e-02 -9.838635e-02 -1.177293e-01 -1.368906e-01 -1.558409e-01 -1.745509e-01 -1.929918e-01 -2.111351e-01 -2.289528e-01 -2.464175e-01 -2.635022e-01 -2.801806e-01 -2.964270e-01 -3.122164e-01 -3.275243e-01 -3.423272e-01 -3.566023e-01 -3.703275e-01 -3.834817e-01 -3.960446e-01 -4.079968e-01 -4.193199e-01 -4.299965e-01 -4.400100e-01 -4.493451e-01 -4.579873e-01 -4.659234e-01 -4.731410e-01 -4.796290e-01 -4.853775e-01 -4.903776e-01 -4.946216e-01 -4.981029e-01 -5.008162e-01 -5.027572e-01 -5.039230e-01 -5.043118e-01 
4.906936e-01 4.903153e-01 4.891810e-01 4.872923e-01 4.846524e-01 4.812651e-01 4.771357e-01 4.722706e-01 4.666774e-01 4.603645e-01 4.533418e-01 4.456201e-01 4.372112e-01 4.281282e-01 4.183851e-01 4.079968e-01 3.969795e-01 3.853500e-01 3.731263e-01 3.603274e-01 3.469728e-01 3.330832e-01 3.186800e-01 3.037854e-01 2.884225e-01 2.726148e-01 2.563867e-01 2.397633e-01 2.227702e-01 2.054337e-01 1.877803e-01 1.698374e-01 1.516327e-01 1.331941e-01 1.145501e-01 9.572957e-02 7.676139e-02 5.767485e-02 3.849938e-02 1.926454e-02 3.004632e-17 -1.926454e-02 -3.849938e-02 -5.767485e-02 -7.676139e-02 -9.572957e-02 -1.145501e-01 -1.331941e-01 -1.516327e-01 -1.698374e-01 -1.877803e-01 -2.054337e-01 -2.227702e-01 -2.397633e-01 -2.563867e-01 -2.726148e-01 -2.884225e-01 -3.037854e-01 -3.186800e-01 -3.330832e-01 -3.469728e-01 -3.603274e-01 -3.731263e-01 -3.853500e-01 -3.969795e-01 -4.079968e-01 -4.183851e-01 -4.281282e-01 -4.372112e-01 -4.456201e-01 -4.533418e-01 -4.603645e-01 -4.666774e-01 -4.722706e-01 -4.771357e-01 -4.812651e-01 -4.846524e-01 -4.872923e-01 -4.891810e-01 -4.903153e-01 -4.906936e-01 
4.763188e-01 4.759516e-01 4.748505e-01 4.730172e-01 4.704545e-01 4.671665e-01 4.631581e-01 4.584355e-01 4.530061e-01 4.468782e-01 4.400612e-01 4.325657e-01 4.244032e-01 4.155862e-01 4.061285e-01 3.960446e-01 3.853500e-01 3.740612e-01 3.621957e-01 3.497716e-01 3.368083e-01 3.233256e-01 3.093443e-01 2.948861e-01 2.799732e-01 2.646285e-01 2.488759e-01 2.327395e-01 2.162442e-01 1.994155e-01 1.822793e-01 1.648621e-01 1.471906e-01 1.292922e-01 1.111944e-01 9.292519e-02 7.451268e-02 5.598527e-02 3.737154e-02 1.870019e-02 2.916611e-17 -1.870019e-02 -3.737154e-02 -5.598527e-02 -7.451268e-02 -9.292519e-02 -1.111944e-01 -1.292922e-01 -1.471906e-01 -1.648621e-01 -1.822793e-01 -1.994155e-01 -2.162442e-01 -2.327395e-01 -2.488759e-01 -2.646285e-01 -2.799732e-01 -2.948861e-01 -3.093443e-01 -3.233256e-01 -3.368083e-01 -3.497716e-01 -3.621957e-01 -3.740612e-01 -3.853500e-01 -3.960446e-01 -4.061285e-01 -4.155862e-01 -4.244032e-01 -4.325657e-01 -4.400612e-01 -4.468782e-01 -4.530061e-01 -4.584355e-01 -4.631581e-01 -4.671665e-01 -4.704545e-01 -4.730172e-01 -4.748505e-01 -4.759516e-01 -4.763188e-01 
4.612095e-01 4.608540e-01 4.597878e-01 4.580126e-01 4.555313e-01 4.523475e-01 4.484663e-01 4.438935e-01 4.386363e-01 4.327028e-01 4.261020e-01 4.188443e-01 4.109407e-01 4.024035e-01 3.932458e-01 3.834817e-01 3.731263e-01 3.621957e-01 3.507065e-01 3.386765e-01 3.261244e-01 3.130694e-01 2.995316e-01 2.855320e-01 2.710922e-01 2.562343e-01 2.409813e-01 2.253568e-01 2.093847e-01 1.930899e-01 1.764972e-01 1.596325e-01 1.425216e-01 1.251909e-01 1.076672e-01 8.997752e-02 7.214907e-02 5.420937e-02 3.618608e-02 1.810700e-02 2.824094e-17 -1.810700e-02 -3.618608e-02 -5.420937e-02 -7.214907e-02 -8.997752e-02 -1.076672e-01 -1.251909e-01 -1.425216e-01 -1.596325e-01 -1.764972e-01 -1.930899e-01 -2.093847e-01 -2.253568e-01 -2.409813e-01 -2.562343e-01 -2.710922e-01 -2.855320e-01 -2.995316e-01 -3.130694e-01 -3.261244e-01 -3.386765e-01 -3.507065e-01 -3.621957e-01 -3.731263e-01 -3.834817e-01 -3.932458e-01 -4.024035e-01 -4.109407e-01 -4.188443e-01 -4.261020e-01 -4.327028e-01 -4.386363e-01 -4.438935e-01 -4.484663e-01 -4.523475e-01 -4.555313e-01 -4.580126e-01 -4.597878e-01 -4.608540e-01 -4.612095e-01 
4.453891e-01 4.450457e-01 4.440161e-01 4.423019e-01 4.399056e-01 4.368311e-01 4.330830e-01 4.286671e-01 4.235902e-01 4.178602e-01 4.114859e-01 4.044771e-01 3.968446e-01 3.886002e-01 3.797566e-01 3.703275e-01 3.603274e-01 3.497716e-01 3.386765e-01 3.270593e-01 3.149377e-01 3.023305e-01 2.892571e-01 2.757377e-01 2.617932e-01 2.474449e-01 2.327152e-01 2.176266e-01 2.022024e-01 1.864665e-01 1.704430e-01 1.541568e-01 1.376328e-01 1.208966e-01 1.039740e-01 8.689111e-02 6.967421e-02 5.234988e-02 3.494483e-02 1.748589e-02 2.727222e-17 -1.748589e-02 -3.494483e-02 -5.234988e-02 -6.967421e-02 -8.689111e-02 -1.039740e-01 -1.208966e-01 -1.376328e-01 -1.541568e-01 -1.704430e-01 -1.864665e-01 -2.022024e-01 -2.176266e-01 -2.327152e-01 -2.474449e-01 -2.617932e-01 -2.757377e-01 -2.892571e-01 -3.023305e-01 -3.149377e-01 -3.270593e-01 -3.386765e-01 -3.497716e-01 -3.603274e-01 -3.703275e-01 -3.797566e-01 -3.886002e-01 -3.968446e-01 -4.044771e-01 -4.114859e-01 -4.178602e-01 -4.235902e-01 -4.286671e-01 -4.330830e-01 -4.368311e-01 -4.399056e-01 -4.423019e-01 -4.440161e-01 -4.450457e-01 -4.453891e-01 
4.288819e-01 4.285513e-01 4.275598e-01 4.259091e-01 4.236017e-01 4.206411e-01 4.170319e-01 4.127797e-01 4.078910e-01 4.023733e-01 3.962352e-01 3.894862e-01 3.821366e-01 3.741978e-01 3.656820e-01 3.566023e-01 3.469728e-01 3.368083e-01 3.261244e-01 3.149377e-01 3.032653e-01 2.911254e-01 2.785365e-01 2.655182e-01 2.520905e-01 2.382740e-01 2.240902e-01 2.095608e-01 1.947083e-01 1.795556e-01 1.641260e-01 1.484434e-01 1.325318e-01 1.164159e-01 1.001205e-01 8.367072e-02 6.709192e-02 5.040967e-02 3.364969e-02 1.683783e-02 2.626144e-17 -1.683783e-02 -3.364969e-02 -5.040967e-02 -6.709192e-02 -8.367072e-02 -1.001205e-01 -1.164159e-01 -1.325318e-01 -1.484434e-01 -1.641260e-01 -1.795556e-01 -1.947083e-01 -2.095608e-01 -2.240902e-01 -2.382740e-01 -2.520905e-01 -2.655182e-01 -2.785365e-01 -2.911254e-01 -3.032653e-01 -3.149377e-01 -3.261244e-01 -3.368083e-01 -3.469728e-01 -3.566023e-01 -3.656820e-01 -3.741978e-01 -3.821366e-01 -3.894862e-01 -3.962352e-01 -4.023733e-01 -4.078910e-01 -4.127797e-01 -4.170319e-01 -4.206411e-01 -4.236017e-01 -4.259091e-01 -4.275598e-01 -4.285513e-01 -4.288819e-01 
4.117135e-01 4.113960e-01 4.104443e-01 4.088597e-01 4.066446e-01 4.038025e-01 4.003378e-01 3.962558e-01 3.915628e-01 3.862660e-01 3.803736e-01 3.738948e-01 3.668394e-01 3.592184e-01 3.510434e-01 3.423272e-01 3.330832e-01 3.233256e-01 3.130694e-01 3.023305e-01 2.911254e-01 2.794714e-01 2.673865e-01 2.548893e-01 2.419991e-01 2.287357e-01 2.151197e-01 2.011719e-01 1.869140e-01 1.723679e-01 1.575559e-01 1.425011e-01 1.272265e-01 1.117557e-01 9.611260e-02 8.032131e-02 6.440618e-02 4.839173e-02 3.230267e-02 1.616379e-02 2.521018e-17 -1.616379e-02 -3.230267e-02 -4.839173e-02 -6.440618e-02 -8.032131e-02 -9.611260e-02 -1.117557e-01 -1.272265e-01 -1.425011e-01 -1.575559e-01 -1.723679e-01 -1.869140e-01 -2.011719e-01 -2.151197e-01 -2.287357e-01 -2.419991e-01 -2.548893e-01 -2.673865e-01 -2.794714e-01 -2.911254e-01 -3.023305e-01 -3.130694e-01 -3.233256e-01 -3.330832e-01 -3.423272e-01 -3.510434e-01 -3.592184e-01 -3.668394e-01 -3.738948e-01 -3.803736e-01 -3.862660e-01 -3.915628e-01 -3.962558e-01 -4.003378e-01 -4.038025e-01 -4.066446e-01 -4.088597e-01 -4.104443e-01 -4.113960e-01 -4.117135e-01 
3.939102e-01 3.936065e-01 3.926959e-01 3.911797e-01 3.890605e-01 3.863413e-01 3.830264e-01 3.791209e-01 3.746308e-01 3.695631e-01 3.639255e-01 3.577268e-01 3.509765e-01 3.436850e-01 3.358636e-01 3.275243e-01 3.186800e-01 3.093443e-01 2.995316e-01 2.892571e-01 2.785365e-01 2.673865e-01 2.558242e-01 2.438674e-01 2.315346e-01 2.188448e-01 2.058175e-01 1.924729e-01 1.788315e-01 1.649143e-01 1.507429e-01 1.363390e-01 1.217249e-01 1.069231e-01 9.195650e-02 7.684806e-02 6.162112e-02 4.629917e-02 3.090583e-02 1.546484e-02 2.412004e-17 -1.546484e-02 -3.090583e-02 -4.629917e-02 -6.162112e-02 -7.684806e-02 -9.195650e-02 -1.069231e-01 -1.217249e-01 -1.363390e-01 -1.507429e-01 -1.649143e-01 -1.788315e-01 -1.924729e-01 -2.058175e-01 -2.188448e-01 -2.315346e-01 -2.438674e-01 -2.558242e-01 -2.673865e-01 -2.785365e-01 -2.892571e-01 -2.995316e-01 -3.093443e-01 -3.186800e-01 -3.275243e-01 -3.358636e-01 -3.436850e-01 -3.509765e-01 -3.577268e-01 -3.639255e-01 -3.695631e-01 -3.746308e-01 -3.791209e-01 -3.830264e-01 -3.863413e-01 -3.890605e-01 -3.911797e-01 -3.926959e-01 -3.936065e-01 -3.939102e-01 
3.754995e-01 3.752100e-01 3.743419e-01 3.728967e-01 3.708764e-01 3.682843e-01 3.651244e-01 3.614014e-01 3.571212e-01 3.522903e-01 3.469163e-01 3.410073e-01 3.345725e-01 3.276218e-01 3.201659e-01 3.122164e-01 3.037854e-01 2.948861e-01 2.855320e-01 2.757377e-01 2.655182e-01 2.548893e-01 2.438674e-01 2.324694e-01 2.207130e-01 2.086163e-01 1.961979e-01 1.834770e-01 1.704732e-01 1.572065e-01 1.436974e-01 1.299668e-01 1.160357e-01 1.019257e-01 8.765861e-02 7.325631e-02 5.874106e-02 4.413523e-02 2.946135e-02 1.474204e-02 2.299271e-17 -1.474204e-02 -2.946135e-02 -4.413523e-02 -5.874106e-02 -7.325631e-02 -8.765861e-02 -1.019257e-01 -1.160357e-01 -1.299668e-01 -1.436974e-01 -1.572065e-01 -1.704732e-01 -1.834770e-01 -1.961979e-01 -2.086163e-01 -2.207130e-01 -2.324694e-01 -2.438674e-01 -2.548893e-01 -2.655182e-01 -2.757377e-01 -2.855320e-01 -2.948861e-01 -3.037854e-01 -3.122164e-01 -3.201659e-01 -3.276218e-01 -3.345725e-01 -3.410073e-01 -3.469163e-01 -3.522903e-01 -3.571212e-01 -3.614014e-01 -3.651244e-01 -3.682843e-01 -3.708764e-01 -3.728967e-01 -3.743419e-01 -3.752100e-01 -3.754995e-01 
3.565098e-01 3.562349e-01 3.554108e-01 3.540386e-01 3.521205e-01 3.496595e-01 3.466594e-01 3.431247e-01 3.390609e-01 3.344744e-01 3.293721e-01 3.237619e-01 3.176525e-01 3.110534e-01 3.039746e-01 2.964270e-01 2.884225e-01 2.799732e-01 2.710922e-01 2.617932e-01 2.520905e-01 2.419991e-01 2.315346e-01 2.207130e-01 2.095512e-01 1.980662e-01 1.862758e-01 1.741982e-01 1.618521e-01 1.492563e-01 1.364304e-01 1.233941e-01 1.101676e-01 9.677117e-02 8.322555e-02 6.955161e-02 5.577042e-02 4.190323e-02 2.797143e-02 1.399651e-02 2.182993e-17 -1.399651e-02 -2.797143e-02 -4.190323e-02 -5.577042e-02 -6.955161e-02 -8.322555e-02 -9.677117e-02 -1.101676e-01 -1.233941e-01 -1.364304e-01 -1.492563e-01 -1.618521e-01 -1.741982e-01 -1.862758e-01 -1.980662e-01 -2.095512e-01 -2.207130e-01 -2.315346e-01 -2.419991e-01 -2.520905e-01 -2.617932e-01 -2.710922e-01 -2.799732e-01 -2.884225e-01 -2.964270e-01 -3.039746e-01 -3.110534e-01 -3.176525e-01 -3.237619e-01 -3.293721e-01 -3.344744e-01 -3.390609e-01 -3.431247e-01 -3.466594e-01 -3.496595e-01 -3.521205e-01 -3.540386e-01 -3.554108e-01 -3.562349e-01 -3.565098e-01 
3.369704e-01 3.367106e-01 3.359316e-01 3.346347e-01 3.328217e-01 3.304956e-01 3.276599e-01 3.243189e-01 3.204779e-01 3.161427e-01 3.113200e-01 3.060174e-01 3.002428e-01 2.940053e-01 2.873145e-01 2.801806e-01 2.726148e-01 2.646285e-01 2.562343e-01 2.474449e-01 2.382740e-01 2.287357e-01 2.188448e-01 2.086163e-01 1.980662e-01 1.872107e-01 1.760665e-01 1.646509e-01 1.529814e-01 1.410759e-01 1.289530e-01 1.166312e-01 1.041296e-01 9.146739e-02 7.866417e-02 6.573966e-02 5.271378e-02 3.960662e-02 2.643839e-02 1.322940e-02 2.063348e-17 -1.322940e-02 -2.643839e-02 -3.960662e-02 -5.271378e-02 -6.573966e-02 -7.866417e-02 -9.146739e-02 -1.041296e-01 -1.166312e-01 -1.289530e-01 -1.410759e-01 -1.529814e-01 -1.646509e-01 -1.760665e-01 -1.872107e-01 -1.980662e-01 -2.086163e-01 -2.188448e-01 -2.287357e-01 -2.382740e-01 -2.474449e-01 -2.562343e-01 -2.646285e-01 -2.726148e-01 -2.801806e-01 -2.873145e-01 -2.940053e-01 -3.002428e-01 -3.060174e-01 -3.113200e-01 -3.161427e-01 -3.204779e-01 -3.243189e-01 -3.276599e-01 -3.304956e-01 -3.328217e-01 -3.346347e-01 -3.359316e-01 -3.367106e-01 -3.369704e-01 
3.169114e-01 3.166671e-01 3.159345e-01 3.147147e-01 3.130097e-01 3.108220e-01 3.081551e-01 3.050130e-01 3.014007e-01 2.973235e-01 2.927880e-01 2.878009e-01 2.823701e-01 2.765039e-01 2.702114e-01 2.635022e-01 2.563867e-01 2.488759e-01 2.409813e-01 2.327152e-01 2.240902e-01 2.151197e-01 2.058175e-01 1.961979e-01 1.862758e-01 1.760665e-01 1.655858e-01 1.548496e-01 1.438748e-01 1.326780e-01 1.212767e-01 1.096884e-01 9.793101e-02 8.602257e-02 7.398150e-02 6.182635e-02 4.957587e-02 3.724894e-02 2.486458e-02 1.244188e-02 1.940523e-17 -1.244188e-02 -2.486458e-02 -3.724894e-02 -4.957587e-02 -6.182635e-02 -7.398150e-02 -8.602257e-02 -9.793101e-02 -1.096884e-01 -1.212767e-01 -1.326780e-01 -1.438748e-01 -1.548496e-01 -1.655858e-01 -1.760665e-01 -1.862758e-01 -1.961979e-01 -2.058175e-01 -2.151197e-01 -2.240902e-01 -2.327152e-01 -2.409813e-01 -2.488759e-01 -2.563867e-01 -2.635022e-01 -2.702114e-01 -2.765039e-01 -2.823701e-01 -2.878009e-01 -2.927880e-01 -2.973235e-01 -3.014007e-01 -3.050130e-01 -3.081551e-01 -3.108220e-01 -3.130097e-01 -3.147147e-01 -3.159345e-01 -3.166671e-01 -3.169114e-01 
2.963638e-01 2.961353e-01 2.954502e-01 2.943095e-01 2.927150e-01 2.906692e-01 2.881752e-01 2.852369e-01 2.818587e-01 2.780459e-01 2.738044e-01 2.691407e-01 2.640620e-01 2.585762e-01 2.526916e-01 2.464175e-01 2.397633e-01 2.327395e-01 2.253568e-01 2.176266e-01 2.095608e-01 2.011719e-01 1.924729e-01 1.834770e-01 1.741982e-01 1.646509e-01 1.548496e-01 1.448096e-01 1.345463e-01 1.240756e-01 1.134135e-01 1.025766e-01 9.158144e-02 8.044511e-02 6.918475e-02 5.781770e-02 4.636151e-02 3.483383e-02 2.325243e-02 1.163519e-02 1.814705e-17 -1.163519e-02 -2.325243e-02 -3.483383e-02 -4.636151e-02 -5.781770e-02 -6.918475e-02 -8.044511e-02 -9.158144e-02 -1.025766e-01 -1.134135e-01 -1.240756e-01 -1.345463e-01 -1.448096e-01 -1.548496e-01 -1.646509e-01 -1.741982e-01 -1.834770e-01 -1.924729e-01 -2.011719e-01 -2.095608e-01 -2.176266e-01 -2.253568e-01 -2.327395e-01 -2.397633e-01 -2.464175e-01 -2.526916e-01 -2.585762e-01 -2.640620e-01 -2.691407e-01 -2.738044e-01 -2.780459e-01 -2.818587e-01 -2.852369e-01 -2.881752e-01 -2.906692e-01 -2.927150e-01 -2.943095e-01 -2.954502e-01 -2.961353e-01 -2.963638e-01 
2.753592e-01 2.751469e-01 2.745103e-01 2.734505e-01 2.719690e-01 2.700682e-01 2.677510e-01 2.650209e-01 2.618821e-01 2.583396e-01 2.543987e-01 2.500655e-01 2.453468e-01 2.402498e-01 2.347823e-01 2.289528e-01 2.227702e-01 2.162442e-01 2.093847e-01 2.022024e-01 1.947083e-01 1.869140e-01 1.788315e-01 1.704732e-01 1.618521e-01 1.529814e-01 1.438748e-01 1.345463e-01 1.250104e-01 1.152818e-01 1.053754e-01 9.530650e-02 8.509066e-02 7.474361e-02 6.428132e-02 5.371991e-02 4.307566e-02 3.236500e-02 2.160443e-02 1.081055e-02 1.686089e-17 -1.081055e-02 -2.160443e-02 -3.236500e-02 -4.307566e-02 -5.371991e-02 -6.428132e-02 -7.474361e-02 -8.509066e-02 -9.530650e-02 -1.053754e-01 -1.152818e-01 -1.250104e-01 -1.345463e-01 -1.438748e-01 -1.529814e-01 -1.618521e-01 -1.704732e-01 -1.788315e-01 -1.869140e-01 -1.947083e-01 -2.022024e-01 -2.093847e-01 -2.162442e-01 -2.227702e-01 -2.289528e-01 -2.347823e-01 -2.402498e-01 -2.453468e-01 -2.500655e-01 -2.543987e-01 -2.583396e-01 -2.618821e-01 -2.650209e-01 -2.677510e-01 -2.700682e-01 -2.719690e-01 -2.734505e-01 -2.745103e-01 -2.751469e-01 -2.753592e-01 
2.539300e-01 2.537342e-01 2.531472e-01 2.521698e-01 2.508037e-01 2.490508e-01 2.469139e-01 2.443962e-01 2.415017e-01 2.382349e-01 2.346007e-01 2.306048e-01 2.262533e-01 2.215529e-01 2.165109e-01 2.111351e-01 2.054337e-01 1.994155e-01 1.930899e-01 1.864665e-01 1.795556e-01 1.723679e-01 1.649143e-01 1.572065e-01 1.492563e-01 1.410759e-01 1.326780e-01 1.240756e-01 1.152818e-01 1.063103e-01 9.717479e-02 8.788949e-02 7.846868e-02 6.892686e-02 5.927877e-02 4.953928e-02 3.972340e-02 2.984627e-02 1.992312e-02 9.969244e-03 1.554873e-17 -9.969244e-03 -1.992312e-02 -2.984627e-02 -3.972340e-02 -4.953928e-02 -5.927877e-02 -6.892686e-02 -7.846868e-02 -8.788949e-02 -9.717479e-02 -1.063103e-01 -1.152818e-01 -1.240756e-01 -1.326780e-01 -1.410759e-01 -1.492563e-01 -1.572065e-01 -1.649143e-01 -1.723679e-01 -1.795556e-01 -1.864665e-01 -1.930899e-01 -1.994155e-01 -2.054337e-01 -2.111351e-01 -2.165109e-01 -2.215529e-01 -2.262533e-01 -2.306048e-01 -2.346007e-01 -2.382349e-01 -2.415017e-01 -2.443962e-01 -2.469139e-01 -2.490508e-01 -2.508037e-01 -2.521698e-01 -2.531472e-01 -2.537342e-01 -2.539300e-01 
2.321092e-01 2.319303e-01 2.313937e-01 2.305004e-01 2.292516e-01 2.276493e-01 2.256960e-01 2.233947e-01 2.207490e-01 2.177629e-01 2.144410e-01 2.107884e-01 2.068108e-01 2.025144e-01 1.979057e-01 1.929918e-01 1.877803e-01 1.822793e-01 1.764972e-01 1.704430e-01 1.641260e-01 1.575559e-01 1.507429e-01 1.436974e-01 1.364304e-01 1.289530e-01 1.212767e-01 1.134135e-01 1.053754e-01 9.717479e-02 8.882436e-02 8.033697e-02 7.172570e-02 6.300384e-02 5.418482e-02 4.528227e-02 3.630988e-02 2.728152e-02 1.821108e-02 9.112566e-03 1.421259e-17 -9.112566e-03 -1.821108e-02 -2.728152e-02 -3.630988e-02 -4.528227e-02 -5.418482e-02 -6.300384e-02 -7.172570e-02 -8.033697e-02 -8.882436e-02 -9.717479e-02 -1.053754e-01 -1.134135e-01 -1.212767e-01 -1.289530e-01 -1.364304e-01 -1.436974e-01 -1.507429e-01 -1.575559e-01 -1.641260e-01 -1.704430e-01 -1.764972e-01 -1.822793e-01 -1.877803e-01 -1.929918e-01 -1.979057e-01 -2.025144e-01 -2.068108e-01 -2.107884e-01 -2.144410e-01 -2.177629e-01 -2.207490e-01 -2.233947e-01 -2.256960e-01 -2.276493e-01 -2.292516e-01 -2.305004e-01 -2.313937e-01 -2.319303e-01 -2.321092e-01 
2.099306e-01 2.097688e-01 2.092835e-01 2.084755e-01 2.073460e-01 2.058968e-01 2.041302e-01 2.020488e-01 1.996559e-01 1.969551e-01 1.939506e-01 1.906470e-01 1.870495e-01 1.831636e-01 1.789953e-01 1.745509e-01 1.698374e-01 1.648621e-01 1.596325e-01 1.541568e-01 1.484434e-01 1.425011e-01 1.363390e-01 1.299668e-01 1.233941e-01 1.166312e-01 1.096884e-01 1.025766e-01 9.530650e-02 8.788949e-02 8.033697e-02 7.266056e-02 6.487213e-02 5.698366e-02 4.900733e-02 4.095543e-02 3.284038e-02 2.467470e-02 1.647097e-02 8.241837e-03 1.285454e-17 -8.241837e-03 -1.647097e-02 -2.467470e-02 -3.284038e-02 -4.095543e-02 -4.900733e-02 -5.698366e-02 -6.487213e-02 -7.266056e-02 -8.033697e-02 -8.788949e-02 -9.530650e-02 -1.025766e-01 -1.096884e-01 -1.166312e-01 -1.233941e-01 -1.299668e-01 -1.363390e-01 -1.425011e-01 -1.484434e-01 -1.541568e-01 -1.596325e-01 -1.648621e-01 -1.698374e-01 -1.745509e-01 -1.789953e-01 -1.831636e-01 -1.870495e-01 -1.906470e-01 -1.939506e-01 -1.969551e-01 -1.996559e-01 -2.020488e-01 -2.041302e-01 -2.058968e-01 -2.073460e-01 -2.084755e-01 -2.092835e-01 -2.097688e-01 -2.099306e-01 
1.874283e-01 1.872838e-01 1.868505e-01 1.861291e-01 1.851207e-01 1.838269e-01 1.822496e-01 1.803913e-01 1.782549e-01 1.758436e-01 1.731612e-01 1.702117e-01 1.669998e-01 1.635304e-01 1.598089e-01 1.558409e-01 1.516327e-01 1.471906e-01 1.425216e-01 1.376328e-01 1.325318e-01 1.272265e-01 1.217249e-01 1.160357e-01 1.101676e-01 1.041296e-01 9.793101e-02 9.158144e-02 8.509066e-02 7.846868e-02 7.172570e-02 6.487213e-02 5.791852e-02 5.087562e-02 4.375426e-02 3.656544e-02 2.932024e-02 2.202983e-02 1.470545e-02 7.358400e-03 1.147667e-17 -7.358400e-03 -1.470545e-02 -2.202983e-02 -2.932024e-02 -3.656544e-02 -4.375426e-02 -5.087562e-02 -5.791852e-02 -6.487213e-02 -7.172570e-02 -7.846868e-02 -8.509066e-02 -9.158144e-02 -9.793101e-02 -1.041296e-01 -1.101676e-01 -1.160357e-01 -1.217249e-01 -1.272265e-01 -1.325318e-01 -1.376328e-01 -1.425216e-01 -1.471906e-01 -1.516327e-01 -1.558409e-01 -1.598089e-01 -1.635304e-01 -1.669998e-01 -1.702117e-01 -1.731612e-01 -1.758436e-01 -1.782549e-01 -1.803913e-01 -1.822496e-01 -1.838269e-01 -1.851207e-01 -1.861291e-01 -1.868505e-01 -1.872838e-01 -1.874283e-01 
1.646370e-01 1.645100e-01 1.641294e-01 1.634958e-01 1.626100e-01 1.614735e-01 1.600880e-01 1.584557e-01 1.565790e-01 1.544610e-01 1.521047e-01 1.495139e-01 1.466926e-01 1.436451e-01 1.403761e-01 1.368906e-01 1.331941e-01 1.292922e-01 1.251909e-01 1.208966e-01 1.164159e-01 1.117557e-01 1.069231e-01 1.019257e-01 9.677117e-02 9.146739e-02 8.602257e-02 8.044511e-02 7.474361e-02 6.892686e-02 6.300384e-02 5.698366e-02 5.087562e-02 4.468913e-02 3.843373e-02 3.211908e-02 2.575489e-02 1.935100e-02 1.291727e-02 6.463617e-03 1.008111e-17 -6.463617e-03 -1.291727e-02 -1.935100e-02 -2.575489e-02 -3.211908e-02 -3.843373e-02 -4.468913e-02 -5.087562e-02 -5.698366e-02 -6.300384e-02 -6.892686e-02 -7.474361e-02 -8.044511e-02 -8.602257e-02 -9.146739e-02 -9.677117e-02 -1.019257e-01 -1.069231e-01 -1.117557e-01 -1.164159e-01 -1.208966e-01 -1.251909e-01 -1.292922e-01 -1.331941e-01 -1.368906e-01 -1.403761e-01 -1.436451e-01 -1.466926e-01 -1.495139e-01 -1.521047e-01 -1.544610e-01 -1.565790e-01 -1.584557e-01 -1.600880e-01 -1.614735e-01 -1.626100e-01 -1.634958e-01 -1.641294e-01 -1.645100e-01 -1.646370e-01 
1.415918e-01 1.414826e-01 1.411553e-01 1.406103e-01 1.398485e-01 1.388711e-01 1.376796e-01 1.362757e-01 1.346618e-01 1.328402e-01 1.308137e-01 1.285856e-01 1.261592e-01 1.235383e-01 1.207268e-01 1.177293e-01 1.145501e-01 1.111944e-01 1.076672e-01 1.039740e-01 1.001205e-01 9.611260e-02 9.195650e-02 8.765861e-02 8.322555e-02 7.866417e-02 7.398150e-02 6.918475e-02 6.428132e-02 5.927877e-02 5.418482e-02 4.900733e-02 4.375426e-02 3.843373e-02 3.305394e-02 2.762318e-02 2.214983e-02 1.664233e-02 1.110916e-02 5.558867e-03 8.669995e-18 -5.558867e-03 -1.110916e-02 -1.664233e-02 -2.214983e-02 -2.762318e-02 -3.305394e-02 -3.843373e-02 -4.375426e-02 -4.900733e-02 -5.418482e-02 -5.927877e-02 -6.428132e-02 -6.918475e-02 -7.398150e-02 -7.866417e-02 -8.322555e-02 -8.765861e-02 -9.195650e-02 -9.611260e-02 -1.001205e-01 -1.039740e-01 -1.076672e-01 -1.111944e-01 -1.145501e-01 -1.177293e-01 -1.207268e-01 -1.235383e-01 -1.261592e-01 -1.285856e-01 -1.308137e-01 -1.328402e-01 -1.346618e-01 -1.362757e-01 -1.376796e-01 -1.388711e-01 -1.398485e-01 -1.406103e-01 -1.411553e-01 -1.414826e-01 -1.415918e-01 
1.183283e-01 1.182370e-01 1.179635e-01 1.175081e-01 1.168714e-01 1.160546e-01 1.150588e-01 1.138857e-01 1.125369e-01 1.110145e-01 1.093211e-01 1.074590e-01 1.054313e-01 1.032409e-01 1.008914e-01 9.838635e-02 9.572957e-02 9.292519e-02 8.997752e-02 8.689111e-02 8.367072e-02 8.032131e-02 7.684806e-02 7.325631e-02 6.955161e-02 6.573966e-02 6.182635e-02 5.781770e-02 5.371991e-02 4.953928e-02 4.528227e-02 4.095543e-02 3.656544e-02 3.211908e-02 2.762318e-02 2.308470e-02 1.851062e-02 1.390800e-02 9.283928e-03 4.645546e-03 7.245516e-18 -4.645546e-03 -9.283928e-03 -1.390800e-02 -1.851062e-02 -2.308470e-02 -2.762318e-02 -3.211908e-02 -3.656544e-02 -4.095543e-02 -4.528227e-02 -4.953928e-02 -5.371991e-02 -5.781770e-02 -6.182635e-02 -6.573966e-02 -6.955161e-02 -7.325631e-02 -7.684806e-02 -8.032131e-02 -8.367072e-02 -8.689111e-02 -8.997752e-02 -9.292519e-02 -9.572957e-02 -9.838635e-02 -1.008914e-01 -1.032409e-01 -1.054313e-01 -1.074590e-01 -1.093211e-01 -1.110145e-01 -1.125369e-01 -1.138857e-01 -1.150588e-01 -1.160546e-01 -1.168714e-01 -1.175081e-01 -1.179635e-01 -1.182370e-01 -1.183283e-01 
