5.992109e-01 5.973637e-01 5.918336e-01 5.826547e-01 5.698834e-01 5.535987e-01 5.339008e-01 5.109113e-01 4.847718e-01 4.556435e-01 4.237061e-01 3.891564e-01 3.522073e-01 3.130868e-01 2.720361e-01 2.293081e-01 1.851664e-01 1.398830e-01 9.373724e-02 4.701355e-02 1.318390e-16 -4.701355e-02 -9.373724e-02 -1.398830e-01 -1.851664e-01 -2.293081e-01 -2.720361e-01 -3.130868e-01 -3.522073e-01 -3.891564e-01 -4.237061e-01 -4.556435e-01 -4.847718e-01 -5.109113e-01 -5.339008e-01 -5.535987e-01 -5.698834e-01 -5.826547e-01 -5.918336e-01 -5.973637e-01 -5.992109e-01 
5.973637e-01 5.955223e-01 5.900092e-01 5.808585e-01 5.681267e-01 5.518921e-01 5.322550e-01 5.093363e-01 4.832774e-01 4.542390e-01 4.224000e-01 3.879567e-01 3.511216e-01 3.121217e-01 2.711975e-01 2.286012e-01 1.845955e-01 1.394518e-01 9.344828e-02 4.686862e-02 8.257284e-16 -4.686862e-02 -9.344828e-02 -1.394518e-01 -1.845955e-01 -2.286012e-01 -2.711975e-01 -3.121217e-01 -3.511216e-01 -3.879567e-01 -4.224000e-01 -4.542390e-01 -4.832774e-01 -5.093363e-01 -5.322550e-01 -5.518921e-01 -5.681267e-01 -5.808585e-01 -5.900092e-01 -5.955223e-01 -5.973637e-01 
5.918336e-01 5.900092e-01 5.845472e-01 5.754812e-01 5.628672e-01 5.467830e-01 5.273276e-01 5.046211e-01 4.788035e-01 4.500338e-01 4.184896e-01 3.843652e-01 3.478711e-01 3.092322e-01 2.686868e-01 2.264849e-01 1.828866e-01 1.381608e-01 9.258318e-02 4.643473e-02 4.093947e-16 -4.643473e-02 -9.258318e-02 -1.381608e-01 -1.828866e-01 -2.264849e-01 -2.686868e-01 -3.092322e-01 -3.478711e-01 -3.843652e-01 -4.184896e-01 -4.500338e-01 -4.788035e-01 -5.046211e-01 -5.273276e-01 -5.467830e-01 -5.628672e-01 -5.754812e-01 -5.845472e-01 -5.900092e-01 -5.918336e-01 
5.826547e-01 5.808585e-01 5.754812e-01 5.665559e-01 5.541375e-01 5.383027e-01 5.191491e-01 4.967948e-01 4.713775e-01 4.430541e-01 4.119991e-01 3.784039e-01 3.424758e-01 3.044362e-01 2.645197e-01 2.229723e-01 1.800502e-01 1.360180e-01 9.114727e-02 4.571456e-02 2.983724e-16 -4.571456e-02 -9.114727e-02 -1.360180e-01 -1.800502e-01 -2.229723e-01 -2.645197e-01 -3.044362e-01 -3.424758e-01 -3.784039e-01 -4.119991e-01 -4.430541e-01 -4.713775e-01 -4.967948e-01 -5.191491e-01 -5.383027e-01 -5.541375e-01 -5.665559e-01 -5.754812e-01 -5.808585e-01 -5.826547e-01 
5.698834e-01 5.681267e-01 5.628672e-01 5.541375e-01 5.419914e-01 5.265036e-01 5.077699e-01 4.859055e-01 4.610454e-01 4.333428e-01 4.029684e-01 3.701097e-01 3.349691e-01 2.977633e-01 2.587217e-01 2.180850e-01 1.761037e-01 1.330366e-01 8.914941e-02 4.471254e-02 5.481726e-16 -4.471254e-02 -8.914941e-02 -1.330366e-01 -1.761037e-01 -2.180850e-01 -2.587217e-01 -2.977633e-01 -3.349691e-01 -3.701097e-01 -4.029684e-01 -4.333428e-01 -4.610454e-01 -4.859055e-01 -5.077699e-01 -5.265036e-01 -5.419914e-01 -5.541375e-01 -5.628672e-01 -5.681267e-01 -5.698834e-01 
5.535987e-01 5.518921e-01 5.467830e-01 5.383027e-01 5.265036e-01 5.114585e-01 4.932600e-01 4.720205e-01 4.478708e-01 4.209597e-01 3.914534e-01 3.595336e-01 3.253971e-01 2.892545e-01 2.513285e-01 2.118530e-01 1.710714e-01 1.292350e-01 8.660192e-02 4.343485e-02 2.359224e-16 -4.343485e-02 -8.660192e-02 -1.292350e-01 -1.710714e-01 -2.118530e-01 -2.513285e-01 -2.892545e-01 -3.253971e-01 -3.595336e-01 -3.914534e-01 -4.209597e-01 -4.478708e-01 -4.720205e-01 -4.932600e-01 -5.114585e-01 -5.265036e-01 -5.383027e-01 -5.467830e-01 -5.518921e-01 -5.535987e-01 
5.339008e-01 5.322550e-01 5.273276e-01 5.191491e-01 5.077699e-01 4.932600e-01 4.757091e-01 4.552253e-01 4.319348e-01 4.059814e-01 3.775249e-01 3.467409e-01 3.138190e-01 2.789624e-01 2.423859e-01 2.043150e-01 1.649844e-01 1.246367e-01 8.352049e-02 4.188938e-02 5.932754e-16 -4.188938e-02 -8.352049e-02 -1.246367e-01 -1.649844e-01 -2.043150e-01 -2.423859e-01 -2.789624e-01 -3.138190e-01 -3.467409e-01 -3.775249e-01 -4.059814e-01 -4.319348e-01 -4.552253e-01 -4.757091e-01 -4.932600e-01 -5.077699e-01 -5.191491e-01 -5.273276e-01 -5.322550e-01 -5.339008e-01 
5.109113e-01 5.093363e-01 5.046211e-01 4.967948e-01 4.859055e-01 4.720205e-01 4.552253e-01 4.356235e-01 4.133359e-01 3.885000e-01 3.612688e-01 3.318103e-01 3.003061e-01 2.669504e-01 2.319489e-01 1.955173e-01 1.578803e-01 1.192699e-01 7.992413e-02 4.008564e-02 4.510281e-16 -4.008564e-02 -7.992413e-02 -1.192699e-01 -1.578803e-01 -1.955173e-01 -2.319489e-01 -2.669504e-01 -3.003061e-01 -3.318103e-01 -3.612688e-01 -3.885000e-01 -4.133359e-01 -4.356235e-01 -4.552253e-01 -4.720205e-01 -4.859055e-01 -4.967948e-01 -5.046211e-01 -5.093363e-01 -5.109113e-01 
4.847718e-01 4.832774e-01 4.788035e-01 4.713775e-01 4.610454e-01 4.478708e-01 4.319348e-01 4.133359e-01 3.921886e-01 3.686234e-01 3.427854e-01 3.148341e-01 2.849417e-01 2.532926e-01 2.200818e-01 1.855141e-01 1.498027e-01 1.131677e-01 7.583502e-02 3.803476e-02 4.475587e-16 -3.803476e-02 -7.583502e-02 -1.131677e-01 -1.498027e-01 -1.855141e-01 -2.200818e-01 -2.532926e-01 -2.849417e-01 -3.148341e-01 -3.427854e-01 -3.686234e-01 -3.921886e-01 -4.133359e-01 -4.319348e-01 -4.478708e-01 -4.610454e-01 -4.713775e-01 -4.788035e-01 -4.832774e-01 -4.847718e-01 
4.556435e-01 4.542390e-01 4.500338e-01 4.430541e-01 4.333428e-01 4.209597e-01 4.059814e-01 3.885000e-01 3.686234e-01 3.464741e-01 3.221886e-01 2.959168e-01 2.678206e-01 2.380731e-01 2.068578e-01 1.743672e-01 1.408016e-01 1.063679e-01 7.127835e-02 3.574938e-02 4.267420e-16 -3.574938e-02 -7.127835e-02 -1.063679e-01 -1.408016e-01 -1.743672e-01 -2.068578e-01 -2.380731e-01 -2.678206e-01 -2.959168e-01 -3.221886e-01 -3.464741e-01 -3.686234e-01 -3.885000e-01 -4.059814e-01 -4.209597e-01 -4.333428e-01 -4.430541e-01 -4.500338e-01 -4.542390e-01 -4.556435e-01 
4.237061e-01 4.224000e-01 4.184896e-01 4.119991e-01 4.029684e-01 3.914534e-01 3.775249e-01 3.612688e-01 3.427854e-01 3.221886e-01 2.996055e-01 2.751751e-01 2.490482e-01 2.213858e-01 1.923585e-01 1.621453e-01 1.309324e-01 9.891222e-02 6.628224e-02 3.324360e-02 2.428613e-16 -3.324360e-02 -6.628224e-02 -9.891222e-02 -1.309324e-01 -1.621453e-01 -1.923585e-01 -2.213858e-01 -2.490482e-01 -2.751751e-01 -2.996055e-01 -3.221886e-01 -3.427854e-01 -3.612688e-01 -3.775249e-01 -3.914534e-01 -4.029684e-01 -4.119991e-01 -4.184896e-01 -4.224000e-01 -4.237061e-01 
3.891564e-01 3.879567e-01 3.843652e-01 3.784039e-01 3.701097e-01 3.595336e-01 3.467409e-01 3.318103e-01 3.148341e-01 2.959168e-01 2.751751e-01 2.527368e-01 2.287404e-01 2.033336e-01 1.766733e-01 1.489237e-01 1.202559e-01 9.084675e-02 6.087747e-02 3.053286e-02 2.775558e-16 -3.053286e-02 -6.087747e-02 -9.084675e-02 -1.202559e-01 -1.489237e-01 -1.766733e-01 -2.033336e-01 -2.287404e-01 -2.527368e-01 -2.751751e-01 -2.959168e-01 -3.148341e-01 -3.318103e-01 -3.467409e-01 -3.595336e-01 -3.701097e-01 -3.784039e-01 -3.843652e-01 -3.879567e-01 -3.891564e-01 
3.522073e-01 3.511216e-01 3.478711e-01 3.424758e-01 3.349691e-01 3.253971e-01 3.138190e-01 3.003061e-01 2.849417e-01 2.678206e-01 2.490482e-01 2.287404e-01 2.070223e-01 1.840278e-01 1.598988e-01 1.347839e-01 1.088381e-01 8.222117e-02 5.509737e-02 2.763387e-02 5.689893e-16 -2.763387e-02 -5.509737e-02 -8.222117e-02 -1.088381e-01 -1.347839e-01 -1.598988e-01 -1.840278e-01 -2.070223e-01 -2.287404e-01 -2.490482e-01 -2.678206e-01 -2.849417e-01 -3.003061e-01 -3.138190e-01 -3.253971e-01 -3.349691e-01 -3.424758e-01 -3.478711e-01 -3.511216e-01 -3.522073e-01 
3.130868e-01 3.121217e-01 3.092322e-01 3.044362e-01 2.977633e-01 2.892545e-01 2.789624e-01 2.669504e-01 2.532926e-01 2.380731e-01 2.213858e-01 2.033336e-01 1.840278e-01 1.635874e-01 1.421385e-01 1.198131e-01 9.674915e-02 7.308867e-02 4.897757e-02 2.456451e-02 1.457168e-16 -2.456451e-02 -4.897757e-02 -7.308867e-02 -9.674915e-02 -1.198131e-01 -1.421385e-01 -1.635874e-01 -1.840278e-01 -2.033336e-01 -2.213858e-01 -2.380731e-01 -2.532926e-01 -2.669504e-01 -2.789624e-01 -2.892545e-01 -2.977633e-01 -3.044362e-01 -3.092322e-01 -3.121217e-01 -3.130868e-01 
2.720361e-01 2.711975e-01 2.686868e-01 2.645197e-01 2.587217e-01 2.513285e-01 2.423859e-01 2.319489e-01 2.200818e-01 2.068578e-01 1.923585e-01 1.766733e-01 1.598988e-01 1.421385e-01 1.235018e-01 1.041037e-01 8.406377e-02 6.350556e-02 4.255582e-02 2.134370e-02 2.931683e-16 -2.134370e-02 -4.255582e-02 -6.350556e-02 -8.406377e-02 -1.041037e-01 -1.235018e-01 -1.421385e-01 -1.598988e-01 -1.766733e-01 -1.923585e-01 -2.068578e-01 -2.200818e-01 -2.319489e-01 -2.423859e-01 -2.513285e-01 -2.587217e-01 -2.645197e-01 -2.686868e-01 -2.711975e-01 -2.720361e-01 
2.293081e-01 2.286012e-01 2.264849e-01 2.229723e-01 2.180850e-01 2.118530e-01 2.043150e-01 1.955173e-01 1.855141e-01 1.743672e-01 1.621453e-01 1.489237e-01 1.347839e-01 1.198131e-01 1.041037e-01 8.775241e-02 7.086010e-02 5.353091e-02 3.587169e-02 1.799131e-02 1.353084e-16 -1.799131e-02 -3.587169e-02 -5.353091e-02 -7.086010e-02 -8.775241e-02 -1.041037e-01 -1.198131e-01 -1.347839e-01 -1.489237e-01 -1.621453e-01 -1.743672e-01 -1.855141e-01 -1.955173e-01 -2.043150e-01 -2.118530e-01 -2.180850e-01 -2.229723e-01 -2.264849e-01 -2.286012e-01 -2.293081e-01 
1.851664e-01 1.845955e-01 1.828866e-01 1.800502e-01 1.761037e-01 1.710714e-01 1.649844e-01 1.578803e-01 1.498027e-01 1.408016e-01 1.309324e-01 1.202559e-01 1.088381e-01 9.674915e-02 8.406377e-02 7.086010e-02 5.721955e-02 4.322623e-02 2.896640e-02 1.452798e-02 2.636780e-16 -1.452798e-02 -2.896640e-02 -4.322623e-02 -5.721955e-02 -7.086010e-02 -8.406377e-02 -9.674915e-02 -1.088381e-01 -1.202559e-01 -1.309324e-01 -1.408016e-01 -1.498027e-01 -1.578803e-01 -1.649844e-01 -1.710714e-01 -1.761037e-01 -1.800502e-01 -1.828866e-01 -1.845955e-01 -1.851664e-01 
1.398830e-01 1.394518e-01 1.381608e-01 1.360180e-01 1.330366e-01 1.292350e-01 1.246367e-01 1.192699e-01 1.131677e-01 1.063679e-01 9.891222e-02 9.084675e-02 8.222117e-02 7.308867e-02 6.350556e-02 5.353091e-02 4.322623e-02 3.265504e-02 2.188252e-02 1.097509e-02 1.977585e-16 -1.097509e-02 -2.188252e-02 -3.265504e-02 -4.322623e-02 -5.353091e-02 -6.350556e-02 -7.308867e-02 -8.222117e-02 -9.084675e-02 -9.891222e-02 -1.063679e-01 -1.131677e-01 -1.192699e-01 -1.246367e-01 -1.292350e-01 -1.330366e-01 -1.360180e-01 -1.381608e-01 -1.394518e-01 -1.398830e-01 
9.373724e-02 9.344828e-02 9.258318e-02 9.114727e-02 8.914941e-02 8.660192e-02 8.352049e-02 7.992413e-02 7.583502e-02 7.127835e-02 6.628224e-02 6.087747e-02 5.509737e-02 4.897757e-02 4.255582e-02 3.587169e-02 2.896640e-02 2.188252e-02 1.466373e-02 7.354539e-03 1.526557e-16 -7.354539e-03 -1.466373e-02 -2.188252e-02 -2.896640e-02 -3.587169e-02 -4.255582e-02 -4.897757e-02 -5.509737e-02 -6.087747e-02 -6.628224e-02 -7.127835e-02 -7.583502e-02 -7.992413e-02 -8.352049e-02 -8.660192e-02 -8.914941e-02 -9.114727e-02 -9.258318e-02 -9.344828e-02 -9.373724e-02 
4.701355e-02 4.686862e-02 4.643473e-02 4.571456e-02 4.471254e-02 4.343485e-02 4.188938e-02 4.008564e-02 3.803476e-02 3.574938e-02 3.324360e-02 3.053286e-02 2.763387e-02 2.456451e-02 2.134370e-02 1.799131e-02 1.452798e-02 1.097509e-02 7.354539e-03 3.688640e-03 1.569925e-16 -3.688640e-03 -7.354539e-03 -1.097509e-02 -1.452798e-02 -1.799131e-02 -2.134370e-02 -2.456451e-02 -2.763387e-02 -3.053286e-02 -3.324360e-02 -3.574938e-02 -3.803476e-02 -4.008564e-02 -4.188938e-02 -4.343485e-02 -4.471254e-02 -4.571456e-02 -4.643473e-02 -4.686862e-02 -4.701355e-02 
5.348929e-16 5.419938e-16 5.029458e-16 5.137681e-16 4.756295e-16 4.624408e-16 4.784460e-16 4.697485e-16 4.188417e-16 4.372272e-16 4.323953e-16 4.205392e-16 3.949468e-16 3.475344e-16 3.124466e-16 2.889794e-16 2.553880e-16 2.249982e-16 1.864768e-16 1.540458e-16 1.238019e-16 9.442772e-17 6.550949e-17 3.627052e-17 3.819989e-18 -1.978913e-17 -3.966165e-17 -6.330532e-17 -8.472839e-17 -1.032696e-16 -1.429610e-16 -1.633380e-16 -1.830689e-16 -2.152080e-16 -2.240926e-16 -2.439016e-16 -2.654994e-16 -2.466253e-16 -2.464448e-16 -2.926890e-16 -2.789560e-16 
-4.701355e-02 -4.686862e-02 -4.643473e-02 -4.571456e-02 -4.471254e-02 -4.343485e-02 -4.188938e-02 -4.008564e-02 -3.803476e-02 -3.574938e-02 -3.324360e-02 -3.053286e-02 -2.763387e-02 -2.456451e-02 -2.134370e-02 -1.799131e-02 -1.452798e-02 -1.097509e-02 -7.354539e-03 -3.688640e-03 9.454243e-17 3.688640e-03 7.354539e-03 1.097509e-02 1.452798e-02 1.799131e-02 2.134370e-02 2.456451e-02 2.763387e-02 3.053286e-02 3.324360e-02 3.574938e-02 3.803476e-02 4.008564e-02 4.188938e-02 4.343485e-02 4.471254e-02 4.571456e-02 4.643473e-02 4.686862e-02 4.701355e-02 
-9.373724e-02 -9.344828e-02 -9.258318e-02 -9.114727e-02 -8.914941e-02 -8.660192e-02 -8.352049e-02 -7.992413e-02 -7.583502e-02 -7.127835e-02 -6.628224e-02 -6.087747e-02 -5.509737e-02 -4.897757e-02 -4.255582e-02 -3.587169e-02 -2.896640e-02 -2.188252e-02 -1.466373e-02 -7.354539e-03 1.275022e-16 7.354539e-03 1.466373e-02 2.188252e-02 2.896640e-02 3.587169e-02 4.255582e-02 4.897757e-02 5.509737e-02 6.087747e-02 6.628224e-02 7.127835e-02 7.583502e-02 7.992413e-02 8.352049e-02 8.660192e-02 8.914941e-02 9.114727e-02 9.258318e-02 9.344828e-02 9.373724e-02 
-1.398830e-01 -1.394518e-01 -1.381608e-01 -1.360180e-01 -1.330366e-01 -1.292350e-01 -1.246367e-01 -1.192699e-01 -1.131677e-01 -1.063679e-01 -9.891222e-02 -9.084675e-02 -8.222117e-02 -7.308867e-02 -6.350556e-02 -5.353091e-02 -4.322623e-02 -3.265504e-02 -2.188252e-02 -1.097509e-02 -9.194034e-17 1.097509e-02 2.188252e-02 3.265504e-02 4.322623e-02 5.353091e-02 6.350556e-02 7.308867e-02 8.222117e-02 9.084675e-02 9.891222e-02 1.063679e-01 1.131677e-01 1.192699e-01 1.246367e-01 1.292350e-01 1.330366e-01 1.360180e-01 1.381608e-01 1.394518e-01 1.398830e-01 
-1.851664e-01 -1.845955e-01 -1.828866e-01 -1.800502e-01 -1.761037e-01 -1.710714e-01 -1.649844e-01 -1.578803e-01 -1.498027e-01 -1.408016e-01 -1.309324e-01 -1.202559e-01 -1.088381e-01 -9.674915e-02 -8.406377e-02 -7.086010e-02 -5.721955e-02 -4.322623e-02 -2.896640e-02 -1.452798e-02 1.821460e-16 1.452798e-02 2.896640e-02 4.322623e-02 5.721955e-02 7.086010e-02 8.406377e-02 9.674915e-02 1.088381e-01 1.202559e-01 1.309324e-01 1.408016e-01 1.498027e-01 1.578803e-01 1.649844e-01 1.710714e-01 1.761037e-01 1.800502e-01 1.828866e-01 1.845955e-01 1.851664e-01 
-2.293081e-01 -2.286012e-01 -2.264849e-01 -2.229723e-01 -2.180850e-01 -2.118530e-01 -2.043150e-01 -1.955173e-01 -1.855141e-01 -1.743672e-01 -1.621453e-01 -1.489237e-01 -1.347839e-01 -1.198131e-01 -1.041037e-01 -8.775241e-02 -7.086010e-02 -5.353091e-02 -3.587169e-02 -1.799131e-02 3.469447e-17 1.799131e-02 3.587169e-02 5.353091e-02 7.086010e-02 8.775241e-02 1.041037e-01 1.198131e-01 1.347839e-01 1.489237e-01 1.621453e-01 1.743672e-01 1.855141e-01 1.955173e-01 2.043150e-01 2.118530e-01 2.180850e-01 2.229723e-01 2.264849e-01 2.286012e-01 2.293081e-01 
-2.720361e-01 -2.711975e-01 -2.686868e-01 -2.645197e-01 -2.587217e-01 -2.513285e-01 -2.423859e-01 -2.319489e-01 -2.200818e-01 -2.068578e-01 -1.923585e-01 -1.766733e-01 -1.598988e-01 -1.421385e-01 -1.235018e-01 -1.041037e-01 -8.406377e-02 -6.350556e-02 -4.255582e-02 -2.134370e-02 -3.070461e-16 2.134370e-02 4.255582e-02 6.350556e-02 8.406377e-02 1.041037e-01 1.235018e-01 1.421385e-01 1.598988e-01 1.766733e-01 1.923585e-01 2.068578e-01 2.200818e-01 2.319489e-01 2.423859e-01 2.513285e-01 2.587217e-01 2.645197e-01 2.686868e-01 2.711975e-01 2.720361e-01 
-3.130868e-01 -3.121217e-01 -3.092322e-01 -3.044362e-01 -2.977633e-01 -2.892545e-01 -2.789624e-01 -2.669504e-01 -2.532926e-01 -2.380731e-01 -2.213858e-01 -2.033336e-01 -1.840278e-01 -1.635874e-01 -1.421385e-01 -1.198131e-01 -9.674915e-02 -7.308867e-02 -4.897757e-02 -2.456451e-02 2.498002e-16 2.456451e-02 4.897757e-02 7.308867e-02 9.674915e-02 1.198131e-01 1.421385e-01 1.635874e-01 1.840278e-01 2.033336e-01 2.213858e-01 2.380731e-01 2.532926e-01 2.669504e-01 2.789624e-01 2.892545e-01 2.977633e-01 3.044362e-01 3.092322e-01 3.121217e-01 3.130868e-01 
-3.522073e-01 -3.511216e-01 -3.478711e-01 -3.424758e-01 -3.349691e-01 -3.253971e-01 -3.138190e-01 -3.003061e-01 -2.849417e-01 -2.678206e-01 -2.490482e-01 -2.287404e-01 -2.070223e-01 -1.840278e-01 -1.598988e-01 -1.347839e-01 -1.088381e-01 -8.222117e-02 -5.509737e-02 -2.763387e-02 -3.504141e-16 2.763387e-02 5.509737e-02 8.222117e-02 1.088381e-01 1.347839e-01 1.598988e-01 1.840278e-01 2.070223e-01 2.287404e-01 2.490482e-01 2.678206e-01 2.849417e-01 3.003061e-01 3.138190e-01 3.253971e-01 3.349691e-01 3.424758e-01 3.478711e-01 3.511216e-01 3.522073e-01 
-3.891564e-01 -3.879567e-01 -3.843652e-01 -3.784039e-01 -3.701097e-01 -3.595336e-01 -3.467409e-01 -3.318103e-01 -3.148341e-01 -2.959168e-01 -2.751751e-01 -2.527368e-01 -2.287404e-01 -2.033336e-01 -1.766733e-01 -1.489237e-01 -1.202559e-01 -9.084675e-02 -6.087747e-02 -3.053286e-02 2.289835e-16 3.053286e-02 6.087747e-02 9.084675e-02 1.202559e-01 1.489237e-01 1.766733e-01 2.033336e-01 2.287404e-01 2.527368e-01 2.751751e-01 2.959168e-01 3.148341e-01 3.318103e-01 3.467409e-01 3.595336e-01 3.701097e-01 3.784039e-01 3.843652e-01 3.879567e-01 3.891564e-01 
-4.237061e-01 -4.224000e-01 -4.184896e-01 -4.119991e-01 -4.029684e-01 -3.914534e-01 -3.775249e-01 -3.612688e-01 -3.427854e-01 -3.221886e-01 -2.996055e-01 -2.751751e-01 -2.490482e-01 -2.213858e-01 -1.923585e-01 -1.621453e-01 -1.309324e-01 -9.891222e-02 -6.628224e-02 -3.324360e-02 -3.677614e-16 3.324360e-02 6.628224e-02 9.891222e-02 1.309324e-01 1.621453e-01 1.923585e-01 2.213858e-01 2.490482e-01 2.751751e-01 2.996055e-01 3.221886e-01 3.427854e-01 3.612688e-01 3.775249e-01 3.914534e-01 4.029684e-01 4.119991e-01 4.184896e-01 4.224000e-01 4.237061e-01 
-4.556435e-01 -4.542390e-01 -4.500338e-01 -4.430541e-01 -4.333428e-01 -4.209597e-01 -4.059814e-01 -3.885000e-01 -3.686234e-01 -3.464741e-01 -3.221886e-01 -2.959168e-01 -2.678206e-01 -2.380731e-01 -2.068578e-01 -1.743672e-01 -1.408016e-01 -1.063679e-01 -7.127835e-02 -3.574938e-02 -1.769418e-16 3.574938e-02 7.127835e-02 1.063679e-01 1.408016e-01 1.743672e-01 2.068578e-01 2.380731e-01 2.678206e-01 2.959168e-01 3.221886e-01 3.464741e-01 3.686234e-01 3.885000e-01 4.059814e-01 4.209597e-01 4.333428e-01 4.430541e-01 4.500338e-01 4.542390e-01 4.556435e-01 
-4.847718e-01 -4.832774e-01 -4.788035e-01 -4.713775e-01 -4.610454e-01 -4.478708e-01 -4.319348e-01 -4.133359e-01 -3.921886e-01 -3.686234e-01 -3.427854e-01 -3.148341e-01 -2.849417e-01 -2.532926e-01 -2.200818e-01 -1.855141e-01 -1.498027e-01 -1.131677e-01 -7.583502e-02 -3.803476e-02 6.591949e-17 3.803476e-02 7.583502e-02 1.131677e-01 1.498027e-01 1.855141e-01 2.200818e-01 2.532926e-01 2.849417e-01 3.148341e-01 3.427854e-01 3.686234e-01 3.921886e-01 4.133359e-01 4.319348e-01 4.478708e-01 4.610454e-01 4.713775e-01 4.788035e-01 4.832774e-01 4.847718e-01 
-5.109113e-01 -5.093363e-01 -5.046211e-01 -4.967948e-01 -4.859055e-01 -4.720205e-01 -4.552253e-01 -4.356235e-01 -4.133359e-01 -3.885000e-01 -3.612688e-01 -3.318103e-01 -3.003061e-01 -2.669504e-01 -2.319489e-01 -1.955173e-01 -1.578803e-01 -1.192699e-01 -7.992413e-02 -4.008564e-02 -1.630640e-16 4.008564e-02 7.992413e-02 1.192699e-01 1.578803e-01 1.955173e-01 2.319489e-01 2.669504e-01 3.003061e-01 3.318103e-01 3.612688e-01 3.885000e-01 4.133359e-01 4.356235e-01 4.552253e-01 4.720205e-01 4.859055e-01 4.967948e-01 5.046211e-01 5.093363e-01 5.109113e-01 
-5.339008e-01 -5.322550e-01 -5.273276e-01 -5.191491e-01 -5.077699e-01 -4.932600e-01 -4.757091e-01 -4.552253e-01 -4.319348e-01 -4.059814e-01 -3.775249e-01 -3.467409e-01 -3.138190e-01 -2.789624e-01 -2.423859e-01 -2.043150e-01 -1.649844e-01 -1.246367e-01 -8.352049e-02 -4.188938e-02 -3.504141e-16 4.188938e-02 8.352049e-02 1.246367e-01 1.649844e-01 2.043150e-01 2.423859e-01 2.789624e-01 3.138190e-01 3.467409e-01 3.775249e-01 4.059814e-01 4.319348e-01 4.552253e-01 4.757091e-01 4.932600e-01 5.077699e-01 5.191491e-01 5.273276e-01 5.322550e-01 5.339008e-01 
-5.535987e-01 -5.518921e-01 -5.467830e-01 -5.383027e-01 -5.265036e-01 -5.114585e-01 -4.932600e-01 -4.720205e-01 -4.478708e-01 -4.209597e-01 -3.914534e-01 -3.595336e-01 -3.253971e-01 -2.892545e-01 -2.513285e-01 -2.118530e-01 -1.710714e-01 -1.292350e-01 -8.660192e-02 -4.343485e-02 -2.012279e-16 4.343485e-02 8.660192e-02 1.292350e-01 1.710714e-01 2.118530e-01 2.513285e-01 2.892545e-01 3.253971e-01 3.595336e-01 3.914534e-01 4.209597e-01 4.478708e-01 4.720205e-01 4.932600e-01 5.114585e-01 5.265036e-01 5.383027e-01 5.467830e-01 5.518921e-01 5.535987e-01 
-5.698834e-01 -5.681267e-01 -5.628672e-01 -5.541375e-01 -5.419914e-01 -5.265036e-01 -5.077699e-01 -4.859055e-01 -4.610454e-01 -4.333428e-01 -4.029684e-01 -3.701097e-01 -3.349691e-01 -2.977633e-01 -2.587217e-01 -2.180850e-01 -1.761037e-01 -1.330366e-01 -8.914941e-02 -4.471254e-02 -3.469447e-17 4.471254e-02 8.914941e-02 1.330366e-01 1.761037e-01 2.180850e-01 2.587217e-01 2.977633e-01 3.349691e-01 3.701097e-01 4.029684e-01 4.333428e-01 4.610454e-01 4.859055e-01 5.077699e-01 5.265036e-01 5.419914e-01 5.541375e-01 5.628672e-01 5.681267e-01 5.698834e-01 
-5.826547e-01 -5.808585e-01 -5.754812e-01 -5.665559e-01 -5.541375e-01 -5.383027e-01 -5.191491e-01 -4.967948e-01 -4.713775e-01 -4.430541e-01 -4.119991e-01 -3.784039e-01 -3.424758e-01 -3.044362e-01 -2.645197e-01 -2.229723e-01 -1.800502e-01 -1.360180e-01 -9.114727e-02 -4.571456e-02 -3.261280e-16 4.571456e-02 9.114727e-02 1.360180e-01 1.800502e-01 2.229723e-01 2.645197e-01 3.044362e-01 3.424758e-01 3.784039e-01 4.119991e-01 4.430541e-01 4.713775e-01 4.967948e-01 5.191491e-01 5.383027e-01 5.541375e-01 5.665559e-01 5.754812e-01 5.808585e-01 5.826547e-01 
-5.918336e-01 -5.900092e-01 -5.845472e-01 -5.754812e-01 -5.628672e-01 -5.467830e-01 -5.273276e-01 -5.046211e-01 -4.788035e-01 -4.500338e-01 -4.184896e-01 -3.843652e-01 -3.478711e-01 -3.092322e-01 -2.686868e-01 -2.264849e-01 -1.828866e-01 -1.381608e-01 -9.258318e-02 -4.643473e-02 2.012279e-16 4.643473e-02 9.258318e-02 1.381608e-01 1.828866e-01 2.264849e-01 2.686868e-01 3.092322e-01 3.478711e-01 3.843652e-01 4.184896e-01 4.500338e-01 4.788035e-01 5.046211e-01 5.273276e-01 5.467830e-01 5.628672e-01 5.754812e-01 5.845472e-01 5.900092e-01 5.918336e-01 
-5.973637e-01 -5.955223e-01 -5.900092e-01 -5.808585e-01 -5.681267e-01 -5.518921e-01 -5.322550e-01 -5.093363e-01 -4.832774e-01 -4.542390e-01 -4.224000e-01 -3.879567e-01 -3.511216e-01 -3.121217e-01 -2.711975e-01 -2.286012e-01 -1.845955e-01 -1.394518e-01 -9.344828e-02 -4.686862e-02 -9.922618e-16 4.686862e-02 9.344828e-02 1.394518e-01 1.845955e-01 2.286012e-01 2.711975e-01 3.121217e-01 3.511216e-01 3.879567e-01 4.224000e-01 4.542390e-01 4.832774e-01 5.093363e-01 5.322550e-01 5.518921e-01 5.681267e-01 5.808585e-01 5.900092e-01 5.955223e-01 5.973637e-01 
-5.992109e-01 -5.973637e-01 -5.918336e-01 -5.826547e-01 -5.698834e-01 -5.535987e-01 -5.339008e-01 -5.109113e-01 -4.847718e-01 -4.556435e-01 -4.237061e-01 -3.891564e-01 -3.522073e-01 -3.130868e-01 -2.720361e-01 -2.293081e-01 -1.851664e-01 -1.398830e-01 -9.373724e-02 -4.701355e-02 7.632783e-16 4.701355e-02 9.373724e-02 1.398830e-01 1.851664e-01 2.293081e-01 2.720361e-01 3.130868e-01 3.522073e-01 3.891564e-01 4.237061e-01 4.556435e-01 4.847718e-01 5.109113e-01 5.339008e-01 5.535987e-01 5.698834e-01 5.826547e-01 5.918336e-01 5.973637e-01 5.992109e-01 
