5.924045e-01 5.851110e-01 5.634102e-01 5.278363e-01 4.792653e-01 4.188933e-01 3.482066e-01 2.689460e-01 1.830631e-01 9.267249e-02 1.318390e-16 -9.267249e-02 -1.830631e-01 -2.689460e-01 -3.482066e-01 -4.188933e-01 -4.792653e-01 -5.278363e-01 -5.634102e-01 -5.851110e-01 -5.924045e-01 
5.851110e-01 5.779074e-01 5.564737e-01 5.213378e-01 4.733648e-01 4.137360e-01 3.439196e-01 2.656349e-01 1.808093e-01 9.153153e-02 6.245005e-17 -9.153153e-02 -1.808093e-01 -2.656349e-01 -3.439196e-01 -4.137360e-01 -4.733648e-01 -5.213378e-01 -5.564737e-01 -5.779074e-01 -5.851110e-01 
5.634102e-01 5.564737e-01 5.358349e-01 5.020022e-01 4.558084e-01 3.983912e-01 3.311642e-01 2.557829e-01 1.741033e-01 8.813677e-02 2.151057e-16 -8.813677e-02 -1.741033e-01 -2.557829e-01 -3.311642e-01 -3.983912e-01 -4.558084e-01 -5.020022e-01 -5.358349e-01 -5.564737e-01 -5.634102e-01 
5.278363e-01 5.213378e-01 5.020022e-01 4.703056e-01 4.270285e-01 3.732366e-01 3.102544e-01 2.396327e-01 1.631104e-01 8.257179e-02 -1.387779e-16 -8.257179e-02 -1.631104e-01 -2.396327e-01 -3.102544e-01 -3.732366e-01 -4.270285e-01 -4.703056e-01 -5.020022e-01 -5.213378e-01 -5.278363e-01 
4.792653e-01 4.733648e-01 4.558084e-01 4.270285e-01 3.877338e-01 3.388918e-01 2.817051e-01 2.175819e-01 1.481011e-01 7.497362e-02 2.151057e-16 -7.497362e-02 -1.481011e-01 -2.175819e-01 -2.817051e-01 -3.388918e-01 -3.877338e-01 -4.270285e-01 -4.558084e-01 -4.733648e-01 -4.792653e-01 
4.188933e-01 4.137360e-01 3.983912e-01 3.732366e-01 3.388918e-01 2.962023e-01 2.462193e-01 1.901736e-01 1.294451e-01 6.552934e-02 5.551115e-17 -6.552934e-02 -1.294451e-01 -1.901736e-01 -2.462193e-01 -2.962023e-01 -3.388918e-01 -3.732366e-01 -3.983912e-01 -4.137360e-01 -4.188933e-01 
3.482066e-01 3.439196e-01 3.311642e-01 3.102544e-01 2.817051e-01 2.462193e-01 2.046707e-01 1.580825e-01 1.076018e-01 5.447152e-02 4.857226e-17 -5.447152e-02 -1.076018e-01 -1.580825e-01 -2.046707e-01 -2.462193e-01 -2.817051e-01 -3.102544e-01 -3.311642e-01 -3.439196e-01 -3.482066e-01 
2.689460e-01 2.656349e-01 2.557829e-01 2.396327e-01 2.175819e-01 1.901736e-01 1.580825e-01 1.220989e-01 8.310889e-02 4.207243e-02 7.285839e-17 -4.207243e-02 -8.310889e-02 -1.220989e-01 -1.580825e-01 -1.901736e-01 -2.175819e-01 -2.396327e-01 -2.557829e-01 -2.656349e-01 -2.689460e-01 
1.830631e-01 1.808093e-01 1.741033e-01 1.631104e-01 1.481011e-01 1.294451e-01 1.076018e-01 8.310889e-02 5.656960e-02 2.863737e-02 -1.734723e-17 -2.863737e-02 -5.656960e-02 -8.310889e-02 -1.076018e-01 -1.294451e-01 -1.481011e-01 -1.631104e-01 -1.741033e-01 -1.808093e-01 -1.830631e-01 
9.267249e-02 9.153153e-02 8.813677e-02 8.257179e-02 7.497362e-02 6.552934e-02 5.447152e-02 4.207243e-02 2.863737e-02 1.449717e-02 2.775558e-17 -1.449717e-02 -2.863737e-02 -4.207243e-02 -5.447152e-02 -6.552934e-02 -7.497362e-02 -8.257179e-02 -8.813677e-02 -9.153153e-02 -9.267249e-02 
1.799677e-16 1.638093e-16 1.676345e-16 1.478615e-16 1.339444e-16 1.121367e-16 1.115563e-16 9.898308e-17 6.657827e-17 5.806696e-17 4.702580e-17 3.603471e-17 2.141380e-17 6.048912e-18 -1.288691e-17 -2.230045e-17 -3.497415e-17 -8.860907e-18 -3.851901e-17 -5.206256e-17 -6.324034e-17 
-9.267249e-02 -9.153153e-02 -8.813677e-02 -8.257179e-02 -7.497362e-02 -6.552934e-02 -5.447152e-02 -4.207243e-02 -2.863737e-02 -1.449717e-02 8.673617e-18 1.449717e-02 2.863737e-02 4.207243e-02 5.447152e-02 6.552934e-02 7.497362e-02 8.257179e-02 8.813677e-02 9.153153e-02 9.267249e-02 
-1.830631e-01 -1.808093e-01 -1.741033e-01 -1.631104e-01 -1.481011e-01 -1.294451e-01 -1.076018e-01 -8.310889e-02 -5.656960e-02 -2.863737e-02 -9.020562e-17 2.863737e-02 5.656960e-02 8.310889e-02 1.076018e-01 1.294451e-01 1.481011e-01 1.631104e-01 1.741033e-01 1.808093e-01 1.830631e-01 
-2.689460e-01 -2.656349e-01 -2.557829e-01 -2.396327e-01 -2.175819e-01 -1.901736e-01 -1.580825e-01 -1.220989e-01 -8.310889e-02 -4.207243e-02 1.491862e-16 4.207243e-02 8.310889e-02 1.220989e-01 1.580825e-01 1.901736e-01 2.175819e-01 2.396327e-01 2.557829e-01 2.656349e-01 2.689460e-01 
-3.482066e-01 -3.439196e-01 -3.311642e-01 -3.102544e-01 -2.817051e-01 -2.462193e-01 -2.046707e-01 -1.580825e-01 -1.076018e-01 -5.447152e-02 -1.179612e-16 5.447152e-02 1.076018e-01 1.580825e-01 2.046707e-01 2.462193e-01 2.817051e-01 3.102544e-01 3.311642e-01 3.439196e-01 3.482066e-01 
-4.188933e-01 -4.137360e-01 -3.983912e-01 -3.732366e-01 -3.388918e-01 -2.962023e-01 -2.462193e-01 -1.901736e-01 -1.294451e-01 -6.552934e-02 -4.857226e-17 6.552934e-02 1.294451e-01 1.901736e-01 2.462193e-01 2.962023e-01 3.388918e-01 3.732366e-01 3.983912e-01 4.137360e-01 4.188933e-01 
-4.792653e-01 -4.733648e-01 -4.558084e-01 -4.270285e-01 -3.877338e-01 -3.388918e-01 -2.817051e-01 -2.175819e-01 -1.481011e-01 -7.497362e-02 -4.857226e-17 7.497362e-02 1.481011e-01 2.175819e-01 2.817051e-01 3.388918e-01 3.877338e-01 4.270285e-01 4.558084e-01 4.733648e-01 4.792653e-01 
-5.278363e-01 -5.213378e-01 -5.020022e-01 -4.703056e-01 -4.270285e-01 -3.732366e-01 -3.102544e-01 -2.396327e-01 -1.631104e-01 -8.257179e-02 -4.163336e-17 8.257179e-02 1.631104e-01 2.396327e-01 3.102544e-01 3.732366e-01 4.270285e-01 4.703056e-01 5.020022e-01 5.213378e-01 5.278363e-01 
-5.634102e-01 -5.564737e-01 -5.358349e-01 -5.020022e-01 -4.558084e-01 -3.983912e-01 -3.311642e-01 -2.557829e-01 -1.741033e-01 -8.813677e-02 1.387779e-16 8.813677e-02 1.741033e-01 2.557829e-01 3.311642e-01 3.983912e-01 4.558084e-01 5.020022e-01 5.358349e-01 5.564737e-01 5.634102e-01 
-5.851110e-01 -5.779074e-01 -5.564737e-01 -5.213378e-01 -4.733648e-01 -4.137360e-01 -3.439196e-01 -2.656349e-01 -1.808093e-01 -9.153153e-02 -1.249001e-16 9.153153e-02 1.808093e-01 2.656349e-01 3.439196e-01 4.137360e-01 4.733648e-01 5.213378e-01 5.564737e-01 5.779074e-01 5.851110e-01 
-5.924045e-01 -5.851110e-01 -5.634102e-01 -5.278363e-01 -4.792653e-01 -4.188933e-01 -3.482066e-01 -2.689460e-01 -1.830631e-01 -9.267249e-02 -1.387779e-17 9.267249e-02 1.830631e-01 2.689460e-01 3.482066e-01 4.188933e-01 4.792653e-01 5.278363e-01 5.634102e-01 5.851110e-01 5.924045e-01 
