         1         1     0.6074E+00
         1         2     0.5999E+00
         1         3     0.5777E+00
         1         4     0.5412E+00
         1         5     0.4914E+00
         1         6     0.4295E+00
         1         7     0.3570E+00
         1         8     0.2758E+00
         1         9     0.1877E+00
         1        10     0.9502E-01
         1        11     0.1804E-15
         1        12    -0.9502E-01
         1        13    -0.1877E+00
         1        14    -0.2758E+00
         1        15    -0.3570E+00
         1        16    -0.4295E+00
         1        17    -0.4914E+00
         1        18    -0.5412E+00
         1        19    -0.5777E+00
         1        20    -0.5999E+00
         1        21    -0.6074E+00
         2         1     0.5999E+00
         2         2     0.5925E+00
         2         3     0.5706E+00
         2         4     0.5345E+00
         2         5     0.4853E+00
         2         6     0.4242E+00
         2         7     0.3526E+00
         2         8     0.2724E+00
         2         9     0.1854E+00
         2        10     0.9385E-01
         2        11     0.1596E-15
         2        12    -0.9385E-01
         2        13    -0.1854E+00
         2        14    -0.2724E+00
         2        15    -0.3526E+00
         2        16    -0.4242E+00
         2        17    -0.4853E+00
         2        18    -0.5345E+00
         2        19    -0.5706E+00
         2        20    -0.5925E+00
         2        21    -0.5999E+00
         3         1     0.5777E+00
         3         2     0.5706E+00
         3         3     0.5494E+00
         3         4     0.5147E+00
         3         5     0.4673E+00
         3         6     0.4085E+00
         3         7     0.3395E+00
         3         8     0.2623E+00
         3         9     0.1785E+00
         3        10     0.9037E-01
         3        11     0.5551E-16
         3        12    -0.9037E-01
         3        13    -0.1785E+00
         3        14    -0.2623E+00
         3        15    -0.3395E+00
         3        16    -0.4085E+00
         3        17    -0.4673E+00
         3        18    -0.5147E+00
         3        19    -0.5494E+00
         3        20    -0.5706E+00
         3        21    -0.5777E+00
         4         1     0.5412E+00
         4         2     0.5345E+00
         4         3     0.5147E+00
         4         4     0.4822E+00
         4         5     0.4378E+00
         4         6     0.3827E+00
         4         7     0.3181E+00
         4         8     0.2457E+00
         4         9     0.1672E+00
         4        10     0.8466E-01
         4        11     0.2567E-15
         4        12    -0.8466E-01
         4        13    -0.1672E+00
         4        14    -0.2457E+00
         4        15    -0.3181E+00
         4        16    -0.3827E+00
         4        17    -0.4378E+00
         4        18    -0.4822E+00
         4        19    -0.5147E+00
         4        20    -0.5345E+00
         4        21    -0.5412E+00
         5         1     0.4914E+00
         5         2     0.4853E+00
         5         3     0.4673E+00
         5         4     0.4378E+00
         5         5     0.3975E+00
         5         6     0.3475E+00
         5         7     0.2888E+00
         5         8     0.2231E+00
         5         9     0.1519E+00
         5        10     0.7687E-01
         5        11     0.2151E-15
         5        12    -0.7687E-01
         5        13    -0.1519E+00
         5        14    -0.2231E+00
         5        15    -0.2888E+00
         5        16    -0.3475E+00
         5        17    -0.3975E+00
         5        18    -0.4378E+00
         5        19    -0.4673E+00
         5        20    -0.4853E+00
         5        21    -0.4914E+00
         6         1     0.4295E+00
         6         2     0.4242E+00
         6         3     0.4085E+00
         6         4     0.3827E+00
         6         5     0.3475E+00
         6         6     0.3037E+00
         6         7     0.2525E+00
         6         8     0.1950E+00
         6         9     0.1327E+00
         6        10     0.6719E-01
         6        11     0.1110E-15
         6        12    -0.6719E-01
         6        13    -0.1327E+00
         6        14    -0.1950E+00
         6        15    -0.2525E+00
         6        16    -0.3037E+00
         6        17    -0.3475E+00
         6        18    -0.3827E+00
         6        19    -0.4085E+00
         6        20    -0.4242E+00
         6        21    -0.4295E+00
         7         1     0.3570E+00
         7         2     0.3526E+00
         7         3     0.3395E+00
         7         4     0.3181E+00
         7         5     0.2888E+00
         7         6     0.2525E+00
         7         7     0.2099E+00
         7         8     0.1621E+00
         7         9     0.1103E+00
         7        10     0.5585E-01
         7        11     0.6245E-16
         7        12    -0.5585E-01
         7        13    -0.1103E+00
         7        14    -0.1621E+00
         7        15    -0.2099E+00
         7        16    -0.2525E+00
         7        17    -0.2888E+00
         7        18    -0.3181E+00
         7        19    -0.3395E+00
         7        20    -0.3526E+00
         7        21    -0.3570E+00
         8         1     0.2758E+00
         8         2     0.2724E+00
         8         3     0.2623E+00
         8         4     0.2457E+00
         8         5     0.2231E+00
         8         6     0.1950E+00
         8         7     0.1621E+00
         8         8     0.1252E+00
         8         9     0.8521E-01
         8        10     0.4314E-01
         8        11     0.1041E-15
         8        12    -0.4314E-01
         8        13    -0.8521E-01
         8        14    -0.1252E+00
         8        15    -0.1621E+00
         8        16    -0.1950E+00
         8        17    -0.2231E+00
         8        18    -0.2457E+00
         8        19    -0.2623E+00
         8        20    -0.2724E+00
         8        21    -0.2758E+00
         9         1     0.1877E+00
         9         2     0.1854E+00
         9         3     0.1785E+00
         9         4     0.1672E+00
         9         5     0.1519E+00
         9         6     0.1327E+00
         9         7     0.1103E+00
         9         8     0.8521E-01
         9         9     0.5800E-01
         9        10     0.2936E-01
         9        11     0.3123E-16
         9        12    -0.2936E-01
         9        13    -0.5800E-01
         9        14    -0.8521E-01
         9        15    -0.1103E+00
         9        16    -0.1327E+00
         9        17    -0.1519E+00
         9        18    -0.1672E+00
         9        19    -0.1785E+00
         9        20    -0.1854E+00
         9        21    -0.1877E+00
        10         1     0.9502E-01
        10         2     0.9385E-01
        10         3     0.9037E-01
        10         4     0.8466E-01
        10         5     0.7687E-01
        10         6     0.6719E-01
        10         7     0.5585E-01
        10         8     0.4314E-01
        10         9     0.2936E-01
        10        10     0.1486E-01
        10        11     0.3469E-16
        10        12    -0.1486E-01
        10        13    -0.2936E-01
        10        14    -0.4314E-01
        10        15    -0.5585E-01
        10        16    -0.6719E-01
        10        17    -0.7687E-01
        10        18    -0.8466E-01
        10        19    -0.9037E-01
        10        20    -0.9385E-01
        10        21    -0.9502E-01
        11         1     0.1327E-15
        11         2     0.1507E-15
        11         3     0.8605E-16
        11         4     0.8137E-16
        11         5     0.5811E-16
        11         6     0.8947E-16
        11         7     0.7088E-16
        11         8     0.5435E-16
        11         9     0.4789E-16
        11        10     0.4492E-16
        11        11     0.2569E-16
        11        12     0.4123E-17
        11        13    -0.8022E-17
        11        14    -0.2123E-16
        11        15    -0.3235E-16
        11        16    -0.6002E-16
        11        17    -0.7625E-16
        11        18    -0.7303E-16
        11        19    -0.7175E-16
        11        20    -0.3876E-16
        11        21    -0.7020E-18
        12         1    -0.9502E-01
        12         2    -0.9385E-01
        12         3    -0.9037E-01
        12         4    -0.8466E-01
        12         5    -0.7687E-01
        12         6    -0.6719E-01
        12         7    -0.5585E-01
        12         8    -0.4314E-01
        12         9    -0.2936E-01
        12        10    -0.1486E-01
        12        11     0.0000E+00
        12        12     0.1486E-01
        12        13     0.2936E-01
        12        14     0.4314E-01
        12        15     0.5585E-01
        12        16     0.6719E-01
        12        17     0.7687E-01
        12        18     0.8466E-01
        12        19     0.9037E-01
        12        20     0.9385E-01
        12        21     0.9502E-01
        13         1    -0.1877E+00
        13         2    -0.1854E+00
        13         3    -0.1785E+00
        13         4    -0.1672E+00
        13         5    -0.1519E+00
        13         6    -0.1327E+00
        13         7    -0.1103E+00
        13         8    -0.8521E-01
        13         9    -0.5800E-01
        13        10    -0.2936E-01
        13        11    -0.9021E-16
        13        12     0.2936E-01
        13        13     0.5800E-01
        13        14     0.8521E-01
        13        15     0.1103E+00
        13        16     0.1327E+00
        13        17     0.1519E+00
        13        18     0.1672E+00
        13        19     0.1785E+00
        13        20     0.1854E+00
        13        21     0.1877E+00
        14         1    -0.2758E+00
        14         2    -0.2724E+00
        14         3    -0.2623E+00
        14         4    -0.2457E+00
        14         5    -0.2231E+00
        14         6    -0.1950E+00
        14         7    -0.1621E+00
        14         8    -0.1252E+00
        14         9    -0.8521E-01
        14        10    -0.4314E-01
        14        11     0.4163E-16
        14        12     0.4314E-01
        14        13     0.8521E-01
        14        14     0.1252E+00
        14        15     0.1621E+00
        14        16     0.1950E+00
        14        17     0.2231E+00
        14        18     0.2457E+00
        14        19     0.2623E+00
        14        20     0.2724E+00
        14        21     0.2758E+00
        15         1    -0.3570E+00
        15         2    -0.3526E+00
        15         3    -0.3395E+00
        15         4    -0.3181E+00
        15         5    -0.2888E+00
        15         6    -0.2525E+00
        15         7    -0.2099E+00
        15         8    -0.1621E+00
        15         9    -0.1103E+00
        15        10    -0.5585E-01
        15        11    -0.1110E-15
        15        12     0.5585E-01
        15        13     0.1103E+00
        15        14     0.1621E+00
        15        15     0.2099E+00
        15        16     0.2525E+00
        15        17     0.2888E+00
        15        18     0.3181E+00
        15        19     0.3395E+00
        15        20     0.3526E+00
        15        21     0.3570E+00
        16         1    -0.4295E+00
        16         2    -0.4242E+00
        16         3    -0.4085E+00
        16         4    -0.3827E+00
        16         5    -0.3475E+00
        16         6    -0.3037E+00
        16         7    -0.2525E+00
        16         8    -0.1950E+00
        16         9    -0.1327E+00
        16        10    -0.6719E-01
        16        11    -0.1318E-15
        16        12     0.6719E-01
        16        13     0.1327E+00
        16        14     0.1950E+00
        16        15     0.2525E+00
        16        16     0.3037E+00
        16        17     0.3475E+00
        16        18     0.3827E+00
        16        19     0.4085E+00
        16        20     0.4242E+00
        16        21     0.4295E+00
        17         1    -0.4914E+00
        17         2    -0.4853E+00
        17         3    -0.4673E+00
        17         4    -0.4378E+00
        17         5    -0.3975E+00
        17         6    -0.3475E+00
        17         7    -0.2888E+00
        17         8    -0.2231E+00
        17         9    -0.1519E+00
        17        10    -0.7687E-01
        17        11    -0.1110E-15
        17        12     0.7687E-01
        17        13     0.1519E+00
        17        14     0.2231E+00
        17        15     0.2888E+00
        17        16     0.3475E+00
        17        17     0.3975E+00
        17        18     0.4378E+00
        17        19     0.4673E+00
        17        20     0.4853E+00
        17        21     0.4914E+00
        18         1    -0.5412E+00
        18         2    -0.5345E+00
        18         3    -0.5147E+00
        18         4    -0.4822E+00
        18         5    -0.4378E+00
        18         6    -0.3827E+00
        18         7    -0.3181E+00
        18         8    -0.2457E+00
        18         9    -0.1672E+00
        18        10    -0.8466E-01
        18        11     0.6939E-17
        18        12     0.8466E-01
        18        13     0.1672E+00
        18        14     0.2457E+00
        18        15     0.3181E+00
        18        16     0.3827E+00
        18        17     0.4378E+00
        18        18     0.4822E+00
        18        19     0.5147E+00
        18        20     0.5345E+00
        18        21     0.5412E+00
        19         1    -0.5777E+00
        19         2    -0.5706E+00
        19         3    -0.5494E+00
        19         4    -0.5147E+00
        19         5    -0.4673E+00
        19         6    -0.4085E+00
        19         7    -0.3395E+00
        19         8    -0.2623E+00
        19         9    -0.1785E+00
        19        10    -0.9037E-01
        19        11    -0.5135E-15
        19        12     0.9037E-01
        19        13     0.1785E+00
        19        14     0.2623E+00
        19        15     0.3395E+00
        19        16     0.4085E+00
        19        17     0.4673E+00
        19        18     0.5147E+00
        19        19     0.5494E+00
        19        20     0.5706E+00
        19        21     0.5777E+00
        20         1    -0.5999E+00
        20         2    -0.5925E+00
        20         3    -0.5706E+00
        20         4    -0.5345E+00
        20         5    -0.4853E+00
        20         6    -0.4242E+00
        20         7    -0.3526E+00
        20         8    -0.2724E+00
        20         9    -0.1854E+00
        20        10    -0.9385E-01
        20        11     0.7633E-16
        20        12     0.9385E-01
        20        13     0.1854E+00
        20        14     0.2724E+00
        20        15     0.3526E+00
        20        16     0.4242E+00
        20        17     0.4853E+00
        20        18     0.5345E+00
        20        19     0.5706E+00
        20        20     0.5925E+00
        20        21     0.5999E+00
        21         1    -0.6074E+00
        21         2    -0.5999E+00
        21         3    -0.5777E+00
        21         4    -0.5412E+00
        21         5    -0.4914E+00
        21         6    -0.4295E+00
        21         7    -0.3570E+00
        21         8    -0.2758E+00
        21         9    -0.1877E+00
        21        10    -0.9502E-01
        21        11    -0.1110E-15
        21        12     0.9502E-01
        21        13     0.1877E+00
        21        14     0.2758E+00
        21        15     0.3570E+00
        21        16     0.4295E+00
        21        17     0.4914E+00
        21        18     0.5412E+00
        21        19     0.5777E+00
        21        20     0.5999E+00
        21        21     0.6074E+00
