2.268760e-05 2.268480e-05 2.267641e-05 2.266241e-05 2.264283e-05 2.261766e-05 2.258691e-05 2.255059e-05 2.250870e-05 2.246126e-05 2.240828e-05 2.234977e-05 2.228574e-05 2.221622e-05 2.214121e-05 2.206074e-05 2.197483e-05 2.188349e-05 2.178676e-05 2.168465e-05 2.157719e-05 2.146441e-05 2.134633e-05 2.122298e-05 2.109440e-05 2.096061e-05 2.082165e-05 2.067755e-05 2.052835e-05 2.037409e-05 2.021480e-05 2.005052e-05 1.988130e-05 1.970716e-05 1.952817e-05 1.934436e-05 1.915577e-05 1.896246e-05 1.876447e-05 1.856185e-05 1.835465e-05 1.814293e-05 1.792672e-05 1.770609e-05 1.748110e-05 1.725179e-05 1.701822e-05 1.678045e-05 1.653855e-05 1.629256e-05 1.604256e-05 1.578859e-05 1.553073e-05 1.526904e-05 1.500358e-05 1.473442e-05 1.446162e-05 1.418526e-05 1.390539e-05 1.362209e-05 1.333544e-05 1.304549e-05 1.275232e-05 1.245601e-05 1.215662e-05 1.185424e-05 1.154893e-05 1.124077e-05 1.092983e-05 1.061620e-05 1.029995e-05 9.981164e-06 9.659910e-06 9.336273e-06 9.010333e-06 8.682169e-06 8.351863e-06 8.019496e-06 7.685150e-06 7.348909e-06 7.010854e-06 6.671069e-06 6.329639e-06 5.986646e-06 5.642177e-06 5.296315e-06 4.949147e-06 4.600757e-06 4.251232e-06 3.900659e-06 3.549123e-06 3.196711e-06 2.843510e-06 2.489608e-06 2.135092e-06 1.780049e-06 1.424566e-06 1.068732e-06 7.126347e-07 3.563613e-07 3.138791e-16 3.563613e-07 7.126347e-07 1.068732e-06 1.424566e-06 1.780049e-06 2.135092e-06 2.489608e-06 2.843510e-06 3.196711e-06 3.549123e-06 3.900659e-06 4.251232e-06 4.600757e-06 4.949147e-06 5.296315e-06 5.642177e-06 5.986646e-06 6.329639e-06 6.671069e-06 7.010854e-06 7.348909e-06 7.685150e-06 8.019496e-06 8.351863e-06 8.682169e-06 9.010333e-06 9.336273e-06 9.659910e-06 9.981164e-06 1.029995e-05 1.061620e-05 1.092983e-05 1.124077e-05 1.154893e-05 1.185424e-05 1.215662e-05 1.245601e-05 1.275232e-05 1.304549e-05 1.333544e-05 1.362209e-05 1.390539e-05 1.418526e-05 1.446162e-05 1.473442e-05 1.500358e-05 1.526904e-05 1.553073e-05 1.578859e-05 1.604256e-05 1.629256e-05 1.653855e-05 1.678045e-05 1.701822e-05 1.725179e-05 1.748110e-05 1.770609e-05 1.792672e-05 1.814293e-05 1.835465e-05 1.856185e-05 1.876447e-05 1.896246e-05 1.915577e-05 1.934436e-05 1.952817e-05 1.970716e-05 1.988130e-05 2.005052e-05 2.021480e-05 2.037409e-05 2.052835e-05 2.067755e-05 2.082165e-05 2.096061e-05 2.109440e-05 2.122298e-05 2.134633e-05 2.146441e-05 2.157719e-05 2.168465e-05 2.178676e-05 2.188349e-05 2.197483e-05 2.206074e-05 2.214121e-05 2.221622e-05 2.228574e-05 2.234977e-05 2.240828e-05 2.246126e-05 2.250870e-05 2.255059e-05 2.258691e-05 2.261766e-05 2.264283e-05 2.266241e-05 2.267641e-05 2.268480e-05 2.268760e-05 
2.268480e-05 2.268200e-05 2.267361e-05 2.265962e-05 2.264004e-05 2.261487e-05 2.258413e-05 2.254781e-05 2.250592e-05 2.245849e-05 2.240551e-05 2.234701e-05 2.228299e-05 2.221347e-05 2.213848e-05 2.205802e-05 2.197212e-05 2.188079e-05 2.178407e-05 2.168197e-05 2.157453e-05 2.146176e-05 2.134369e-05 2.122036e-05 2.109179e-05 2.095802e-05 2.081908e-05 2.067500e-05 2.052582e-05 2.037158e-05 2.021231e-05 2.004805e-05 1.987884e-05 1.970473e-05 1.952576e-05 1.934197e-05 1.915341e-05 1.896012e-05 1.876216e-05 1.855956e-05 1.835239e-05 1.814069e-05 1.792451e-05 1.770391e-05 1.747894e-05 1.724966e-05 1.701612e-05 1.677838e-05 1.653651e-05 1.629055e-05 1.604058e-05 1.578664e-05 1.552881e-05 1.526716e-05 1.500173e-05 1.473260e-05 1.445984e-05 1.418351e-05 1.390367e-05 1.362041e-05 1.333379e-05 1.304388e-05 1.275075e-05 1.245447e-05 1.215512e-05 1.185278e-05 1.154750e-05 1.123938e-05 1.092849e-05 1.061489e-05 1.029868e-05 9.979933e-06 9.658719e-06 9.335121e-06 9.009221e-06 8.681098e-06 8.350832e-06 8.018507e-06 7.684202e-06 7.348002e-06 7.009989e-06 6.670246e-06 6.328858e-06 5.985908e-06 5.641481e-06 5.295662e-06 4.948536e-06 4.600189e-06 4.250708e-06 3.900177e-06 3.548685e-06 3.196316e-06 2.843159e-06 2.489301e-06 2.134828e-06 1.779829e-06 1.424390e-06 1.068600e-06 7.125468e-07 3.563174e-07 6.090727e-15 3.563174e-07 7.125468e-07 1.068600e-06 1.424390e-06 1.779829e-06 2.134828e-06 2.489301e-06 2.843159e-06 3.196316e-06 3.548685e-06 3.900177e-06 4.250708e-06 4.600189e-06 4.948536e-06 5.295662e-06 5.641481e-06 5.985908e-06 6.328858e-06 6.670246e-06 7.009989e-06 7.348002e-06 7.684202e-06 8.018507e-06 8.350832e-06 8.681098e-06 9.009221e-06 9.335121e-06 9.658719e-06 9.979933e-06 1.029868e-05 1.061489e-05 1.092849e-05 1.123938e-05 1.154750e-05 1.185278e-05 1.215512e-05 1.245447e-05 1.275075e-05 1.304388e-05 1.333379e-05 1.362041e-05 1.390367e-05 1.418351e-05 1.445984e-05 1.473260e-05 1.500173e-05 1.526716e-05 1.552881e-05 1.578664e-05 1.604058e-05 1.629055e-05 1.653651e-05 1.677838e-05 1.701612e-05 1.724966e-05 1.747894e-05 1.770391e-05 1.792451e-05 1.814069e-05 1.835239e-05 1.855956e-05 1.876216e-05 1.896012e-05 1.915341e-05 1.934197e-05 1.952576e-05 1.970473e-05 1.987884e-05 2.004805e-05 2.021231e-05 2.037158e-05 2.052582e-05 2.067500e-05 2.081908e-05 2.095802e-05 2.109179e-05 2.122036e-05 2.134369e-05 2.146176e-05 2.157453e-05 2.168197e-05 2.178407e-05 2.188079e-05 2.197212e-05 2.205802e-05 2.213848e-05 2.221347e-05 2.228299e-05 2.234701e-05 2.240551e-05 2.245849e-05 2.250592e-05 2.254781e-05 2.258413e-05 2.261487e-05 2.264004e-05 2.265962e-05 2.267361e-05 2.268200e-05 2.268480e-05 
2.267641e-05 2.267361e-05 2.266522e-05 2.265123e-05 2.263166e-05 2.260650e-05 2.257577e-05 2.253946e-05 2.249759e-05 2.245018e-05 2.239722e-05 2.233874e-05 2.227474e-05 2.220525e-05 2.213028e-05 2.204985e-05 2.196398e-05 2.187269e-05 2.177601e-05 2.167395e-05 2.156654e-05 2.145381e-05 2.133579e-05 2.121251e-05 2.108399e-05 2.095027e-05 2.081138e-05 2.066735e-05 2.051822e-05 2.036404e-05 2.020482e-05 2.004063e-05 1.987149e-05 1.969744e-05 1.951853e-05 1.933481e-05 1.914632e-05 1.895311e-05 1.875521e-05 1.855269e-05 1.834560e-05 1.813397e-05 1.791788e-05 1.769736e-05 1.747247e-05 1.724327e-05 1.700982e-05 1.677217e-05 1.653039e-05 1.628452e-05 1.603464e-05 1.578080e-05 1.552307e-05 1.526150e-05 1.499618e-05 1.472715e-05 1.445448e-05 1.417826e-05 1.389853e-05 1.361537e-05 1.332886e-05 1.303905e-05 1.274603e-05 1.244986e-05 1.215063e-05 1.184839e-05 1.154323e-05 1.123522e-05 1.092444e-05 1.061097e-05 1.029487e-05 9.976239e-06 9.655144e-06 9.331666e-06 9.005886e-06 8.677885e-06 8.347741e-06 8.015539e-06 7.681358e-06 7.345283e-06 7.007395e-06 6.667778e-06 6.326515e-06 5.983692e-06 5.639393e-06 5.293702e-06 4.946705e-06 4.598487e-06 4.249135e-06 3.898734e-06 3.547371e-06 3.195133e-06 2.842107e-06 2.488380e-06 2.134038e-06 1.779170e-06 1.423863e-06 1.068205e-06 7.122831e-07 3.561855e-07 2.040168e-15 3.561855e-07 7.122831e-07 1.068205e-06 1.423863e-06 1.779170e-06 2.134038e-06 2.488380e-06 2.842107e-06 3.195133e-06 3.547371e-06 3.898734e-06 4.249135e-06 4.598487e-06 4.946705e-06 5.293702e-06 5.639393e-06 5.983692e-06 6.326515e-06 6.667778e-06 7.007395e-06 7.345283e-06 7.681358e-06 8.015539e-06 8.347741e-06 8.677885e-06 9.005886e-06 9.331666e-06 9.655144e-06 9.976239e-06 1.029487e-05 1.061097e-05 1.092444e-05 1.123522e-05 1.154323e-05 1.184839e-05 1.215063e-05 1.244986e-05 1.274603e-05 1.303905e-05 1.332886e-05 1.361537e-05 1.389853e-05 1.417826e-05 1.445448e-05 1.472715e-05 1.499618e-05 1.526150e-05 1.552307e-05 1.578080e-05 1.603464e-05 1.628452e-05 1.653039e-05 1.677217e-05 1.700982e-05 1.724327e-05 1.747247e-05 1.769736e-05 1.791788e-05 1.813397e-05 1.834560e-05 1.855269e-05 1.875521e-05 1.895311e-05 1.914632e-05 1.933481e-05 1.951853e-05 1.969744e-05 1.987149e-05 2.004063e-05 2.020482e-05 2.036404e-05 2.051822e-05 2.066735e-05 2.081138e-05 2.095027e-05 2.108399e-05 2.121251e-05 2.133579e-05 2.145381e-05 2.156654e-05 2.167395e-05 2.177601e-05 2.187269e-05 2.196398e-05 2.204985e-05 2.213028e-05 2.220525e-05 2.227474e-05 2.233874e-05 2.239722e-05 2.245018e-05 2.249759e-05 2.253946e-05 2.257577e-05 2.260650e-05 2.263166e-05 2.265123e-05 2.266522e-05 2.267361e-05 2.267641e-05 
2.266241e-05 2.265962e-05 2.265123e-05 2.263726e-05 2.261769e-05 2.259255e-05 2.256184e-05 2.252555e-05 2.248371e-05 2.243633e-05 2.238340e-05 2.232496e-05 2.226100e-05 2.219155e-05 2.211663e-05 2.203625e-05 2.195043e-05 2.185920e-05 2.176257e-05 2.166058e-05 2.155324e-05 2.144058e-05 2.132263e-05 2.119942e-05 2.107098e-05 2.093734e-05 2.079854e-05 2.065460e-05 2.050557e-05 2.035147e-05 2.019236e-05 2.002826e-05 1.985922e-05 1.968529e-05 1.950649e-05 1.932288e-05 1.913451e-05 1.894141e-05 1.874364e-05 1.854125e-05 1.833428e-05 1.812278e-05 1.790682e-05 1.768644e-05 1.746169e-05 1.723263e-05 1.699933e-05 1.676183e-05 1.652019e-05 1.627448e-05 1.602475e-05 1.577106e-05 1.551349e-05 1.525209e-05 1.498692e-05 1.471806e-05 1.444557e-05 1.416951e-05 1.388995e-05 1.360697e-05 1.332063e-05 1.303101e-05 1.273817e-05 1.244218e-05 1.214313e-05 1.184108e-05 1.153611e-05 1.122829e-05 1.091770e-05 1.060442e-05 1.028852e-05 9.970084e-06 9.649187e-06 9.325909e-06 9.000330e-06 8.672530e-06 8.342591e-06 8.010593e-06 7.676619e-06 7.340751e-06 7.003071e-06 6.663664e-06 6.322612e-06 5.980000e-06 5.635913e-06 5.290435e-06 4.943652e-06 4.595650e-06 4.246513e-06 3.896328e-06 3.545183e-06 3.193162e-06 2.840354e-06 2.486844e-06 2.132722e-06 1.778073e-06 1.422985e-06 1.067546e-06 7.118436e-07 3.559657e-07 4.539939e-15 3.559657e-07 7.118436e-07 1.067546e-06 1.422985e-06 1.778073e-06 2.132722e-06 2.486844e-06 2.840354e-06 3.193162e-06 3.545183e-06 3.896328e-06 4.246513e-06 4.595650e-06 4.943652e-06 5.290435e-06 5.635913e-06 5.980000e-06 6.322612e-06 6.663664e-06 7.003071e-06 7.340751e-06 7.676619e-06 8.010593e-06 8.342591e-06 8.672530e-06 9.000330e-06 9.325909e-06 9.649187e-06 9.970084e-06 1.028852e-05 1.060442e-05 1.091770e-05 1.122829e-05 1.153611e-05 1.184108e-05 1.214313e-05 1.244218e-05 1.273817e-05 1.303101e-05 1.332063e-05 1.360697e-05 1.388995e-05 1.416951e-05 1.444557e-05 1.471806e-05 1.498692e-05 1.525209e-05 1.551349e-05 1.577106e-05 1.602475e-05 1.627448e-05 1.652019e-05 1.676183e-05 1.699933e-05 1.723263e-05 1.746169e-05 1.768644e-05 1.790682e-05 1.812278e-05 1.833428e-05 1.854125e-05 1.874364e-05 1.894141e-05 1.913451e-05 1.932288e-05 1.950649e-05 1.968529e-05 1.985922e-05 2.002826e-05 2.019236e-05 2.035147e-05 2.050557e-05 2.065460e-05 2.079854e-05 2.093734e-05 2.107098e-05 2.119942e-05 2.132263e-05 2.144058e-05 2.155324e-05 2.166058e-05 2.176257e-05 2.185920e-05 2.195043e-05 2.203625e-05 2.211663e-05 2.219155e-05 2.226100e-05 2.232496e-05 2.238340e-05 2.243633e-05 2.248371e-05 2.252555e-05 2.256184e-05 2.259255e-05 2.261769e-05 2.263726e-05 2.265123e-05 2.265962e-05 2.266241e-05 
2.264283e-05 2.264004e-05 2.263166e-05 2.261769e-05 2.259815e-05 2.257303e-05 2.254234e-05 2.250609e-05 2.246429e-05 2.241694e-05 2.236406e-05 2.230566e-05 2.224176e-05 2.217238e-05 2.209752e-05 2.201721e-05 2.193147e-05 2.184031e-05 2.174377e-05 2.164186e-05 2.153461e-05 2.142205e-05 2.130420e-05 2.118110e-05 2.105277e-05 2.091925e-05 2.078056e-05 2.063675e-05 2.048785e-05 2.033389e-05 2.017491e-05 2.001096e-05 1.984206e-05 1.966828e-05 1.948964e-05 1.930619e-05 1.911797e-05 1.892505e-05 1.872745e-05 1.852523e-05 1.831844e-05 1.810712e-05 1.789135e-05 1.767115e-05 1.744660e-05 1.721774e-05 1.698464e-05 1.674734e-05 1.650591e-05 1.626041e-05 1.601090e-05 1.575744e-05 1.550008e-05 1.523891e-05 1.497397e-05 1.470534e-05 1.443308e-05 1.415726e-05 1.387795e-05 1.359521e-05 1.330912e-05 1.301975e-05 1.272716e-05 1.243143e-05 1.213264e-05 1.183085e-05 1.152614e-05 1.121859e-05 1.090827e-05 1.059526e-05 1.027963e-05 9.961468e-06 9.640849e-06 9.317850e-06 8.992553e-06 8.665036e-06 8.335382e-06 8.003671e-06 7.669986e-06 7.334407e-06 6.997020e-06 6.657905e-06 6.317149e-06 5.974833e-06 5.631043e-06 5.285864e-06 4.939381e-06 4.591679e-06 4.242843e-06 3.892962e-06 3.542119e-06 3.190403e-06 2.837899e-06 2.484695e-06 2.130879e-06 1.776536e-06 1.421755e-06 1.066623e-06 7.112285e-07 3.556581e-07 1.197174e-15 3.556581e-07 7.112285e-07 1.066623e-06 1.421755e-06 1.776536e-06 2.130879e-06 2.484695e-06 2.837899e-06 3.190403e-06 3.542119e-06 3.892962e-06 4.242843e-06 4.591679e-06 4.939381e-06 5.285864e-06 5.631043e-06 5.974833e-06 6.317149e-06 6.657905e-06 6.997020e-06 7.334407e-06 7.669986e-06 8.003671e-06 8.335382e-06 8.665036e-06 8.992553e-06 9.317850e-06 9.640849e-06 9.961468e-06 1.027963e-05 1.059526e-05 1.090827e-05 1.121859e-05 1.152614e-05 1.183085e-05 1.213264e-05 1.243143e-05 1.272716e-05 1.301975e-05 1.330912e-05 1.359521e-05 1.387795e-05 1.415726e-05 1.443308e-05 1.470534e-05 1.497397e-05 1.523891e-05 1.550008e-05 1.575744e-05 1.601090e-05 1.626041e-05 1.650591e-05 1.674734e-05 1.698464e-05 1.721774e-05 1.744660e-05 1.767115e-05 1.789135e-05 1.810712e-05 1.831844e-05 1.852523e-05 1.872745e-05 1.892505e-05 1.911797e-05 1.930619e-05 1.948964e-05 1.966828e-05 1.984206e-05 2.001096e-05 2.017491e-05 2.033389e-05 2.048785e-05 2.063675e-05 2.078056e-05 2.091925e-05 2.105277e-05 2.118110e-05 2.130420e-05 2.142205e-05 2.153461e-05 2.164186e-05 2.174377e-05 2.184031e-05 2.193147e-05 2.201721e-05 2.209752e-05 2.217238e-05 2.224176e-05 2.230566e-05 2.236406e-05 2.241694e-05 2.246429e-05 2.250609e-05 2.254234e-05 2.257303e-05 2.259815e-05 2.261769e-05 2.263166e-05 2.264004e-05 2.264283e-05 
2.261766e-05 2.261487e-05 2.260650e-05 2.259255e-05 2.257303e-05 2.254794e-05 2.251728e-05 2.248107e-05 2.243931e-05 2.239202e-05 2.233920e-05 2.228087e-05 2.221704e-05 2.214773e-05 2.207296e-05 2.199273e-05 2.190709e-05 2.181603e-05 2.171960e-05 2.161780e-05 2.151067e-05 2.139824e-05 2.128052e-05 2.115756e-05 2.102937e-05 2.089599e-05 2.075746e-05 2.061381e-05 2.046507e-05 2.031128e-05 2.015248e-05 1.998871e-05 1.982001e-05 1.964641e-05 1.946797e-05 1.928473e-05 1.909672e-05 1.890401e-05 1.870663e-05 1.850463e-05 1.829807e-05 1.808700e-05 1.787146e-05 1.765151e-05 1.742721e-05 1.719860e-05 1.696576e-05 1.672873e-05 1.648757e-05 1.624234e-05 1.599310e-05 1.573992e-05 1.548285e-05 1.522197e-05 1.495733e-05 1.468900e-05 1.441704e-05 1.414153e-05 1.386252e-05 1.358010e-05 1.329433e-05 1.300527e-05 1.271301e-05 1.241761e-05 1.211915e-05 1.181770e-05 1.151333e-05 1.120612e-05 1.089614e-05 1.058348e-05 1.026820e-05 9.950395e-06 9.630132e-06 9.307493e-06 8.982557e-06 8.655404e-06 8.326117e-06 7.994774e-06 7.661460e-06 7.326255e-06 6.989242e-06 6.650505e-06 6.310126e-06 5.968191e-06 5.624784e-06 5.279988e-06 4.933890e-06 4.586574e-06 4.238127e-06 3.888634e-06 3.538182e-06 3.186856e-06 2.834745e-06 2.481934e-06 2.128510e-06 1.774561e-06 1.420175e-06 1.065438e-06 7.104379e-07 3.552628e-07 4.795052e-15 3.552628e-07 7.104379e-07 1.065438e-06 1.420175e-06 1.774561e-06 2.128510e-06 2.481934e-06 2.834745e-06 3.186856e-06 3.538182e-06 3.888634e-06 4.238127e-06 4.586574e-06 4.933890e-06 5.279988e-06 5.624784e-06 5.968191e-06 6.310126e-06 6.650505e-06 6.989242e-06 7.326255e-06 7.661460e-06 7.994774e-06 8.326117e-06 8.655404e-06 8.982557e-06 9.307493e-06 9.630132e-06 9.950395e-06 1.026820e-05 1.058348e-05 1.089614e-05 1.120612e-05 1.151333e-05 1.181770e-05 1.211915e-05 1.241761e-05 1.271301e-05 1.300527e-05 1.329433e-05 1.358010e-05 1.386252e-05 1.414153e-05 1.441704e-05 1.468900e-05 1.495733e-05 1.522197e-05 1.548285e-05 1.573992e-05 1.599310e-05 1.624234e-05 1.648757e-05 1.672873e-05 1.696576e-05 1.719860e-05 1.742721e-05 1.765151e-05 1.787146e-05 1.808700e-05 1.829807e-05 1.850463e-05 1.870663e-05 1.890401e-05 1.909672e-05 1.928473e-05 1.946797e-05 1.964641e-05 1.982001e-05 1.998871e-05 2.015248e-05 2.031128e-05 2.046507e-05 2.061381e-05 2.075746e-05 2.089599e-05 2.102937e-05 2.115756e-05 2.128052e-05 2.139824e-05 2.151067e-05 2.161780e-05 2.171960e-05 2.181603e-05 2.190709e-05 2.199273e-05 2.207296e-05 2.214773e-05 2.221704e-05 2.228087e-05 2.233920e-05 2.239202e-05 2.243931e-05 2.248107e-05 2.251728e-05 2.254794e-05 2.257303e-05 2.259255e-05 2.260650e-05 2.261487e-05 2.261766e-05 
2.258691e-05 2.258413e-05 2.257577e-05 2.256184e-05 2.254234e-05 2.251728e-05 2.248667e-05 2.245051e-05 2.240881e-05 2.236158e-05 2.230883e-05 2.225058e-05 2.218684e-05 2.211762e-05 2.204295e-05 2.196283e-05 2.187730e-05 2.178637e-05 2.169007e-05 2.158841e-05 2.148143e-05 2.136915e-05 2.125159e-05 2.112879e-05 2.100078e-05 2.086759e-05 2.072924e-05 2.058579e-05 2.043725e-05 2.028367e-05 2.012509e-05 1.996154e-05 1.979306e-05 1.961970e-05 1.944150e-05 1.925851e-05 1.907076e-05 1.887831e-05 1.868120e-05 1.847948e-05 1.827320e-05 1.806241e-05 1.784716e-05 1.762751e-05 1.740351e-05 1.717522e-05 1.694269e-05 1.670598e-05 1.646515e-05 1.622026e-05 1.597136e-05 1.571852e-05 1.546181e-05 1.520127e-05 1.493699e-05 1.466903e-05 1.439744e-05 1.412230e-05 1.384368e-05 1.356164e-05 1.327625e-05 1.298759e-05 1.269573e-05 1.240073e-05 1.210267e-05 1.180163e-05 1.149767e-05 1.119088e-05 1.088133e-05 1.056909e-05 1.025424e-05 9.936867e-06 9.617039e-06 9.294838e-06 8.970344e-06 8.643637e-06 8.314797e-06 7.983905e-06 7.651043e-06 7.316294e-06 6.979740e-06 6.641463e-06 6.301547e-06 5.960077e-06 5.617137e-06 5.272810e-06 4.927182e-06 4.580339e-06 4.232365e-06 3.883347e-06 3.533371e-06 3.182524e-06 2.830891e-06 2.478559e-06 2.125616e-06 1.772149e-06 1.418244e-06 1.063989e-06 7.094720e-07 3.547798e-07 3.096833e-15 3.547798e-07 7.094720e-07 1.063989e-06 1.418244e-06 1.772149e-06 2.125616e-06 2.478559e-06 2.830891e-06 3.182524e-06 3.533371e-06 3.883347e-06 4.232365e-06 4.580339e-06 4.927182e-06 5.272810e-06 5.617137e-06 5.960077e-06 6.301547e-06 6.641463e-06 6.979740e-06 7.316294e-06 7.651043e-06 7.983905e-06 8.314797e-06 8.643637e-06 8.970344e-06 9.294838e-06 9.617039e-06 9.936867e-06 1.025424e-05 1.056909e-05 1.088133e-05 1.119088e-05 1.149767e-05 1.180163e-05 1.210267e-05 1.240073e-05 1.269573e-05 1.298759e-05 1.327625e-05 1.356164e-05 1.384368e-05 1.412230e-05 1.439744e-05 1.466903e-05 1.493699e-05 1.520127e-05 1.546181e-05 1.571852e-05 1.597136e-05 1.622026e-05 1.646515e-05 1.670598e-05 1.694269e-05 1.717522e-05 1.740351e-05 1.762751e-05 1.784716e-05 1.806241e-05 1.827320e-05 1.847948e-05 1.868120e-05 1.887831e-05 1.907076e-05 1.925851e-05 1.944150e-05 1.961970e-05 1.979306e-05 1.996154e-05 2.012509e-05 2.028367e-05 2.043725e-05 2.058579e-05 2.072924e-05 2.086759e-05 2.100078e-05 2.112879e-05 2.125159e-05 2.136915e-05 2.148143e-05 2.158841e-05 2.169007e-05 2.178637e-05 2.187730e-05 2.196283e-05 2.204295e-05 2.211762e-05 2.218684e-05 2.225058e-05 2.230883e-05 2.236158e-05 2.240881e-05 2.245051e-05 2.248667e-05 2.251728e-05 2.254234e-05 2.256184e-05 2.257577e-05 2.258413e-05 2.258691e-05 
2.255059e-05 2.254781e-05 2.253946e-05 2.252555e-05 2.250609e-05 2.248107e-05 2.245051e-05 2.241440e-05 2.237277e-05 2.232562e-05 2.227295e-05 2.221480e-05 2.215116e-05 2.208205e-05 2.200750e-05 2.192751e-05 2.184212e-05 2.175134e-05 2.165519e-05 2.155370e-05 2.144688e-05 2.133478e-05 2.121742e-05 2.109481e-05 2.096701e-05 2.083403e-05 2.069591e-05 2.055268e-05 2.040438e-05 2.025105e-05 2.009272e-05 1.992944e-05 1.976123e-05 1.958815e-05 1.941024e-05 1.922754e-05 1.904009e-05 1.884795e-05 1.865115e-05 1.844976e-05 1.824381e-05 1.803336e-05 1.781846e-05 1.759917e-05 1.737553e-05 1.714760e-05 1.691545e-05 1.667912e-05 1.643867e-05 1.619417e-05 1.594567e-05 1.569324e-05 1.543694e-05 1.517683e-05 1.491297e-05 1.464544e-05 1.437429e-05 1.409959e-05 1.382141e-05 1.353983e-05 1.325490e-05 1.296671e-05 1.267531e-05 1.238079e-05 1.208321e-05 1.178265e-05 1.147918e-05 1.117288e-05 1.086383e-05 1.055209e-05 1.023775e-05 9.920887e-06 9.601574e-06 9.279891e-06 8.955919e-06 8.629737e-06 8.301425e-06 7.971066e-06 7.638739e-06 7.304528e-06 6.968515e-06 6.630782e-06 6.291414e-06 5.950493e-06 5.608103e-06 5.264330e-06 4.919259e-06 4.572973e-06 4.225559e-06 3.877102e-06 3.527689e-06 3.177406e-06 2.826338e-06 2.474573e-06 2.122198e-06 1.769299e-06 1.415963e-06 1.062278e-06 7.083311e-07 3.542093e-07 4.368474e-15 3.542092e-07 7.083311e-07 1.062278e-06 1.415963e-06 1.769299e-06 2.122198e-06 2.474573e-06 2.826338e-06 3.177406e-06 3.527689e-06 3.877102e-06 4.225559e-06 4.572973e-06 4.919258e-06 5.264330e-06 5.608103e-06 5.950493e-06 6.291414e-06 6.630782e-06 6.968515e-06 7.304528e-06 7.638739e-06 7.971066e-06 8.301425e-06 8.629737e-06 8.955919e-06 9.279891e-06 9.601574e-06 9.920887e-06 1.023775e-05 1.055209e-05 1.086383e-05 1.117288e-05 1.147918e-05 1.178265e-05 1.208321e-05 1.238079e-05 1.267531e-05 1.296671e-05 1.325490e-05 1.353983e-05 1.382141e-05 1.409959e-05 1.437429e-05 1.464544e-05 1.491297e-05 1.517683e-05 1.543694e-05 1.569324e-05 1.594567e-05 1.619417e-05 1.643867e-05 1.667912e-05 1.691545e-05 1.714760e-05 1.737553e-05 1.759917e-05 1.781846e-05 1.803336e-05 1.824381e-05 1.844976e-05 1.865115e-05 1.884795e-05 1.904009e-05 1.922754e-05 1.941024e-05 1.958815e-05 1.976123e-05 1.992944e-05 2.009272e-05 2.025105e-05 2.040438e-05 2.055268e-05 2.069591e-05 2.083403e-05 2.096701e-05 2.109481e-05 2.121742e-05 2.133478e-05 2.144688e-05 2.155370e-05 2.165519e-05 2.175134e-05 2.184212e-05 2.192751e-05 2.200750e-05 2.208205e-05 2.215116e-05 2.221480e-05 2.227295e-05 2.232562e-05 2.237277e-05 2.241440e-05 2.245051e-05 2.248107e-05 2.250609e-05 2.252555e-05 2.253946e-05 2.254781e-05 2.255059e-05 
2.250870e-05 2.250592e-05 2.249759e-05 2.248371e-05 2.246429e-05 2.243931e-05 2.240881e-05 2.237277e-05 2.233121e-05 2.228415e-05 2.223158e-05 2.217353e-05 2.211001e-05 2.204103e-05 2.196662e-05 2.188678e-05 2.180155e-05 2.171094e-05 2.161496e-05 2.151366e-05 2.140705e-05 2.129515e-05 2.117800e-05 2.105563e-05 2.092806e-05 2.079533e-05 2.065746e-05 2.051450e-05 2.036648e-05 2.021343e-05 2.005540e-05 1.989242e-05 1.972453e-05 1.955177e-05 1.937419e-05 1.919182e-05 1.900473e-05 1.881294e-05 1.861651e-05 1.841549e-05 1.820992e-05 1.799986e-05 1.778536e-05 1.756648e-05 1.734325e-05 1.711575e-05 1.688403e-05 1.664814e-05 1.640814e-05 1.616409e-05 1.591606e-05 1.566409e-05 1.540827e-05 1.514864e-05 1.488527e-05 1.461823e-05 1.434759e-05 1.407340e-05 1.379574e-05 1.351468e-05 1.323028e-05 1.294262e-05 1.265177e-05 1.235779e-05 1.206077e-05 1.176076e-05 1.145786e-05 1.115213e-05 1.084365e-05 1.053249e-05 1.021874e-05 9.902459e-06 9.583739e-06 9.262654e-06 8.939283e-06 8.613707e-06 8.286006e-06 7.956260e-06 7.624551e-06 7.290960e-06 6.955571e-06 6.618466e-06 6.279728e-06 5.939440e-06 5.597686e-06 5.254552e-06 4.910121e-06 4.564479e-06 4.217710e-06 3.869901e-06 3.521137e-06 3.171504e-06 2.821088e-06 2.469977e-06 2.118256e-06 1.766012e-06 1.413333e-06 1.060305e-06 7.070154e-07 3.535513e-07 2.052721e-15 3.535513e-07 7.070154e-07 1.060305e-06 1.413333e-06 1.766012e-06 2.118256e-06 2.469977e-06 2.821088e-06 3.171504e-06 3.521137e-06 3.869901e-06 4.217710e-06 4.564479e-06 4.910121e-06 5.254552e-06 5.597686e-06 5.939440e-06 6.279728e-06 6.618466e-06 6.955571e-06 7.290960e-06 7.624551e-06 7.956260e-06 8.286006e-06 8.613707e-06 8.939283e-06 9.262654e-06 9.583739e-06 9.902459e-06 1.021874e-05 1.053249e-05 1.084365e-05 1.115213e-05 1.145786e-05 1.176076e-05 1.206077e-05 1.235779e-05 1.265177e-05 1.294262e-05 1.323028e-05 1.351468e-05 1.379574e-05 1.407340e-05 1.434759e-05 1.461823e-05 1.488527e-05 1.514864e-05 1.540827e-05 1.566409e-05 1.591606e-05 1.616409e-05 1.640814e-05 1.664814e-05 1.688403e-05 1.711575e-05 1.734325e-05 1.756648e-05 1.778536e-05 1.799986e-05 1.820992e-05 1.841549e-05 1.861651e-05 1.881294e-05 1.900473e-05 1.919182e-05 1.937419e-05 1.955177e-05 1.972453e-05 1.989242e-05 2.005540e-05 2.021343e-05 2.036648e-05 2.051450e-05 2.065746e-05 2.079533e-05 2.092806e-05 2.105563e-05 2.117800e-05 2.129515e-05 2.140705e-05 2.151366e-05 2.161496e-05 2.171094e-05 2.180155e-05 2.188678e-05 2.196662e-05 2.204103e-05 2.211001e-05 2.217353e-05 2.223158e-05 2.228415e-05 2.233121e-05 2.237277e-05 2.240881e-05 2.243931e-05 2.246429e-05 2.248371e-05 2.249759e-05 2.250592e-05 2.250870e-05 
2.246126e-05 2.245849e-05 2.245018e-05 2.243633e-05 2.241694e-05 2.239202e-05 2.236158e-05 2.232562e-05 2.228415e-05 2.223718e-05 2.218473e-05 2.212680e-05 2.206341e-05 2.199458e-05 2.192032e-05 2.184065e-05 2.175560e-05 2.166518e-05 2.156941e-05 2.146832e-05 2.136193e-05 2.125027e-05 2.113337e-05 2.101125e-05 2.088395e-05 2.075150e-05 2.061393e-05 2.047127e-05 2.032356e-05 2.017083e-05 2.001313e-05 1.985049e-05 1.968295e-05 1.951056e-05 1.933335e-05 1.915137e-05 1.896467e-05 1.877329e-05 1.857727e-05 1.837667e-05 1.817154e-05 1.796193e-05 1.774788e-05 1.752945e-05 1.730670e-05 1.707968e-05 1.684844e-05 1.661305e-05 1.637355e-05 1.613002e-05 1.588251e-05 1.563108e-05 1.537579e-05 1.511671e-05 1.485390e-05 1.458742e-05 1.431735e-05 1.404374e-05 1.376667e-05 1.348620e-05 1.320240e-05 1.291534e-05 1.262510e-05 1.233174e-05 1.203535e-05 1.173598e-05 1.143371e-05 1.112863e-05 1.082079e-05 1.051029e-05 1.019720e-05 9.881588e-06 9.563540e-06 9.243131e-06 8.920442e-06 8.595552e-06 8.268542e-06 7.939491e-06 7.608481e-06 7.275594e-06 6.940911e-06 6.604516e-06 6.266492e-06 5.926921e-06 5.585888e-06 5.243477e-06 4.899772e-06 4.554858e-06 4.208821e-06 3.861744e-06 3.513715e-06 3.164819e-06 2.815142e-06 2.464771e-06 2.113791e-06 1.762290e-06 1.410354e-06 1.058070e-06 7.055253e-07 3.528062e-07 3.756335e-15 3.528061e-07 7.055252e-07 1.058070e-06 1.410354e-06 1.762290e-06 2.113791e-06 2.464771e-06 2.815142e-06 3.164819e-06 3.513715e-06 3.861744e-06 4.208821e-06 4.554858e-06 4.899772e-06 5.243477e-06 5.585888e-06 5.926921e-06 6.266492e-06 6.604516e-06 6.940911e-06 7.275594e-06 7.608481e-06 7.939491e-06 8.268542e-06 8.595552e-06 8.920442e-06 9.243131e-06 9.563540e-06 9.881588e-06 1.019720e-05 1.051029e-05 1.082079e-05 1.112863e-05 1.143371e-05 1.173598e-05 1.203535e-05 1.233174e-05 1.262510e-05 1.291534e-05 1.320240e-05 1.348620e-05 1.376667e-05 1.404374e-05 1.431735e-05 1.458742e-05 1.485390e-05 1.511671e-05 1.537579e-05 1.563108e-05 1.588251e-05 1.613002e-05 1.637355e-05 1.661305e-05 1.684844e-05 1.707968e-05 1.730670e-05 1.752945e-05 1.774788e-05 1.796193e-05 1.817154e-05 1.837667e-05 1.857727e-05 1.877329e-05 1.896467e-05 1.915137e-05 1.933335e-05 1.951056e-05 1.968295e-05 1.985049e-05 2.001313e-05 2.017083e-05 2.032356e-05 2.047127e-05 2.061393e-05 2.075150e-05 2.088395e-05 2.101125e-05 2.113337e-05 2.125027e-05 2.136193e-05 2.146832e-05 2.156941e-05 2.166518e-05 2.175560e-05 2.184065e-05 2.192032e-05 2.199458e-05 2.206341e-05 2.212680e-05 2.218473e-05 2.223718e-05 2.228415e-05 2.232562e-05 2.236158e-05 2.239202e-05 2.241694e-05 2.243633e-05 2.245018e-05 2.245849e-05 2.246126e-05 
2.240828e-05 2.240551e-05 2.239722e-05 2.238340e-05 2.236406e-05 2.233920e-05 2.230883e-05 2.227295e-05 2.223158e-05 2.218473e-05 2.213239e-05 2.207460e-05 2.201137e-05 2.194270e-05 2.186861e-05 2.178914e-05 2.170428e-05 2.161407e-05 2.151853e-05 2.141768e-05 2.131154e-05 2.120014e-05 2.108352e-05 2.096169e-05 2.083469e-05 2.070255e-05 2.056530e-05 2.042298e-05 2.027562e-05 2.012325e-05 1.996592e-05 1.980367e-05 1.963652e-05 1.946454e-05 1.928775e-05 1.910620e-05 1.891993e-05 1.872900e-05 1.853345e-05 1.833333e-05 1.812868e-05 1.791956e-05 1.770601e-05 1.748810e-05 1.726587e-05 1.703939e-05 1.680870e-05 1.657386e-05 1.633493e-05 1.609197e-05 1.584505e-05 1.559421e-05 1.533952e-05 1.508105e-05 1.481886e-05 1.455301e-05 1.428357e-05 1.401061e-05 1.373419e-05 1.345438e-05 1.317126e-05 1.288488e-05 1.259532e-05 1.230266e-05 1.200696e-05 1.170829e-05 1.140674e-05 1.110238e-05 1.079527e-05 1.048550e-05 1.017315e-05 9.858279e-06 9.540981e-06 9.221328e-06 8.899400e-06 8.575277e-06 8.249037e-06 7.920763e-06 7.590534e-06 7.258432e-06 6.924539e-06 6.588937e-06 6.251710e-06 5.912941e-06 5.572712e-06 5.231109e-06 4.888214e-06 4.544114e-06 4.198893e-06 3.852635e-06 3.505427e-06 3.157354e-06 2.808502e-06 2.458957e-06 2.108805e-06 1.758133e-06 1.407027e-06 1.055574e-06 7.038610e-07 3.519739e-07 2.687875e-15 3.519739e-07 7.038610e-07 1.055574e-06 1.407027e-06 1.758133e-06 2.108805e-06 2.458957e-06 2.808502e-06 3.157354e-06 3.505427e-06 3.852635e-06 4.198893e-06 4.544114e-06 4.888214e-06 5.231109e-06 5.572712e-06 5.912941e-06 6.251710e-06 6.588937e-06 6.924539e-06 7.258432e-06 7.590534e-06 7.920763e-06 8.249037e-06 8.575277e-06 8.899400e-06 9.221328e-06 9.540981e-06 9.858279e-06 1.017315e-05 1.048550e-05 1.079527e-05 1.110238e-05 1.140674e-05 1.170829e-05 1.200696e-05 1.230266e-05 1.259532e-05 1.288488e-05 1.317126e-05 1.345438e-05 1.373419e-05 1.401061e-05 1.428357e-05 1.455301e-05 1.481886e-05 1.508105e-05 1.533952e-05 1.559421e-05 1.584505e-05 1.609197e-05 1.633493e-05 1.657386e-05 1.680870e-05 1.703939e-05 1.726587e-05 1.748810e-05 1.770601e-05 1.791956e-05 1.812868e-05 1.833333e-05 1.853345e-05 1.872900e-05 1.891993e-05 1.910620e-05 1.928775e-05 1.946454e-05 1.963652e-05 1.980367e-05 1.996592e-05 2.012325e-05 2.027562e-05 2.042298e-05 2.056530e-05 2.070255e-05 2.083469e-05 2.096169e-05 2.108352e-05 2.120014e-05 2.131154e-05 2.141768e-05 2.151853e-05 2.161407e-05 2.170428e-05 2.178914e-05 2.186861e-05 2.194270e-05 2.201137e-05 2.207460e-05 2.213239e-05 2.218473e-05 2.223158e-05 2.227295e-05 2.230883e-05 2.233920e-05 2.236406e-05 2.238340e-05 2.239722e-05 2.240551e-05 2.240828e-05 
2.234977e-05 2.234701e-05 2.233874e-05 2.232496e-05 2.230566e-05 2.228087e-05 2.225058e-05 2.221480e-05 2.217353e-05 2.212680e-05 2.207460e-05 2.201696e-05 2.195389e-05 2.188540e-05 2.181151e-05 2.173224e-05 2.164761e-05 2.155763e-05 2.146234e-05 2.136175e-05 2.125589e-05 2.114479e-05 2.102847e-05 2.090696e-05 2.078029e-05 2.064849e-05 2.051160e-05 2.036965e-05 2.022267e-05 2.007071e-05 1.991379e-05 1.975196e-05 1.958525e-05 1.941371e-05 1.923738e-05 1.905631e-05 1.887053e-05 1.868010e-05 1.848506e-05 1.828546e-05 1.808134e-05 1.787277e-05 1.765978e-05 1.744244e-05 1.722079e-05 1.699490e-05 1.676481e-05 1.653058e-05 1.629228e-05 1.604996e-05 1.580367e-05 1.555349e-05 1.529947e-05 1.504167e-05 1.478017e-05 1.451501e-05 1.424628e-05 1.397403e-05 1.369833e-05 1.341925e-05 1.313686e-05 1.285123e-05 1.256243e-05 1.227053e-05 1.197560e-05 1.167772e-05 1.137696e-05 1.107339e-05 1.076708e-05 1.045812e-05 1.014658e-05 9.832538e-06 9.516068e-06 9.197250e-06 8.876163e-06 8.552885e-06 8.227498e-06 7.900080e-06 7.570713e-06 7.239479e-06 6.906458e-06 6.571733e-06 6.235386e-06 5.897501e-06 5.558161e-06 5.217449e-06 4.875450e-06 4.532249e-06 4.187929e-06 3.842575e-06 3.496274e-06 3.149110e-06 2.801168e-06 2.452536e-06 2.103299e-06 1.753542e-06 1.403353e-06 1.052818e-06 7.020231e-07 3.510549e-07 4.431415e-15 3.510549e-07 7.020231e-07 1.052818e-06 1.403353e-06 1.753542e-06 2.103299e-06 2.452536e-06 2.801168e-06 3.149110e-06 3.496274e-06 3.842575e-06 4.187929e-06 4.532249e-06 4.875450e-06 5.217449e-06 5.558161e-06 5.897501e-06 6.235386e-06 6.571733e-06 6.906458e-06 7.239479e-06 7.570713e-06 7.900080e-06 8.227498e-06 8.552885e-06 8.876163e-06 9.197250e-06 9.516068e-06 9.832538e-06 1.014658e-05 1.045812e-05 1.076708e-05 1.107339e-05 1.137696e-05 1.167772e-05 1.197560e-05 1.227053e-05 1.256243e-05 1.285123e-05 1.313686e-05 1.341925e-05 1.369833e-05 1.397403e-05 1.424628e-05 1.451501e-05 1.478017e-05 1.504167e-05 1.529947e-05 1.555349e-05 1.580367e-05 1.604996e-05 1.629228e-05 1.653058e-05 1.676481e-05 1.699490e-05 1.722079e-05 1.744244e-05 1.765978e-05 1.787277e-05 1.808134e-05 1.828546e-05 1.848506e-05 1.868010e-05 1.887053e-05 1.905631e-05 1.923738e-05 1.941371e-05 1.958525e-05 1.975196e-05 1.991379e-05 2.007071e-05 2.022267e-05 2.036965e-05 2.051160e-05 2.064849e-05 2.078029e-05 2.090696e-05 2.102847e-05 2.114479e-05 2.125589e-05 2.136175e-05 2.146234e-05 2.155763e-05 2.164761e-05 2.173224e-05 2.181151e-05 2.188540e-05 2.195389e-05 2.201696e-05 2.207460e-05 2.212680e-05 2.217353e-05 2.221480e-05 2.225058e-05 2.228087e-05 2.230566e-05 2.232496e-05 2.233874e-05 2.234701e-05 2.234977e-05 
2.228574e-05 2.228299e-05 2.227474e-05 2.226100e-05 2.224176e-05 2.221704e-05 2.218684e-05 2.215116e-05 2.211001e-05 2.206341e-05 2.201137e-05 2.195389e-05 2.189100e-05 2.182271e-05 2.174903e-05 2.166998e-05 2.158559e-05 2.149588e-05 2.140086e-05 2.130055e-05 2.119500e-05 2.108421e-05 2.096822e-05 2.084706e-05 2.072076e-05 2.058934e-05 2.045284e-05 2.031130e-05 2.016474e-05 2.001321e-05 1.985674e-05 1.969537e-05 1.952914e-05 1.935810e-05 1.918227e-05 1.900172e-05 1.881647e-05 1.862659e-05 1.843210e-05 1.823307e-05 1.802954e-05 1.782156e-05 1.760919e-05 1.739247e-05 1.717146e-05 1.694621e-05 1.671678e-05 1.648323e-05 1.624561e-05 1.600398e-05 1.575840e-05 1.550893e-05 1.525564e-05 1.499858e-05 1.473782e-05 1.447343e-05 1.420547e-05 1.393400e-05 1.365909e-05 1.338081e-05 1.309923e-05 1.281442e-05 1.252644e-05 1.223538e-05 1.194130e-05 1.164427e-05 1.134436e-05 1.104166e-05 1.073624e-05 1.042816e-05 1.011751e-05 9.804370e-06 9.488807e-06 9.170902e-06 8.850735e-06 8.528384e-06 8.203928e-06 7.877449e-06 7.549025e-06 7.218739e-06 6.886672e-06 6.552906e-06 6.217523e-06 5.880606e-06 5.542238e-06 5.202503e-06 4.861484e-06 4.519265e-06 4.175931e-06 3.831567e-06 3.486258e-06 3.140088e-06 2.793144e-06 2.445510e-06 2.097273e-06 1.748519e-06 1.399333e-06 1.049802e-06 7.000120e-07 3.500492e-07 1.957855e-15 3.500492e-07 7.000120e-07 1.049802e-06 1.399333e-06 1.748519e-06 2.097273e-06 2.445510e-06 2.793144e-06 3.140088e-06 3.486258e-06 3.831567e-06 4.175931e-06 4.519265e-06 4.861484e-06 5.202503e-06 5.542238e-06 5.880606e-06 6.217523e-06 6.552906e-06 6.886672e-06 7.218739e-06 7.549025e-06 7.877449e-06 8.203928e-06 8.528384e-06 8.850735e-06 9.170902e-06 9.488807e-06 9.804370e-06 1.011751e-05 1.042816e-05 1.073624e-05 1.104166e-05 1.134436e-05 1.164427e-05 1.194130e-05 1.223538e-05 1.252644e-05 1.281442e-05 1.309923e-05 1.338081e-05 1.365909e-05 1.393400e-05 1.420547e-05 1.447343e-05 1.473782e-05 1.499858e-05 1.525564e-05 1.550893e-05 1.575840e-05 1.600398e-05 1.624561e-05 1.648323e-05 1.671678e-05 1.694621e-05 1.717146e-05 1.739247e-05 1.760919e-05 1.782156e-05 1.802954e-05 1.823307e-05 1.843210e-05 1.862659e-05 1.881647e-05 1.900172e-05 1.918227e-05 1.935810e-05 1.952914e-05 1.969537e-05 1.985674e-05 2.001321e-05 2.016474e-05 2.031130e-05 2.045284e-05 2.058934e-05 2.072076e-05 2.084706e-05 2.096822e-05 2.108421e-05 2.119500e-05 2.130055e-05 2.140086e-05 2.149588e-05 2.158559e-05 2.166998e-05 2.174903e-05 2.182271e-05 2.189100e-05 2.195389e-05 2.201137e-05 2.206341e-05 2.211001e-05 2.215116e-05 2.218684e-05 2.221704e-05 2.224176e-05 2.226100e-05 2.227474e-05 2.228299e-05 2.228574e-05 
2.221622e-05 2.221347e-05 2.220525e-05 2.219155e-05 2.217238e-05 2.214773e-05 2.211762e-05 2.208205e-05 2.204103e-05 2.199458e-05 2.194270e-05 2.188540e-05 2.182271e-05 2.175462e-05 2.168118e-05 2.160238e-05 2.151825e-05 2.142882e-05 2.133409e-05 2.123410e-05 2.112888e-05 2.101844e-05 2.090281e-05 2.078203e-05 2.065611e-05 2.052511e-05 2.038903e-05 2.024793e-05 2.010183e-05 1.995077e-05 1.979479e-05 1.963393e-05 1.946822e-05 1.929770e-05 1.912243e-05 1.894244e-05 1.875777e-05 1.856848e-05 1.837460e-05 1.817619e-05 1.797330e-05 1.776597e-05 1.755425e-05 1.733821e-05 1.711789e-05 1.689334e-05 1.666463e-05 1.643180e-05 1.619492e-05 1.595405e-05 1.570924e-05 1.546055e-05 1.520805e-05 1.495179e-05 1.469185e-05 1.442828e-05 1.416115e-05 1.389053e-05 1.361648e-05 1.333907e-05 1.305836e-05 1.277444e-05 1.248737e-05 1.219721e-05 1.190404e-05 1.160794e-05 1.130897e-05 1.100722e-05 1.070274e-05 1.039563e-05 1.008595e-05 9.773783e-06 9.459205e-06 9.142292e-06 8.823123e-06 8.501778e-06 8.178334e-06 7.852873e-06 7.525475e-06 7.196219e-06 6.865188e-06 6.532463e-06 6.198127e-06 5.862261e-06 5.524948e-06 5.186273e-06 4.846317e-06 4.505166e-06 4.162904e-06 3.819614e-06 3.475382e-06 3.130292e-06 2.784430e-06 2.437881e-06 2.090731e-06 1.743064e-06 1.394968e-06 1.046527e-06 6.978282e-07 3.489572e-07 4.131634e-15 3.489571e-07 6.978282e-07 1.046527e-06 1.394968e-06 1.743064e-06 2.090731e-06 2.437881e-06 2.784430e-06 3.130292e-06 3.475382e-06 3.819614e-06 4.162904e-06 4.505166e-06 4.846317e-06 5.186273e-06 5.524948e-06 5.862261e-06 6.198127e-06 6.532463e-06 6.865188e-06 7.196219e-06 7.525475e-06 7.852873e-06 8.178334e-06 8.501778e-06 8.823123e-06 9.142292e-06 9.459204e-06 9.773783e-06 1.008595e-05 1.039563e-05 1.070274e-05 1.100722e-05 1.130897e-05 1.160794e-05 1.190404e-05 1.219721e-05 1.248737e-05 1.277444e-05 1.305836e-05 1.333907e-05 1.361648e-05 1.389053e-05 1.416115e-05 1.442828e-05 1.469185e-05 1.495179e-05 1.520805e-05 1.546055e-05 1.570924e-05 1.595405e-05 1.619492e-05 1.643180e-05 1.666463e-05 1.689334e-05 1.711789e-05 1.733821e-05 1.755425e-05 1.776597e-05 1.797330e-05 1.817619e-05 1.837460e-05 1.856848e-05 1.875777e-05 1.894244e-05 1.912243e-05 1.929770e-05 1.946822e-05 1.963393e-05 1.979479e-05 1.995077e-05 2.010183e-05 2.024793e-05 2.038903e-05 2.052511e-05 2.065611e-05 2.078203e-05 2.090281e-05 2.101844e-05 2.112888e-05 2.123410e-05 2.133409e-05 2.142882e-05 2.151825e-05 2.160238e-05 2.168118e-05 2.175462e-05 2.182271e-05 2.188540e-05 2.194270e-05 2.199458e-05 2.204103e-05 2.208205e-05 2.211762e-05 2.214773e-05 2.217238e-05 2.219155e-05 2.220525e-05 2.221347e-05 2.221622e-05 
2.214121e-05 2.213848e-05 2.213028e-05 2.211663e-05 2.209752e-05 2.207296e-05 2.204295e-05 2.200750e-05 2.196662e-05 2.192032e-05 2.186861e-05 2.181151e-05 2.174903e-05 2.168118e-05 2.160798e-05 2.152945e-05 2.144560e-05 2.135647e-05 2.126206e-05 2.116241e-05 2.105754e-05 2.094747e-05 2.083224e-05 2.071186e-05 2.058638e-05 2.045581e-05 2.032020e-05 2.017957e-05 2.003397e-05 1.988342e-05 1.972796e-05 1.956764e-05 1.940249e-05 1.923255e-05 1.905787e-05 1.887848e-05 1.869444e-05 1.850579e-05 1.831256e-05 1.811482e-05 1.791261e-05 1.770599e-05 1.749499e-05 1.727967e-05 1.706009e-05 1.683631e-05 1.660837e-05 1.637633e-05 1.614025e-05 1.590018e-05 1.565620e-05 1.540835e-05 1.515670e-05 1.490131e-05 1.464224e-05 1.437957e-05 1.411334e-05 1.384363e-05 1.357050e-05 1.329403e-05 1.301428e-05 1.273131e-05 1.244521e-05 1.215603e-05 1.186385e-05 1.156875e-05 1.127079e-05 1.097005e-05 1.066661e-05 1.036053e-05 1.005190e-05 9.740785e-06 9.427268e-06 9.111426e-06 8.793335e-06 8.473074e-06 8.150723e-06 7.826360e-06 7.500067e-06 7.171923e-06 6.842010e-06 6.510408e-06 6.177200e-06 5.842468e-06 5.506295e-06 5.168763e-06 4.829955e-06 4.489956e-06 4.148849e-06 3.806718e-06 3.463648e-06 3.119724e-06 2.775029e-06 2.429650e-06 2.083672e-06 1.737179e-06 1.390258e-06 1.042994e-06 6.954722e-07 3.477790e-07 3.602726e-15 3.477790e-07 6.954722e-07 1.042994e-06 1.390258e-06 1.737179e-06 2.083672e-06 2.429650e-06 2.775029e-06 3.119724e-06 3.463648e-06 3.806718e-06 4.148849e-06 4.489956e-06 4.829955e-06 5.168763e-06 5.506295e-06 5.842468e-06 6.177200e-06 6.510408e-06 6.842010e-06 7.171923e-06 7.500067e-06 7.826360e-06 8.150723e-06 8.473074e-06 8.793335e-06 9.111425e-06 9.427268e-06 9.740785e-06 1.005190e-05 1.036053e-05 1.066661e-05 1.097005e-05 1.127079e-05 1.156875e-05 1.186385e-05 1.215603e-05 1.244521e-05 1.273131e-05 1.301428e-05 1.329403e-05 1.357050e-05 1.384363e-05 1.411334e-05 1.437957e-05 1.464224e-05 1.490131e-05 1.515670e-05 1.540835e-05 1.565620e-05 1.590018e-05 1.614025e-05 1.637633e-05 1.660837e-05 1.683631e-05 1.706009e-05 1.727967e-05 1.749499e-05 1.770599e-05 1.791261e-05 1.811482e-05 1.831256e-05 1.850579e-05 1.869444e-05 1.887848e-05 1.905787e-05 1.923255e-05 1.940249e-05 1.956764e-05 1.972796e-05 1.988342e-05 2.003397e-05 2.017957e-05 2.032020e-05 2.045581e-05 2.058638e-05 2.071186e-05 2.083224e-05 2.094747e-05 2.105754e-05 2.116241e-05 2.126206e-05 2.135647e-05 2.144560e-05 2.152945e-05 2.160798e-05 2.168118e-05 2.174903e-05 2.181151e-05 2.186861e-05 2.192032e-05 2.196662e-05 2.200750e-05 2.204295e-05 2.207296e-05 2.209752e-05 2.211663e-05 2.213028e-05 2.213848e-05 2.214121e-05 
