1.418969e-04 1.417875e-04 1.414595e-04 1.409134e-04 1.401500e-04 1.391704e-04 1.379763e-04 1.365695e-04 1.349520e-04 1.331265e-04 1.310957e-04 1.288627e-04 1.264311e-04 1.238045e-04 1.209870e-04 1.179830e-04 1.147970e-04 1.114341e-04 1.078993e-04 1.041981e-04 1.003363e-04 9.631975e-05 9.215469e-05 8.784754e-05 8.340493e-05 7.883372e-05 7.414095e-05 6.933386e-05 6.441986e-05 5.940654e-05 5.430161e-05 4.911295e-05 4.384857e-05 3.851657e-05 3.312518e-05 2.768272e-05 2.219757e-05 1.667820e-05 1.113311e-05 5.570848e-06 6.581365e-17 5.570848e-06 1.113311e-05 1.667820e-05 2.219757e-05 2.768272e-05 3.312518e-05 3.851657e-05 4.384857e-05 4.911295e-05 5.430161e-05 5.940654e-05 6.441986e-05 6.933386e-05 7.414095e-05 7.883372e-05 8.340493e-05 8.784754e-05 9.215469e-05 9.631975e-05 1.003363e-04 1.041981e-04 1.078993e-04 1.114341e-04 1.147970e-04 1.179830e-04 1.209870e-04 1.238045e-04 1.264311e-04 1.288627e-04 1.310957e-04 1.331265e-04 1.349520e-04 1.365695e-04 1.379763e-04 1.391704e-04 1.401500e-04 1.409134e-04 1.414595e-04 1.417875e-04 1.418969e-04 
1.417875e-04 1.416782e-04 1.413505e-04 1.408047e-04 1.400419e-04 1.390631e-04 1.378699e-04 1.364642e-04 1.348480e-04 1.330238e-04 1.309946e-04 1.287634e-04 1.263336e-04 1.237091e-04 1.208938e-04 1.178920e-04 1.147085e-04 1.113482e-04 1.078161e-04 1.041178e-04 1.002589e-04 9.624549e-05 9.208364e-05 8.777981e-05 8.334063e-05 7.877294e-05 7.408379e-05 6.928041e-05 6.437020e-05 5.936074e-05 5.425974e-05 4.907509e-05 4.381476e-05 3.848688e-05 3.309965e-05 2.766138e-05 2.218046e-05 1.666534e-05 1.112452e-05 5.566553e-06 4.615850e-16 5.566553e-06 1.112452e-05 1.666534e-05 2.218046e-05 2.766138e-05 3.309965e-05 3.848688e-05 4.381476e-05 4.907509e-05 5.425974e-05 5.936074e-05 6.437020e-05 6.928041e-05 7.408379e-05 7.877294e-05 8.334063e-05 8.777981e-05 9.208364e-05 9.624549e-05 1.002589e-04 1.041178e-04 1.078161e-04 1.113482e-04 1.147085e-04 1.178920e-04 1.208938e-04 1.237091e-04 1.263336e-04 1.287634e-04 1.309946e-04 1.330238e-04 1.348480e-04 1.364642e-04 1.378699e-04 1.390631e-04 1.400419e-04 1.408047e-04 1.413505e-04 1.416782e-04 1.417875e-04 
1.414595e-04 1.413505e-04 1.410234e-04 1.404790e-04 1.397179e-04 1.387414e-04 1.375510e-04 1.361485e-04 1.345360e-04 1.327161e-04 1.306916e-04 1.284655e-04 1.260414e-04 1.234229e-04 1.206141e-04 1.176193e-04 1.144432e-04 1.110906e-04 1.075667e-04 1.038769e-04 1.000270e-04 9.602283e-05 9.187061e-05 8.757673e-05 8.314782e-05 7.859070e-05 7.391240e-05 6.912013e-05 6.422128e-05 5.922341e-05 5.413422e-05 4.896155e-05 4.371340e-05 3.839784e-05 3.302307e-05 2.759738e-05 2.212914e-05 1.662678e-05 1.109879e-05 5.553675e-06 5.870396e-17 5.553675e-06 1.109879e-05 1.662678e-05 2.212914e-05 2.759738e-05 3.302307e-05 3.839784e-05 4.371340e-05 4.896155e-05 5.413422e-05 5.922341e-05 6.422128e-05 6.912013e-05 7.391240e-05 7.859070e-05 8.314782e-05 8.757673e-05 9.187061e-05 9.602283e-05 1.000270e-04 1.038769e-04 1.075667e-04 1.110906e-04 1.144432e-04 1.176193e-04 1.206141e-04 1.234229e-04 1.260414e-04 1.284655e-04 1.306916e-04 1.327161e-04 1.345360e-04 1.361485e-04 1.375510e-04 1.387414e-04 1.397179e-04 1.404790e-04 1.410234e-04 1.413505e-04 1.414595e-04 
1.409134e-04 1.408047e-04 1.404790e-04 1.399366e-04 1.391785e-04 1.382058e-04 1.370199e-04 1.356228e-04 1.340166e-04 1.322037e-04 1.301870e-04 1.279695e-04 1.255547e-04 1.229464e-04 1.201484e-04 1.171652e-04 1.140013e-04 1.106617e-04 1.071514e-04 1.034759e-04 9.964081e-05 9.565211e-05 9.151592e-05 8.723862e-05 8.282681e-05 7.828728e-05 7.362704e-05 6.885327e-05 6.397333e-05 5.899476e-05 5.392522e-05 4.877252e-05 4.354463e-05 3.824959e-05 3.289557e-05 2.749084e-05 2.204371e-05 1.656259e-05 1.105594e-05 5.532233e-06 3.171491e-17 5.532233e-06 1.105594e-05 1.656259e-05 2.204371e-05 2.749084e-05 3.289557e-05 3.824959e-05 4.354463e-05 4.877252e-05 5.392522e-05 5.899476e-05 6.397333e-05 6.885327e-05 7.362704e-05 7.828728e-05 8.282681e-05 8.723862e-05 9.151592e-05 9.565211e-05 9.964081e-05 1.034759e-04 1.071514e-04 1.106617e-04 1.140013e-04 1.171652e-04 1.201484e-04 1.229464e-04 1.255547e-04 1.279695e-04 1.301870e-04 1.322037e-04 1.340166e-04 1.356228e-04 1.370199e-04 1.382058e-04 1.391785e-04 1.399366e-04 1.404790e-04 1.408047e-04 1.409134e-04 
1.401500e-04 1.400419e-04 1.397179e-04 1.391785e-04 1.384245e-04 1.374570e-04 1.362776e-04 1.348881e-04 1.332905e-04 1.314875e-04 1.294817e-04 1.272762e-04 1.248745e-04 1.222803e-04 1.194975e-04 1.165304e-04 1.133837e-04 1.100621e-04 1.065709e-04 1.029153e-04 9.910098e-05 9.513389e-05 9.102012e-05 8.676599e-05 8.237808e-05 7.786314e-05 7.322815e-05 6.848025e-05 6.362675e-05 5.867514e-05 5.363307e-05 4.850829e-05 4.330872e-05 3.804237e-05 3.271736e-05 2.734190e-05 2.192428e-05 1.647286e-05 1.099604e-05 5.502261e-06 8.405470e-17 5.502261e-06 1.099604e-05 1.647286e-05 2.192428e-05 2.734190e-05 3.271736e-05 3.804237e-05 4.330872e-05 4.850829e-05 5.363307e-05 5.867514e-05 6.362675e-05 6.848025e-05 7.322815e-05 7.786314e-05 8.237808e-05 8.676599e-05 9.102012e-05 9.513389e-05 9.910098e-05 1.029153e-04 1.065709e-04 1.100621e-04 1.133837e-04 1.165304e-04 1.194975e-04 1.222803e-04 1.248745e-04 1.272762e-04 1.294817e-04 1.314875e-04 1.332905e-04 1.348881e-04 1.362776e-04 1.374570e-04 1.384245e-04 1.391785e-04 1.397179e-04 1.400419e-04 1.401500e-04 
1.391704e-04 1.390631e-04 1.387414e-04 1.382058e-04 1.374570e-04 1.364963e-04 1.353251e-04 1.339453e-04 1.323589e-04 1.305685e-04 1.285767e-04 1.263867e-04 1.240018e-04 1.214256e-04 1.186623e-04 1.157160e-04 1.125912e-04 1.092929e-04 1.058260e-04 1.021960e-04 9.840836e-05 9.446899e-05 9.038397e-05 8.615957e-05 8.180233e-05 7.731895e-05 7.271635e-05 6.800163e-05 6.318205e-05 5.826506e-05 5.325822e-05 4.816926e-05 4.300603e-05 3.777648e-05 3.248869e-05 2.715080e-05 2.177105e-05 1.635773e-05 1.091919e-05 5.463806e-06 4.070957e-16 5.463806e-06 1.091919e-05 1.635773e-05 2.177105e-05 2.715080e-05 3.248869e-05 3.777648e-05 4.300603e-05 4.816926e-05 5.325822e-05 5.826506e-05 6.318205e-05 6.800163e-05 7.271635e-05 7.731895e-05 8.180233e-05 8.615957e-05 9.038397e-05 9.446899e-05 9.840836e-05 1.021960e-04 1.058260e-04 1.092929e-04 1.125912e-04 1.157160e-04 1.186623e-04 1.214256e-04 1.240018e-04 1.263867e-04 1.285767e-04 1.305685e-04 1.323589e-04 1.339453e-04 1.353251e-04 1.364963e-04 1.374570e-04 1.382058e-04 1.387414e-04 1.390631e-04 1.391704e-04 
1.379763e-04 1.378699e-04 1.375510e-04 1.370199e-04 1.362776e-04 1.353251e-04 1.341640e-04 1.327960e-04 1.312233e-04 1.294482e-04 1.274735e-04 1.253023e-04 1.229378e-04 1.203838e-04 1.176442e-04 1.147231e-04 1.116252e-04 1.083551e-04 1.049180e-04 1.013191e-04 9.756399e-05 9.365843e-05 8.960845e-05 8.542030e-05 8.110045e-05 7.665554e-05 7.209243e-05 6.741816e-05 6.263994e-05 5.776513e-05 5.280125e-05 4.775596e-05 4.263703e-05 3.745235e-05 3.220993e-05 2.691784e-05 2.158425e-05 1.621738e-05 1.082550e-05 5.416925e-06 1.300062e-16 5.416925e-06 1.082550e-05 1.621738e-05 2.158425e-05 2.691784e-05 3.220993e-05 3.745235e-05 4.263703e-05 4.775596e-05 5.280125e-05 5.776513e-05 6.263994e-05 6.741816e-05 7.209243e-05 7.665554e-05 8.110045e-05 8.542030e-05 8.960845e-05 9.365843e-05 9.756399e-05 1.013191e-04 1.049180e-04 1.083551e-04 1.116252e-04 1.147231e-04 1.176442e-04 1.203838e-04 1.229378e-04 1.253023e-04 1.274735e-04 1.294482e-04 1.312233e-04 1.327960e-04 1.341640e-04 1.353251e-04 1.362776e-04 1.370199e-04 1.375510e-04 1.378699e-04 1.379763e-04 
1.365695e-04 1.364642e-04 1.361485e-04 1.356228e-04 1.348881e-04 1.339453e-04 1.327960e-04 1.314420e-04 1.298853e-04 1.281283e-04 1.261737e-04 1.240246e-04 1.216843e-04 1.191563e-04 1.164446e-04 1.135534e-04 1.104870e-04 1.072503e-04 1.038482e-04 1.002860e-04 9.656919e-05 9.270345e-05 8.869477e-05 8.454932e-05 8.027351e-05 7.587392e-05 7.135734e-05 6.673074e-05 6.200124e-05 5.717613e-05 5.226287e-05 4.726902e-05 4.220228e-05 3.707047e-05 3.188151e-05 2.664338e-05 2.136417e-05 1.605202e-05 1.071512e-05 5.361692e-06 4.728883e-17 5.361692e-06 1.071512e-05 1.605202e-05 2.136417e-05 2.664338e-05 3.188151e-05 3.707047e-05 4.220228e-05 4.726902e-05 5.226287e-05 5.717613e-05 6.200124e-05 6.673074e-05 7.135734e-05 7.587392e-05 8.027351e-05 8.454932e-05 8.869477e-05 9.270345e-05 9.656919e-05 1.002860e-04 1.038482e-04 1.072503e-04 1.104870e-04 1.135534e-04 1.164446e-04 1.191563e-04 1.216843e-04 1.240246e-04 1.261737e-04 1.281283e-04 1.298853e-04 1.314420e-04 1.327960e-04 1.339453e-04 1.348881e-04 1.356228e-04 1.361485e-04 1.364642e-04 1.365695e-04 
1.349520e-04 1.348480e-04 1.345360e-04 1.340166e-04 1.332905e-04 1.323589e-04 1.312233e-04 1.298853e-04 1.283470e-04 1.266108e-04 1.246794e-04 1.225557e-04 1.202431e-04 1.177451e-04 1.150655e-04 1.122085e-04 1.091785e-04 1.059801e-04 1.026183e-04 9.909830e-05 9.542548e-05 9.160553e-05 8.764432e-05 8.354797e-05 7.932280e-05 7.497532e-05 7.051223e-05 6.594042e-05 6.126693e-05 5.649897e-05 5.164390e-05 4.670919e-05 4.170247e-05 3.663143e-05 3.150392e-05 2.632783e-05 2.111115e-05 1.586191e-05 1.058821e-05 5.298191e-06 3.636401e-16 5.298191e-06 1.058821e-05 1.586191e-05 2.111115e-05 2.632783e-05 3.150392e-05 3.663143e-05 4.170247e-05 4.670919e-05 5.164390e-05 5.649897e-05 6.126693e-05 6.594042e-05 7.051223e-05 7.497532e-05 7.932280e-05 8.354797e-05 8.764432e-05 9.160553e-05 9.542548e-05 9.909830e-05 1.026183e-04 1.059801e-04 1.091785e-04 1.122085e-04 1.150655e-04 1.177451e-04 1.202431e-04 1.225557e-04 1.246794e-04 1.266108e-04 1.283470e-04 1.298853e-04 1.312233e-04 1.323589e-04 1.332905e-04 1.340166e-04 1.345360e-04 1.348480e-04 1.349520e-04 
1.331265e-04 1.330238e-04 1.327161e-04 1.322037e-04 1.314875e-04 1.305685e-04 1.294482e-04 1.281283e-04 1.266108e-04 1.248981e-04 1.229928e-04 1.208979e-04 1.186166e-04 1.161523e-04 1.135090e-04 1.106906e-04 1.077016e-04 1.045465e-04 1.012302e-04 9.775777e-05 9.413464e-05 9.036636e-05 8.645873e-05 8.241780e-05 7.824978e-05 7.396111e-05 6.955840e-05 6.504843e-05 6.043816e-05 5.573470e-05 5.094530e-05 4.607735e-05 4.113835e-05 3.613591e-05 3.107776e-05 2.597169e-05 2.082557e-05 1.564734e-05 1.044498e-05 5.226521e-06 6.660729e-16 5.226521e-06 1.044498e-05 1.564734e-05 2.082557e-05 2.597169e-05 3.107776e-05 3.613591e-05 4.113835e-05 4.607735e-05 5.094530e-05 5.573470e-05 6.043816e-05 6.504843e-05 6.955840e-05 7.396111e-05 7.824978e-05 8.241780e-05 8.645873e-05 9.036636e-05 9.413464e-05 9.775777e-05 1.012302e-04 1.045465e-04 1.077016e-04 1.106906e-04 1.135090e-04 1.161523e-04 1.186166e-04 1.208979e-04 1.229928e-04 1.248981e-04 1.266108e-04 1.281283e-04 1.294482e-04 1.305685e-04 1.314875e-04 1.322037e-04 1.327161e-04 1.330238e-04 1.331265e-04 
1.310957e-04 1.309946e-04 1.306916e-04 1.301870e-04 1.294817e-04 1.285767e-04 1.274735e-04 1.261737e-04 1.246794e-04 1.229928e-04 1.211166e-04 1.190536e-04 1.168071e-04 1.143805e-04 1.117774e-04 1.090021e-04 1.060586e-04 1.029517e-04 9.968594e-05 9.626651e-05 9.269865e-05 8.898785e-05 8.513983e-05 8.116054e-05 7.705611e-05 7.283286e-05 6.849731e-05 6.405613e-05 5.951619e-05 5.488448e-05 5.016815e-05 4.537445e-05 4.051079e-05 3.558467e-05 3.060368e-05 2.557550e-05 2.050788e-05 1.540865e-05 1.028565e-05 5.146792e-06 8.265822e-16 5.146792e-06 1.028565e-05 1.540865e-05 2.050788e-05 2.557550e-05 3.060368e-05 3.558467e-05 4.051079e-05 4.537445e-05 5.016815e-05 5.488448e-05 5.951619e-05 6.405613e-05 6.849731e-05 7.283286e-05 7.705611e-05 8.116054e-05 8.513983e-05 8.898785e-05 9.269865e-05 9.626651e-05 9.968594e-05 1.029517e-04 1.060586e-04 1.090021e-04 1.117774e-04 1.143805e-04 1.168071e-04 1.190536e-04 1.211166e-04 1.229928e-04 1.246794e-04 1.261737e-04 1.274735e-04 1.285767e-04 1.294817e-04 1.301870e-04 1.306916e-04 1.309946e-04 1.310957e-04 
1.288627e-04 1.287634e-04 1.284655e-04 1.279695e-04 1.272762e-04 1.263867e-04 1.253023e-04 1.240246e-04 1.225557e-04 1.208979e-04 1.190536e-04 1.170258e-04 1.148175e-04 1.124322e-04 1.098735e-04 1.071455e-04 1.042521e-04 1.011981e-04 9.798800e-05 9.462681e-05 9.111972e-05 8.747212e-05 8.368966e-05 7.977814e-05 7.574362e-05 7.159230e-05 6.733060e-05 6.296507e-05 5.850246e-05 5.394964e-05 4.931364e-05 4.460159e-05 3.982078e-05 3.497856e-05 3.008241e-05 2.513987e-05 2.015857e-05 1.514619e-05 1.011045e-05 5.059127e-06 7.805358e-17 5.059127e-06 1.011045e-05 1.514619e-05 2.015857e-05 2.513987e-05 3.008241e-05 3.497856e-05 3.982078e-05 4.460159e-05 4.931364e-05 5.394964e-05 5.850246e-05 6.296507e-05 6.733060e-05 7.159230e-05 7.574362e-05 7.977814e-05 8.368966e-05 8.747212e-05 9.111972e-05 9.462681e-05 9.798800e-05 1.011981e-04 1.042521e-04 1.071455e-04 1.098735e-04 1.124322e-04 1.148175e-04 1.170258e-04 1.190536e-04 1.208979e-04 1.225557e-04 1.240246e-04 1.253023e-04 1.263867e-04 1.272762e-04 1.279695e-04 1.284655e-04 1.287634e-04 1.288627e-04 
1.264311e-04 1.263336e-04 1.260414e-04 1.255547e-04 1.248745e-04 1.240018e-04 1.229378e-04 1.216843e-04 1.202431e-04 1.186166e-04 1.168071e-04 1.148175e-04 1.126509e-04 1.103106e-04 1.078002e-04 1.051236e-04 1.022849e-04 9.928848e-05 9.613896e-05 9.284120e-05 8.940029e-05 8.582153e-05 8.211043e-05 7.827273e-05 7.431434e-05 7.024136e-05 6.606007e-05 6.177692e-05 5.739852e-05 5.293161e-05 4.838309e-05 4.375996e-05 3.906936e-05 3.431852e-05 2.951475e-05 2.466548e-05 1.977818e-05 1.486038e-05 9.919670e-06 4.963662e-06 8.247249e-17 4.963662e-06 9.919670e-06 1.486038e-05 1.977818e-05 2.466548e-05 2.951475e-05 3.431852e-05 3.906936e-05 4.375996e-05 4.838309e-05 5.293161e-05 5.739852e-05 6.177692e-05 6.606007e-05 7.024136e-05 7.431434e-05 7.827273e-05 8.211043e-05 8.582153e-05 8.940029e-05 9.284120e-05 9.613896e-05 9.928848e-05 1.022849e-04 1.051236e-04 1.078002e-04 1.103106e-04 1.126509e-04 1.148175e-04 1.168071e-04 1.186166e-04 1.202431e-04 1.216843e-04 1.229378e-04 1.240018e-04 1.248745e-04 1.255547e-04 1.260414e-04 1.263336e-04 1.264311e-04 
1.238045e-04 1.237091e-04 1.234229e-04 1.229464e-04 1.222803e-04 1.214256e-04 1.203838e-04 1.191563e-04 1.177451e-04 1.161523e-04 1.143805e-04 1.124322e-04 1.103106e-04 1.080189e-04 1.055607e-04 1.029397e-04 1.001600e-04 9.722578e-05 9.414169e-05 9.091244e-05 8.754301e-05 8.403860e-05 8.040460e-05 7.664663e-05 7.277047e-05 6.878210e-05 6.468768e-05 6.049352e-05 5.620607e-05 5.183197e-05 4.737794e-05 4.285085e-05 3.825770e-05 3.360555e-05 2.890159e-05 2.415306e-05 1.936729e-05 1.455166e-05 9.713590e-06 4.860542e-06 2.743177e-16 4.860542e-06 9.713590e-06 1.455166e-05 1.936729e-05 2.415306e-05 2.890159e-05 3.360555e-05 3.825770e-05 4.285085e-05 4.737794e-05 5.183197e-05 5.620607e-05 6.049352e-05 6.468768e-05 6.878210e-05 7.277047e-05 7.664663e-05 8.040460e-05 8.403860e-05 8.754301e-05 9.091244e-05 9.414169e-05 9.722578e-05 1.001600e-04 1.029397e-04 1.055607e-04 1.080189e-04 1.103106e-04 1.124322e-04 1.143805e-04 1.161523e-04 1.177451e-04 1.191563e-04 1.203838e-04 1.214256e-04 1.222803e-04 1.229464e-04 1.234229e-04 1.237091e-04 1.238045e-04 
1.209870e-04 1.208938e-04 1.206141e-04 1.201484e-04 1.194975e-04 1.186623e-04 1.176442e-04 1.164446e-04 1.150655e-04 1.135090e-04 1.117774e-04 1.098735e-04 1.078002e-04 1.055607e-04 1.031584e-04 1.005970e-04 9.788057e-05 9.501317e-05 9.199926e-05 8.884350e-05 8.555075e-05 8.212609e-05 7.857479e-05 7.490234e-05 7.111439e-05 6.721679e-05 6.321555e-05 5.911683e-05 5.492696e-05 5.065240e-05 4.629973e-05 4.187568e-05 3.738705e-05 3.284077e-05 2.824386e-05 2.360340e-05 1.892654e-05 1.422050e-05 9.492533e-06 4.749929e-06 2.345909e-16 4.749929e-06 9.492533e-06 1.422050e-05 1.892654e-05 2.360340e-05 2.824386e-05 3.284077e-05 3.738705e-05 4.187568e-05 4.629973e-05 5.065240e-05 5.492696e-05 5.911683e-05 6.321555e-05 6.721679e-05 7.111439e-05 7.490234e-05 7.857479e-05 8.212609e-05 8.555075e-05 8.884350e-05 9.199926e-05 9.501317e-05 9.788057e-05 1.005970e-04 1.031584e-04 1.055607e-04 1.078002e-04 1.098735e-04 1.117774e-04 1.135090e-04 1.150655e-04 1.164446e-04 1.176442e-04 1.186623e-04 1.194975e-04 1.201484e-04 1.206141e-04 1.208938e-04 1.209870e-04 
1.179830e-04 1.178920e-04 1.176193e-04 1.171652e-04 1.165304e-04 1.157160e-04 1.147231e-04 1.135534e-04 1.122085e-04 1.106906e-04 1.090021e-04 1.071455e-04 1.051236e-04 1.029397e-04 1.005970e-04 9.809928e-05 9.545025e-05 9.265404e-05 8.971497e-05 8.663757e-05 8.342658e-05 8.008695e-05 7.662383e-05 7.304256e-05 6.934867e-05 6.554784e-05 6.164595e-05 5.764900e-05 5.356316e-05 4.939473e-05 4.515014e-05 4.083593e-05 3.645875e-05 3.202536e-05 2.754258e-05 2.301734e-05 1.845661e-05 1.386741e-05 9.256839e-06 4.631991e-06 7.883226e-17 4.631991e-06 9.256839e-06 1.386741e-05 1.845661e-05 2.301734e-05 2.754258e-05 3.202536e-05 3.645875e-05 4.083593e-05 4.515014e-05 4.939473e-05 5.356316e-05 5.764900e-05 6.164595e-05 6.554784e-05 6.934867e-05 7.304256e-05 7.662383e-05 8.008695e-05 8.342658e-05 8.663757e-05 8.971497e-05 9.265404e-05 9.545025e-05 9.809928e-05 1.005970e-04 1.029397e-04 1.051236e-04 1.071455e-04 1.090021e-04 1.106906e-04 1.122085e-04 1.135534e-04 1.147231e-04 1.157160e-04 1.165304e-04 1.171652e-04 1.176193e-04 1.178920e-04 1.179830e-04 
1.147970e-04 1.147085e-04 1.144432e-04 1.140013e-04 1.133837e-04 1.125912e-04 1.116252e-04 1.104870e-04 1.091785e-04 1.077016e-04 1.060586e-04 1.042521e-04 1.022849e-04 1.001600e-04 9.788057e-05 9.545025e-05 9.287275e-05 9.015206e-05 8.729235e-05 8.429805e-05 8.117376e-05 7.792432e-05 7.455471e-05 7.107015e-05 6.747601e-05 6.377782e-05 5.998129e-05 5.609227e-05 5.211676e-05 4.806090e-05 4.393092e-05 3.973321e-05 3.547424e-05 3.116056e-05 2.679884e-05 2.239579e-05 1.795821e-05 1.349295e-05 9.006872e-06 4.506911e-06 6.039627e-16 4.506911e-06 9.006872e-06 1.349295e-05 1.795821e-05 2.239579e-05 2.679884e-05 3.116056e-05 3.547424e-05 3.973321e-05 4.393092e-05 4.806090e-05 5.211676e-05 5.609227e-05 5.998129e-05 6.377782e-05 6.747601e-05 7.107015e-05 7.455471e-05 7.792432e-05 8.117376e-05 8.429805e-05 8.729235e-05 9.015206e-05 9.287275e-05 9.545025e-05 9.788057e-05 1.001600e-04 1.022849e-04 1.042521e-04 1.060586e-04 1.077016e-04 1.091785e-04 1.104870e-04 1.116252e-04 1.125912e-04 1.133837e-04 1.140013e-04 1.144432e-04 1.147085e-04 1.147970e-04 
1.114341e-04 1.113482e-04 1.110906e-04 1.106617e-04 1.100621e-04 1.092929e-04 1.083551e-04 1.072503e-04 1.059801e-04 1.045465e-04 1.029517e-04 1.011981e-04 9.928848e-05 9.722578e-05 9.501317e-05 9.265404e-05 9.015206e-05 8.751106e-05 8.473513e-05 8.182855e-05 7.879579e-05 7.564153e-05 7.237064e-05 6.898816e-05 6.549930e-05 6.190945e-05 5.822414e-05 5.444905e-05 5.059001e-05 4.665296e-05 4.264397e-05 3.856923e-05 3.443502e-05 3.024771e-05 2.601377e-05 2.173971e-05 1.743213e-05 1.309767e-05 8.743017e-06 4.374881e-06 2.963294e-17 4.374881e-06 8.743017e-06 1.309767e-05 1.743213e-05 2.173971e-05 2.601377e-05 3.024771e-05 3.443502e-05 3.856923e-05 4.264397e-05 4.665296e-05 5.059001e-05 5.444905e-05 5.822414e-05 6.190945e-05 6.549930e-05 6.898816e-05 7.237064e-05 7.564153e-05 7.879579e-05 8.182855e-05 8.473513e-05 8.751106e-05 9.015206e-05 9.265404e-05 9.501317e-05 9.722578e-05 9.928848e-05 1.011981e-04 1.029517e-04 1.045465e-04 1.059801e-04 1.072503e-04 1.083551e-04 1.092929e-04 1.100621e-04 1.106617e-04 1.110906e-04 1.113482e-04 1.114341e-04 
1.078993e-04 1.078161e-04 1.075667e-04 1.071514e-04 1.065709e-04 1.058260e-04 1.049180e-04 1.038482e-04 1.026183e-04 1.012302e-04 9.968594e-05 9.798800e-05 9.613896e-05 9.414169e-05 9.199926e-05 8.971497e-05 8.729235e-05 8.473513e-05 8.204726e-05 7.923287e-05 7.629631e-05 7.324211e-05 7.007498e-05 6.679979e-05 6.342161e-05 5.994563e-05 5.637722e-05 5.272188e-05 4.898525e-05 4.517309e-05 4.129127e-05 3.734578e-05 3.334271e-05 2.928823e-05 2.518859e-05 2.105011e-05 1.687917e-05 1.268220e-05 8.465680e-06 4.236106e-06 1.809084e-16 4.236106e-06 8.465680e-06 1.268220e-05 1.687917e-05 2.105011e-05 2.518859e-05 2.928823e-05 3.334271e-05 3.734578e-05 4.129127e-05 4.517309e-05 4.898525e-05 5.272188e-05 5.637722e-05 5.994563e-05 6.342161e-05 6.679979e-05 7.007498e-05 7.324211e-05 7.629631e-05 7.923287e-05 8.204726e-05 8.473513e-05 8.729235e-05 8.971497e-05 9.199926e-05 9.414169e-05 9.613896e-05 9.798800e-05 9.968594e-05 1.012302e-04 1.026183e-04 1.038482e-04 1.049180e-04 1.058260e-04 1.065709e-04 1.071514e-04 1.075667e-04 1.078161e-04 1.078993e-04 
1.041981e-04 1.041178e-04 1.038769e-04 1.034759e-04 1.029153e-04 1.021960e-04 1.013191e-04 1.002860e-04 9.909830e-05 9.775777e-05 9.626651e-05 9.462681e-05 9.284120e-05 9.091244e-05 8.884350e-05 8.663757e-05 8.429805e-05 8.182855e-05 7.923287e-05 7.651502e-05 7.367920e-05 7.072976e-05 6.767127e-05 6.450843e-05 6.124612e-05 5.788937e-05 5.444337e-05 5.091341e-05 4.730496e-05 4.362356e-05 3.987489e-05 3.606475e-05 3.219899e-05 2.828358e-05 2.432457e-05 2.032804e-05 1.630018e-05 1.224718e-05 8.175290e-06 4.090799e-06 7.260624e-16 4.090799e-06 8.175290e-06 1.224718e-05 1.630018e-05 2.032804e-05 2.432457e-05 2.828358e-05 3.219899e-05 3.606475e-05 3.987489e-05 4.362356e-05 4.730496e-05 5.091341e-05 5.444337e-05 5.788937e-05 6.124612e-05 6.450843e-05 6.767127e-05 7.072976e-05 7.367920e-05 7.651502e-05 7.923287e-05 8.182855e-05 8.429805e-05 8.663757e-05 8.884350e-05 9.091244e-05 9.284120e-05 9.462681e-05 9.626651e-05 9.775777e-05 9.909830e-05 1.002860e-04 1.013191e-04 1.021960e-04 1.029153e-04 1.034759e-04 1.038769e-04 1.041178e-04 1.041981e-04 
1.003363e-04 1.002589e-04 1.000270e-04 9.964081e-05 9.910098e-05 9.840836e-05 9.756399e-05 9.656919e-05 9.542548e-05 9.413464e-05 9.269865e-05 9.111972e-05 8.940029e-05 8.754301e-05 8.555075e-05 8.342658e-05 8.117376e-05 7.879579e-05 7.629631e-05 7.367920e-05 7.094847e-05 6.810835e-05 6.516321e-05 6.211759e-05 5.897619e-05 5.574386e-05 5.242557e-05 4.902644e-05 4.555172e-05 4.200677e-05 3.839704e-05 3.472810e-05 3.100562e-05 2.723533e-05 2.342304e-05 1.957464e-05 1.569605e-05 1.179327e-05 7.872295e-06 3.939184e-06 3.861222e-16 3.939184e-06 7.872295e-06 1.179327e-05 1.569605e-05 1.957464e-05 2.342304e-05 2.723533e-05 3.100562e-05 3.472810e-05 3.839704e-05 4.200677e-05 4.555172e-05 4.902644e-05 5.242557e-05 5.574386e-05 5.897619e-05 6.211759e-05 6.516321e-05 6.810835e-05 7.094847e-05 7.367920e-05 7.629631e-05 7.879579e-05 8.117376e-05 8.342658e-05 8.555075e-05 8.754301e-05 8.940029e-05 9.111972e-05 9.269865e-05 9.413464e-05 9.542548e-05 9.656919e-05 9.756399e-05 9.840836e-05 9.910098e-05 9.964081e-05 1.000270e-04 1.002589e-04 1.003363e-04 
9.631975e-05 9.624549e-05 9.602283e-05 9.565211e-05 9.513389e-05 9.446899e-05 9.365843e-05 9.270345e-05 9.160553e-05 9.036636e-05 8.898785e-05 8.747212e-05 8.582153e-05 8.403860e-05 8.212609e-05 8.008695e-05 7.792432e-05 7.564153e-05 7.324211e-05 7.072976e-05 6.810835e-05 6.538192e-05 6.255467e-05 5.963097e-05 5.661533e-05 5.351239e-05 5.032693e-05 4.706388e-05 4.372825e-05 4.032520e-05 3.685997e-05 3.333791e-05 2.976444e-05 2.614508e-05 2.248540e-05 1.879105e-05 1.506773e-05 1.132117e-05 7.557161e-06 3.781496e-06 2.137143e-17 3.781496e-06 7.557161e-06 1.132117e-05 1.506773e-05 1.879105e-05 2.248540e-05 2.614508e-05 2.976444e-05 3.333791e-05 3.685997e-05 4.032520e-05 4.372825e-05 4.706388e-05 5.032693e-05 5.351239e-05 5.661533e-05 5.963097e-05 6.255467e-05 6.538192e-05 6.810835e-05 7.072976e-05 7.324211e-05 7.564153e-05 7.792432e-05 8.008695e-05 8.212609e-05 8.403860e-05 8.582153e-05 8.747212e-05 8.898785e-05 9.036636e-05 9.160553e-05 9.270345e-05 9.365843e-05 9.446899e-05 9.513389e-05 9.565211e-05 9.602283e-05 9.624549e-05 9.631975e-05 
9.215469e-05 9.208364e-05 9.187061e-05 9.151592e-05 9.102012e-05 9.038397e-05 8.960845e-05 8.869477e-05 8.764432e-05 8.645873e-05 8.513983e-05 8.368966e-05 8.211043e-05 8.040460e-05 7.857479e-05 7.662383e-05 7.455471e-05 7.237064e-05 7.007498e-05 6.767127e-05 6.516321e-05 6.255467e-05 5.984969e-05 5.705241e-05 5.416717e-05 5.119840e-05 4.815069e-05 4.502874e-05 4.183735e-05 3.858146e-05 3.526607e-05 3.189631e-05 2.847737e-05 2.501451e-05 2.151309e-05 1.797849e-05 1.441617e-05 1.083162e-05 7.230374e-06 3.617976e-06 2.450423e-16 3.617976e-06 7.230374e-06 1.083162e-05 1.441617e-05 1.797849e-05 2.151309e-05 2.501451e-05 2.847737e-05 3.189631e-05 3.526607e-05 3.858146e-05 4.183735e-05 4.502874e-05 4.815069e-05 5.119840e-05 5.416717e-05 5.705241e-05 5.984969e-05 6.255467e-05 6.516321e-05 6.767127e-05 7.007498e-05 7.237064e-05 7.455471e-05 7.662383e-05 7.857479e-05 8.040460e-05 8.211043e-05 8.368966e-05 8.513983e-05 8.645873e-05 8.764432e-05 8.869477e-05 8.960845e-05 9.038397e-05 9.102012e-05 9.151592e-05 9.187061e-05 9.208364e-05 9.215469e-05 
8.784754e-05 8.777981e-05 8.757673e-05 8.723862e-05 8.676599e-05 8.615957e-05 8.542030e-05 8.454932e-05 8.354797e-05 8.241780e-05 8.116054e-05 7.977814e-05 7.827273e-05 7.664663e-05 7.490234e-05 7.304256e-05 7.107015e-05 6.898816e-05 6.679979e-05 6.450843e-05 6.211759e-05 5.963097e-05 5.705241e-05 5.438588e-05 5.163549e-05 4.880548e-05 4.590021e-05 4.292417e-05 3.988195e-05 3.677823e-05 3.361780e-05 3.040553e-05 2.714638e-05 2.384538e-05 2.050760e-05 1.713820e-05 1.374238e-05 1.032537e-05 6.892438e-06 3.448878e-06 2.050907e-16 3.448878e-06 6.892438e-06 1.032537e-05 1.374238e-05 1.713820e-05 2.050760e-05 2.384538e-05 2.714638e-05 3.040553e-05 3.361780e-05 3.677823e-05 3.988195e-05 4.292417e-05 4.590021e-05 4.880548e-05 5.163549e-05 5.438588e-05 5.705241e-05 5.963097e-05 6.211759e-05 6.450843e-05 6.679979e-05 6.898816e-05 7.107015e-05 7.304256e-05 7.490234e-05 7.664663e-05 7.827273e-05 7.977814e-05 8.116054e-05 8.241780e-05 8.354797e-05 8.454932e-05 8.542030e-05 8.615957e-05 8.676599e-05 8.723862e-05 8.757673e-05 8.777981e-05 8.784754e-05 
8.340493e-05 8.334063e-05 8.314782e-05 8.282681e-05 8.237808e-05 8.180233e-05 8.110045e-05 8.027351e-05 7.932280e-05 7.824978e-05 7.705611e-05 7.574362e-05 7.431434e-05 7.277047e-05 7.111439e-05 6.934867e-05 6.747601e-05 6.549930e-05 6.342161e-05 6.124612e-05 5.897619e-05 5.661533e-05 5.416717e-05 5.163549e-05 4.902419e-05 4.633730e-05 4.357896e-05 4.075342e-05 3.786505e-05 3.491829e-05 3.191769e-05 2.886787e-05 2.577354e-05 2.263947e-05 1.947049e-05 1.627149e-05 1.304741e-05 9.803198e-06 6.543875e-06 3.274462e-06 3.656333e-16 3.274462e-06 6.543875e-06 9.803198e-06 1.304741e-05 1.627149e-05 1.947049e-05 2.263947e-05 2.577354e-05 2.886787e-05 3.191769e-05 3.491829e-05 3.786505e-05 4.075342e-05 4.357896e-05 4.633730e-05 4.902419e-05 5.163549e-05 5.416717e-05 5.661533e-05 5.897619e-05 6.124612e-05 6.342161e-05 6.549930e-05 6.747601e-05 6.934867e-05 7.111439e-05 7.277047e-05 7.431434e-05 7.574362e-05 7.705611e-05 7.824978e-05 7.932280e-05 8.027351e-05 8.110045e-05 8.180233e-05 8.237808e-05 8.282681e-05 8.314782e-05 8.334063e-05 8.340493e-05 
7.883372e-05 7.877294e-05 7.859070e-05 7.828728e-05 7.786314e-05 7.731895e-05 7.665554e-05 7.587392e-05 7.497532e-05 7.396111e-05 7.283286e-05 7.159230e-05 7.024136e-05 6.878210e-05 6.721679e-05 6.554784e-05 6.377782e-05 6.190945e-05 5.994563e-05 5.788937e-05 5.574386e-05 5.351239e-05 5.119840e-05 4.880548e-05 4.633730e-05 4.379767e-05 4.119050e-05 3.851983e-05 3.578976e-05 3.300450e-05 3.016836e-05 2.728569e-05 2.436096e-05 2.139866e-05 1.840337e-05 1.537970e-05 1.233231e-05 9.265910e-06 6.185222e-06 3.094997e-06 7.984163e-16 3.094997e-06 6.185222e-06 9.265910e-06 1.233231e-05 1.537970e-05 1.840337e-05 2.139866e-05 2.436096e-05 2.728569e-05 3.016836e-05 3.300450e-05 3.578976e-05 3.851983e-05 4.119050e-05 4.379767e-05 4.633730e-05 4.880548e-05 5.119840e-05 5.351239e-05 5.574386e-05 5.788937e-05 5.994563e-05 6.190945e-05 6.377782e-05 6.554784e-05 6.721679e-05 6.878210e-05 7.024136e-05 7.159230e-05 7.283286e-05 7.396111e-05 7.497532e-05 7.587392e-05 7.665554e-05 7.731895e-05 7.786314e-05 7.828728e-05 7.859070e-05 7.877294e-05 7.883372e-05 
7.414095e-05 7.408379e-05 7.391240e-05 7.362704e-05 7.322815e-05 7.271635e-05 7.209243e-05 7.135734e-05 7.051223e-05 6.955840e-05 6.849731e-05 6.733060e-05 6.606007e-05 6.468768e-05 6.321555e-05 6.164595e-05 5.998129e-05 5.822414e-05 5.637722e-05 5.444337e-05 5.242557e-05 5.032693e-05 4.815069e-05 4.590021e-05 4.357896e-05 4.119050e-05 3.873854e-05 3.622684e-05 3.365929e-05 3.103983e-05 2.837251e-05 2.566145e-05 2.291081e-05 2.012485e-05 1.730786e-05 1.446418e-05 1.159820e-05 8.714334e-06 5.817032e-06 2.910760e-06 1.573187e-16 2.910760e-06 5.817032e-06 8.714334e-06 1.159820e-05 1.446418e-05 1.730786e-05 2.012485e-05 2.291081e-05 2.566145e-05 2.837251e-05 3.103983e-05 3.365929e-05 3.622684e-05 3.873854e-05 4.119050e-05 4.357896e-05 4.590021e-05 4.815069e-05 5.032693e-05 5.242557e-05 5.444337e-05 5.637722e-05 5.822414e-05 5.998129e-05 6.164595e-05 6.321555e-05 6.468768e-05 6.606007e-05 6.733060e-05 6.849731e-05 6.955840e-05 7.051223e-05 7.135734e-05 7.209243e-05 7.271635e-05 7.322815e-05 7.362704e-05 7.391240e-05 7.408379e-05 7.414095e-05 
6.933386e-05 6.928041e-05 6.912013e-05 6.885327e-05 6.848025e-05 6.800163e-05 6.741816e-05 6.673074e-05 6.594042e-05 6.504843e-05 6.405613e-05 6.296507e-05 6.177692e-05 6.049352e-05 5.911683e-05 5.764900e-05 5.609227e-05 5.444905e-05 5.272188e-05 5.091341e-05 4.902644e-05 4.706388e-05 4.502874e-05 4.292417e-05 4.075342e-05 3.851983e-05 3.622684e-05 3.387800e-05 3.147691e-05 2.902730e-05 2.653292e-05 2.399763e-05 2.142534e-05 1.882001e-05 1.618567e-05 1.352637e-05 1.084621e-05 8.149322e-06 5.439872e-06 2.722035e-06 1.346251e-16 2.722035e-06 5.439872e-06 8.149322e-06 1.084621e-05 1.352637e-05 1.618567e-05 1.882001e-05 2.142534e-05 2.399763e-05 2.653292e-05 2.902730e-05 3.147691e-05 3.387800e-05 3.622684e-05 3.851983e-05 4.075342e-05 4.292417e-05 4.502874e-05 4.706388e-05 4.902644e-05 5.091341e-05 5.272188e-05 5.444905e-05 5.609227e-05 5.764900e-05 5.911683e-05 6.049352e-05 6.177692e-05 6.296507e-05 6.405613e-05 6.504843e-05 6.594042e-05 6.673074e-05 6.741816e-05 6.800163e-05 6.848025e-05 6.885327e-05 6.912013e-05 6.928041e-05 6.933386e-05 
6.441986e-05 6.437020e-05 6.422128e-05 6.397333e-05 6.362675e-05 6.318205e-05 6.263994e-05 6.200124e-05 6.126693e-05 6.043816e-05 5.951619e-05 5.850246e-05 5.739852e-05 5.620607e-05 5.492696e-05 5.356316e-05 5.211676e-05 5.059001e-05 4.898525e-05 4.730496e-05 4.555172e-05 4.372825e-05 4.183735e-05 3.988195e-05 3.786505e-05 3.578976e-05 3.365929e-05 3.147691e-05 2.924601e-05 2.697000e-05 2.465241e-05 2.229681e-05 1.990683e-05 1.748616e-05 1.503852e-05 1.256769e-05 1.007749e-05 7.571743e-06 5.054324e-06 2.529112e-06 3.287301e-16 2.529112e-06 5.054324e-06 7.571743e-06 1.007749e-05 1.256769e-05 1.503852e-05 1.748616e-05 1.990683e-05 2.229681e-05 2.465241e-05 2.697000e-05 2.924601e-05 3.147691e-05 3.365929e-05 3.578976e-05 3.786505e-05 3.988195e-05 4.183735e-05 4.372825e-05 4.555172e-05 4.730496e-05 4.898525e-05 5.059001e-05 5.211676e-05 5.356316e-05 5.492696e-05 5.620607e-05 5.739852e-05 5.850246e-05 5.951619e-05 6.043816e-05 6.126693e-05 6.200124e-05 6.263994e-05 6.318205e-05 6.362675e-05 6.397333e-05 6.422128e-05 6.437020e-05 6.441986e-05 
5.940654e-05 5.936074e-05 5.922341e-05 5.899476e-05 5.867514e-05 5.826506e-05 5.776513e-05 5.717613e-05 5.649897e-05 5.573470e-05 5.488448e-05 5.394964e-05 5.293161e-05 5.183197e-05 5.065240e-05 4.939473e-05 4.806090e-05 4.665296e-05 4.517309e-05 4.362356e-05 4.200677e-05 4.032520e-05 3.858146e-05 3.677823e-05 3.491829e-05 3.300450e-05 3.103983e-05 2.902730e-05 2.697000e-05 2.487113e-05 2.273390e-05 2.056162e-05 1.835763e-05 1.612534e-05 1.386818e-05 1.158964e-05 9.293230e-06 6.982490e-06 4.660983e-06 2.332290e-06 1.602391e-16 2.332290e-06 4.660983e-06 6.982490e-06 9.293230e-06 1.158964e-05 1.386818e-05 1.612534e-05 1.835763e-05 2.056162e-05 2.273390e-05 2.487113e-05 2.697000e-05 2.902730e-05 3.103983e-05 3.300450e-05 3.491829e-05 3.677823e-05 3.858146e-05 4.032520e-05 4.200677e-05 4.362356e-05 4.517309e-05 4.665296e-05 4.806090e-05 4.939473e-05 5.065240e-05 5.183197e-05 5.293161e-05 5.394964e-05 5.488448e-05 5.573470e-05 5.649897e-05 5.717613e-05 5.776513e-05 5.826506e-05 5.867514e-05 5.899476e-05 5.922341e-05 5.936074e-05 5.940654e-05 
5.430161e-05 5.425974e-05 5.413422e-05 5.392522e-05 5.363307e-05 5.325822e-05 5.280125e-05 5.226287e-05 5.164390e-05 5.094530e-05 5.016815e-05 4.931364e-05 4.838309e-05 4.737794e-05 4.629973e-05 4.515014e-05 4.393092e-05 4.264397e-05 4.129127e-05 3.987489e-05 3.839704e-05 3.685997e-05 3.526607e-05 3.361780e-05 3.191769e-05 3.016836e-05 2.837251e-05 2.653292e-05 2.465241e-05 2.273390e-05 2.078033e-05 1.879471e-05 1.678012e-05 1.473965e-05 1.267646e-05 1.059372e-05 8.494643e-06 6.382470e-06 4.260455e-06 2.131871e-06 1.991072e-16 2.131871e-06 4.260455e-06 6.382470e-06 8.494643e-06 1.059372e-05 1.267646e-05 1.473965e-05 1.678012e-05 1.879471e-05 2.078033e-05 2.273390e-05 2.465241e-05 2.653292e-05 2.837251e-05 3.016836e-05 3.191769e-05 3.361780e-05 3.526607e-05 3.685997e-05 3.839704e-05 3.987489e-05 4.129127e-05 4.264397e-05 4.393092e-05 4.515014e-05 4.629973e-05 4.737794e-05 4.838309e-05 4.931364e-05 5.016815e-05 5.094530e-05 5.164390e-05 5.226287e-05 5.280125e-05 5.325822e-05 5.363307e-05 5.392522e-05 5.413422e-05 5.425974e-05 5.430161e-05 
4.911295e-05 4.907509e-05 4.896155e-05 4.877252e-05 4.850829e-05 4.816926e-05 4.775596e-05 4.726902e-05 4.670919e-05 4.607735e-05 4.537445e-05 4.460159e-05 4.375996e-05 4.285085e-05 4.187568e-05 4.083593e-05 3.973321e-05 3.856923e-05 3.734578e-05 3.606475e-05 3.472810e-05 3.333791e-05 3.189631e-05 3.040553e-05 2.886787e-05 2.728569e-05 2.566145e-05 2.399763e-05 2.229681e-05 2.056162e-05 1.879471e-05 1.699883e-05 1.517674e-05 1.333124e-05 1.146519e-05 9.581462e-06 7.682958e-06 5.772609e-06 3.853358e-06 1.928165e-06 6.235528e-17 1.928165e-06 3.853358e-06 5.772609e-06 7.682958e-06 9.581462e-06 1.146519e-05 1.333124e-05 1.517674e-05 1.699883e-05 1.879471e-05 2.056162e-05 2.229681e-05 2.399763e-05 2.566145e-05 2.728569e-05 2.886787e-05 3.040553e-05 3.189631e-05 3.333791e-05 3.472810e-05 3.606475e-05 3.734578e-05 3.856923e-05 3.973321e-05 4.083593e-05 4.187568e-05 4.285085e-05 4.375996e-05 4.460159e-05 4.537445e-05 4.607735e-05 4.670919e-05 4.726902e-05 4.775596e-05 4.816926e-05 4.850829e-05 4.877252e-05 4.896155e-05 4.907509e-05 4.911295e-05 
4.384857e-05 4.381476e-05 4.371340e-05 4.354463e-05 4.330872e-05 4.300603e-05 4.263703e-05 4.220228e-05 4.170247e-05 4.113835e-05 4.051079e-05 3.982078e-05 3.906936e-05 3.825770e-05 3.738705e-05 3.645875e-05 3.547424e-05 3.443502e-05 3.334271e-05 3.219899e-05 3.100562e-05 2.976444e-05 2.847737e-05 2.714638e-05 2.577354e-05 2.436096e-05 2.291081e-05 2.142534e-05 1.990683e-05 1.835763e-05 1.678012e-05 1.517674e-05 1.354995e-05 1.190227e-05 1.023624e-05 8.554431e-06 6.859427e-06 5.153846e-06 3.440319e-06 1.721487e-06 8.899669e-18 1.721487e-06 3.440319e-06 5.153846e-06 6.859427e-06 8.554431e-06 1.023624e-05 1.190227e-05 1.354995e-05 1.517674e-05 1.678012e-05 1.835763e-05 1.990683e-05 2.142534e-05 2.291081e-05 2.436096e-05 2.577354e-05 2.714638e-05 2.847737e-05 2.976444e-05 3.100562e-05 3.219899e-05 3.334271e-05 3.443502e-05 3.547424e-05 3.645875e-05 3.738705e-05 3.825770e-05 3.906936e-05 3.982078e-05 4.051079e-05 4.113835e-05 4.170247e-05 4.220228e-05 4.263703e-05 4.300603e-05 4.330872e-05 4.354463e-05 4.371340e-05 4.381476e-05 4.384857e-05 
3.851657e-05 3.848688e-05 3.839784e-05 3.824959e-05 3.804237e-05 3.777648e-05 3.745235e-05 3.707047e-05 3.663143e-05 3.613591e-05 3.558467e-05 3.497856e-05 3.431852e-05 3.360555e-05 3.284077e-05 3.202536e-05 3.116056e-05 3.024771e-05 2.928823e-05 2.828358e-05 2.723533e-05 2.614508e-05 2.501451e-05 2.384538e-05 2.263947e-05 2.139866e-05 2.012485e-05 1.882001e-05 1.748616e-05 1.612534e-05 1.473965e-05 1.333124e-05 1.190227e-05 1.045496e-05 8.991515e-06 7.514210e-06 6.025319e-06 4.527137e-06 3.021975e-06 1.512153e-06 1.150650e-16 1.512153e-06 3.021975e-06 4.527137e-06 6.025319e-06 7.514210e-06 8.991515e-06 1.045496e-05 1.190227e-05 1.333124e-05 1.473965e-05 1.612534e-05 1.748616e-05 1.882001e-05 2.012485e-05 2.139866e-05 2.263947e-05 2.384538e-05 2.501451e-05 2.614508e-05 2.723533e-05 2.828358e-05 2.928823e-05 3.024771e-05 3.116056e-05 3.202536e-05 3.284077e-05 3.360555e-05 3.431852e-05 3.497856e-05 3.558467e-05 3.613591e-05 3.663143e-05 3.707047e-05 3.745235e-05 3.777648e-05 3.804237e-05 3.824959e-05 3.839784e-05 3.848688e-05 3.851657e-05 
3.312518e-05 3.309965e-05 3.302307e-05 3.289557e-05 3.271736e-05 3.248869e-05 3.220993e-05 3.188151e-05 3.150392e-05 3.107776e-05 3.060368e-05 3.008241e-05 2.951475e-05 2.890159e-05 2.824386e-05 2.754258e-05 2.679884e-05 2.601377e-05 2.518859e-05 2.432457e-05 2.342304e-05 2.248540e-05 2.151309e-05 2.050760e-05 1.947049e-05 1.840337e-05 1.730786e-05 1.618567e-05 1.503852e-05 1.386818e-05 1.267646e-05 1.146519e-05 1.023624e-05 8.991515e-06 7.732921e-06 6.462403e-06 5.181920e-06 3.893448e-06 2.598972e-06 1.300489e-06 3.130134e-17 1.300489e-06 2.598972e-06 3.893448e-06 5.181920e-06 6.462403e-06 7.732921e-06 8.991515e-06 1.023624e-05 1.146519e-05 1.267646e-05 1.386818e-05 1.503852e-05 1.618567e-05 1.730786e-05 1.840337e-05 1.947049e-05 2.050760e-05 2.151309e-05 2.248540e-05 2.342304e-05 2.432457e-05 2.518859e-05 2.601377e-05 2.679884e-05 2.754258e-05 2.824386e-05 2.890159e-05 2.951475e-05 3.008241e-05 3.060368e-05 3.107776e-05 3.150392e-05 3.188151e-05 3.220993e-05 3.248869e-05 3.271736e-05 3.289557e-05 3.302307e-05 3.309965e-05 3.312518e-05 
2.768272e-05 2.766138e-05 2.759738e-05 2.749084e-05 2.734190e-05 2.715080e-05 2.691784e-05 2.664338e-05 2.632783e-05 2.597169e-05 2.557550e-05 2.513987e-05 2.466548e-05 2.415306e-05 2.360340e-05 2.301734e-05 2.239579e-05 2.173971e-05 2.105011e-05 2.032804e-05 1.957464e-05 1.879105e-05 1.797849e-05 1.713820e-05 1.627149e-05 1.537970e-05 1.446418e-05 1.352637e-05 1.256769e-05 1.158964e-05 1.059372e-05 9.581462e-06 8.554431e-06 7.514210e-06 6.462403e-06 5.400631e-06 4.330532e-06 3.253755e-06 2.171961e-06 1.086818e-06 6.551879e-17 1.086818e-06 2.171961e-06 3.253755e-06 4.330532e-06 5.400631e-06 6.462403e-06 7.514210e-06 8.554431e-06 9.581462e-06 1.059372e-05 1.158964e-05 1.256769e-05 1.352637e-05 1.446418e-05 1.537970e-05 1.627149e-05 1.713820e-05 1.797849e-05 1.879105e-05 1.957464e-05 2.032804e-05 2.105011e-05 2.173971e-05 2.239579e-05 2.301734e-05 2.360340e-05 2.415306e-05 2.466548e-05 2.513987e-05 2.557550e-05 2.597169e-05 2.632783e-05 2.664338e-05 2.691784e-05 2.715080e-05 2.734190e-05 2.749084e-05 2.759738e-05 2.766138e-05 2.768272e-05 
2.219757e-05 2.218046e-05 2.212914e-05 2.204371e-05 2.192428e-05 2.177105e-05 2.158425e-05 2.136417e-05 2.111115e-05 2.082557e-05 2.050788e-05 2.015857e-05 1.977818e-05 1.936729e-05 1.892654e-05 1.845661e-05 1.795821e-05 1.743213e-05 1.687917e-05 1.630018e-05 1.569605e-05 1.506773e-05 1.441617e-05 1.374238e-05 1.304741e-05 1.233231e-05 1.159820e-05 1.084621e-05 1.007749e-05 9.293230e-06 8.494643e-06 7.682958e-06 6.859427e-06 6.025319e-06 5.181920e-06 4.330532e-06 3.472465e-06 2.609045e-06 1.741601e-06 8.714726e-07 7.371943e-17 8.714726e-07 1.741601e-06 2.609045e-06 3.472465e-06 4.330532e-06 5.181920e-06 6.025319e-06 6.859427e-06 7.682958e-06 8.494643e-06 9.293230e-06 1.007749e-05 1.084621e-05 1.159820e-05 1.233231e-05 1.304741e-05 1.374238e-05 1.441617e-05 1.506773e-05 1.569605e-05 1.630018e-05 1.687917e-05 1.743213e-05 1.795821e-05 1.845661e-05 1.892654e-05 1.936729e-05 1.977818e-05 2.015857e-05 2.050788e-05 2.082557e-05 2.111115e-05 2.136417e-05 2.158425e-05 2.177105e-05 2.192428e-05 2.204371e-05 2.212914e-05 2.218046e-05 2.219757e-05 
