5.373981e-04 5.356414e-04 5.303816e-04 5.216495e-04 5.094963e-04 4.939931e-04 4.752298e-04 4.533151e-04 4.283749e-04 4.005520e-04 3.700046e-04 3.369055e-04 3.014407e-04 2.638089e-04 2.242195e-04 1.828920e-04 1.400545e-04 9.594286e-05 5.079912e-05 4.870967e-06 4.158926e-05 8.832512e-05 1.350765e-04 1.815796e-04 2.275673e-04 2.727688e-04 3.169096e-04 3.597118e-04 4.008946e-04 4.401748e-04 4.772692e-04 5.118965e-04 5.437803e-04 5.726536e-04 5.982628e-04 6.203734e-04 6.387747e-04 6.532856e-04 6.637594e-04 6.700878e-04 6.722048e-04 
5.356414e-04 5.338902e-04 5.286470e-04 5.199426e-04 5.078279e-04 4.923736e-04 4.736696e-04 4.518239e-04 4.269622e-04 3.992267e-04 3.687752e-04 3.357797e-04 3.004259e-04 2.629117e-04 2.234458e-04 1.822472e-04 1.395432e-04 9.556889e-05 5.056574e-05 4.780692e-06 4.153461e-05 8.812441e-05 1.347293e-04 1.810861e-04 2.269286e-04 2.719864e-04 3.159861e-04 3.586503e-04 3.996992e-04 4.388505e-04 4.758221e-04 5.103334e-04 5.421095e-04 5.708842e-04 5.964053e-04 6.184390e-04 6.367759e-04 6.512357e-04 6.616724e-04 6.679784e-04 6.700878e-04 
5.303816e-04 5.286470e-04 5.234537e-04 5.148320e-04 5.028323e-04 4.875246e-04 4.689978e-04 4.473589e-04 4.227321e-04 3.952584e-04 3.650937e-04 3.324087e-04 2.973871e-04 2.602248e-04 2.211288e-04 1.803159e-04 1.380115e-04 9.444843e-05 4.986613e-05 4.509443e-06 4.137207e-05 8.752473e-05 1.336911e-04 1.796104e-04 2.250181e-04 2.696462e-04 3.132235e-04 3.554752e-04 3.961237e-04 4.348898e-04 4.714940e-04 5.056591e-04 5.371132e-04 5.655935e-04 5.908511e-04 6.126555e-04 6.308001e-04 6.451074e-04 6.554335e-04 6.616724e-04 6.637594e-04 
5.216495e-04 5.199426e-04 5.148320e-04 5.063475e-04 4.945387e-04 4.794743e-04 4.612416e-04 4.399457e-04 4.157089e-04 3.886695e-04 3.589810e-04 3.268111e-04 2.923408e-04 2.557627e-04 2.172806e-04 1.771078e-04 1.354664e-04 9.258583e-05 4.870189e-05 4.055975e-06 4.110582e-05 8.653329e-05 1.319725e-04 1.771659e-04 2.218528e-04 2.657688e-04 3.086462e-04 3.502144e-04 3.902000e-04 4.283283e-04 4.643248e-04 4.979172e-04 5.288390e-04 5.568330e-04 5.816554e-04 6.030811e-04 6.209083e-04 6.349638e-04 6.451074e-04 6.512357e-04 6.532856e-04 
5.094963e-04 5.078279e-04 5.028323e-04 4.945387e-04 4.829954e-04 4.682694e-04 4.504457e-04 4.296270e-04 4.059325e-04 3.794972e-04 3.504711e-04 3.190180e-04 2.853146e-04 2.495492e-04 2.119210e-04 1.726388e-04 1.319197e-04 8.998837e-05 4.707574e-05 3.418311e-06 4.074271e-05 8.516196e-05 1.295903e-04 1.737753e-04 2.174608e-04 2.603878e-04 3.022939e-04 3.429138e-04 3.819804e-04 4.192250e-04 4.543798e-04 4.871797e-04 5.173653e-04 5.446869e-04 5.689081e-04 5.898109e-04 6.072001e-04 6.209083e-04 6.308001e-04 6.367759e-04 6.387747e-04 
4.939931e-04 4.923736e-04 4.875246e-04 4.794743e-04 4.682694e-04 4.539746e-04 4.366723e-04 4.164618e-04 3.934586e-04 3.677936e-04 3.396119e-04 3.090725e-04 2.763467e-04 2.416174e-04 2.050779e-04 1.669310e-04 1.273877e-04 8.666630e-05 4.499164e-05 2.593882e-06 4.029203e-05 8.342698e-05 1.265681e-04 1.694692e-04 2.118807e-04 2.535498e-04 2.942212e-04 3.336367e-04 3.715365e-04 4.076603e-04 4.417484e-04 4.735446e-04 5.027988e-04 5.292702e-04 5.527319e-04 5.729744e-04 5.898109e-04 6.030811e-04 6.126555e-04 6.184390e-04 6.203734e-04 
4.752298e-04 4.736696e-04 4.689978e-04 4.612416e-04 4.504457e-04 4.366723e-04 4.200004e-04 4.005254e-04 3.783581e-04 3.536245e-04 3.264640e-04 2.970296e-04 2.654862e-04 2.320099e-04 1.967870e-04 1.600129e-04 1.218913e-04 8.263290e-05 4.245487e-05 1.579714e-06 3.976527e-05 8.134864e-05 1.229352e-04 1.642864e-04 2.051606e-04 2.453131e-04 2.844966e-04 3.224619e-04 3.589582e-04 3.937347e-04 4.265419e-04 4.571342e-04 4.852719e-04 5.107255e-04 5.332785e-04 5.527319e-04 5.689081e-04 5.816554e-04 5.908511e-04 5.964053e-04 5.982628e-04 
4.533151e-04 4.518239e-04 4.473589e-04 4.399457e-04 4.296270e-04 4.164618e-04 4.005254e-04 3.819084e-04 3.607166e-04 3.370696e-04 3.111008e-04 2.829559e-04 2.527922e-04 2.207780e-04 1.870914e-04 1.519192e-04 1.154563e-04 7.790456e-05 3.947220e-05 3.726604e-07 3.917581e-05 7.895083e-05 1.187263e-04 1.582728e-04 1.973580e-04 2.357466e-04 2.732013e-04 3.094829e-04 3.443513e-04 3.775668e-04 4.088916e-04 4.380919e-04 4.649404e-04 4.892197e-04 5.107255e-04 5.292702e-04 5.446869e-04 5.568330e-04 5.655935e-04 5.708842e-04 5.726536e-04 
4.283749e-04 4.269622e-04 4.227321e-04 4.157089e-04 4.059325e-04 3.934586e-04 3.783581e-04 3.607166e-04 3.406335e-04 3.182221e-04 2.936080e-04 2.669290e-04 2.383339e-04 2.079820e-04 1.760418e-04 1.426905e-04 1.081129e-04 7.250084e-05 3.605205e-05 1.030336e-06 3.853852e-05 7.626056e-05 1.139809e-04 1.514806e-04 1.885381e-04 2.249292e-04 2.604276e-04 2.948059e-04 3.278361e-04 3.592910e-04 3.889456e-04 4.165796e-04 4.419792e-04 4.649404e-04 4.852719e-04 5.027988e-04 5.173653e-04 5.288390e-04 5.371132e-04 5.421095e-04 5.437803e-04 
4.005520e-04 3.992267e-04 3.952584e-04 3.886695e-04 3.794972e-04 3.677936e-04 3.536245e-04 3.370696e-04 3.182221e-04 2.971873e-04 2.740827e-04 2.490372e-04 2.221901e-04 1.936903e-04 1.636961e-04 1.323735e-04 9.989619e-05 6.644454e-05 3.220468e-05 2.631961e-06 3.786936e-05 7.330743e-05 1.087425e-04 1.439677e-04 1.787734e-04 2.129480e-04 2.462778e-04 2.785484e-04 3.095453e-04 3.390549e-04 3.668668e-04 3.927747e-04 4.165796e-04 4.380919e-04 4.571342e-04 4.735446e-04 4.871797e-04 4.979172e-04 5.056591e-04 5.103334e-04 5.118965e-04 
3.700046e-04 3.687752e-04 3.650937e-04 3.589810e-04 3.504711e-04 3.396119e-04 3.264640e-04 3.111008e-04 2.936080e-04 2.740827e-04 2.526335e-04 2.293793e-04 2.044488e-04 1.779799e-04 1.501191e-04 1.210206e-04 9.084564e-05 5.976177e-05 2.794234e-05 4.434229e-06 3.718501e-05 7.012309e-05 1.030581e-04 1.357965e-04 1.681423e-04 1.998974e-04 2.308625e-04 2.608372e-04 2.896217e-04 3.170176e-04 3.428295e-04 3.668668e-04 3.889456e-04 4.088916e-04 4.265419e-04 4.417484e-04 4.543798e-04 4.643248e-04 4.714940e-04 4.758221e-04 4.772692e-04 
3.369055e-04 3.357797e-04 3.324087e-04 3.268111e-04 3.190180e-04 3.090725e-04 2.970296e-04 2.829559e-04 2.669290e-04 2.490372e-04 2.293793e-04 2.080633e-04 1.852067e-04 1.609352e-04 1.353827e-04 1.086902e-04 8.100536e-05 5.248204e-05 2.327947e-05 6.438188e-06 3.650237e-05 6.674066e-05 9.697724e-05 1.270334e-04 1.567279e-04 1.858778e-04 2.142989e-04 2.418065e-04 2.682165e-04 2.933467e-04 3.170176e-04 3.390549e-04 3.592910e-04 3.775668e-04 3.937347e-04 4.076603e-04 4.192250e-04 4.283283e-04 4.348898e-04 4.388505e-04 4.401748e-04 
3.014407e-04 3.004259e-04 2.973871e-04 2.923408e-04 2.853146e-04 2.763467e-04 2.654862e-04 2.527922e-04 2.383339e-04 2.221901e-04 2.044488e-04 1.852067e-04 1.645689e-04 1.426483e-04 1.195649e-04 9.544578e-05 7.042395e-05 4.463830e-05 1.823286e-05 8.643622e-06 3.583820e-05 6.319417e-05 9.055158e-05 1.177477e-04 1.446174e-04 1.709940e-04 1.967098e-04 2.215967e-04 2.454874e-04 2.682165e-04 2.896217e-04 3.095453e-04 3.278361e-04 3.443513e-04 3.589582e-04 3.715365e-04 3.819804e-04 3.902000e-04 3.961237e-04 3.996992e-04 4.008946e-04 
2.638089e-04 2.629117e-04 2.602248e-04 2.557627e-04 2.495492e-04 2.416174e-04 2.320099e-04 2.207780e-04 2.079820e-04 1.936903e-04 1.779799e-04 1.609352e-04 1.426483e-04 1.232180e-04 1.027502e-04 8.135644e-05 5.915441e-05 3.626696e-05 1.282183e-05 1.104878e-05 3.520866e-05 5.951801e-05 8.383391e-05 1.080107e-04 1.319008e-04 1.553546e-04 1.782220e-04 2.003526e-04 2.215967e-04 2.418065e-04 2.608372e-04 2.785484e-04 2.948059e-04 3.094829e-04 3.224619e-04 3.336367e-04 3.429138e-04 3.502144e-04 3.554752e-04 3.586503e-04 3.597118e-04 
2.242195e-04 2.234458e-04 2.211288e-04 2.172806e-04 2.119210e-04 2.050779e-04 1.967870e-04 1.870914e-04 1.760418e-04 1.636961e-04 1.501191e-04 1.353827e-04 1.195649e-04 1.027502e-04 8.502868e-05 6.649631e-05 4.725408e-05 2.740794e-05 7.068334e-06 1.365011e-05 3.462897e-05 5.574642e-05 7.687766e-05 9.789529e-05 1.186699e-04 1.390704e-04 1.589652e-04 1.782220e-04 1.967098e-04 2.142989e-04 2.308625e-04 2.462778e-04 2.604276e-04 2.732013e-04 2.844966e-04 2.942212e-04 3.022939e-04 3.086462e-04 3.132235e-04 3.159861e-04 3.169096e-04 
1.828920e-04 1.822472e-04 1.803159e-04 1.771078e-04 1.726388e-04 1.669310e-04 1.600129e-04 1.519192e-04 1.426905e-04 1.323735e-04 1.210206e-04 1.086902e-04 9.544578e-05 8.135644e-05 6.649631e-05 5.094442e-05 3.478448e-05 1.810461e-05 9.970635e-07 1.644204e-05 3.411304e-05 5.191304e-05 6.973630e-05 8.747458e-05 1.050177e-04 1.222538e-04 1.390704e-04 1.553546e-04 1.709940e-04 1.858778e-04 1.998974e-04 2.129480e-04 2.249292e-04 2.357466e-04 2.453131e-04 2.535498e-04 2.603878e-04 2.657688e-04 2.696462e-04 2.719864e-04 2.727688e-04 
1.400545e-04 1.395432e-04 1.380115e-04 1.354664e-04 1.319197e-04 1.273877e-04 1.218913e-04 1.154563e-04 1.081129e-04 9.989619e-05 9.084564e-05 8.100536e-05 7.042395e-05 5.915441e-05 4.725408e-05 3.478448e-05 2.181123e-05 8.403833e-06 5.364441e-06 1.941681e-05 3.367319e-05 4.805046e-05 6.246275e-05 7.682181e-05 9.103738e-05 1.050177e-04 1.186699e-04 1.319008e-04 1.446174e-04 1.567279e-04 1.681423e-04 1.787734e-04 1.885381e-04 1.973580e-04 2.051606e-04 2.118807e-04 2.174608e-04 2.218528e-04 2.250181e-04 2.269286e-04 2.275673e-04 
9.594286e-05 9.556889e-05 9.444843e-05 9.258583e-05 8.998837e-05 8.666630e-05 8.263290e-05 7.790456e-05 7.250084e-05 6.644454e-05 5.976177e-05 5.248204e-05 4.463830e-05 3.626696e-05 2.740794e-05 1.810461e-05 8.403833e-06 1.644147e-06 1.198577e-05 2.256427e-05 3.331985e-05 4.418983e-05 5.510893e-05 6.600948e-05 7.682181e-05 8.747458e-05 9.789529e-05 1.080107e-04 1.177477e-04 1.270334e-04 1.357965e-04 1.439677e-04 1.514806e-04 1.582728e-04 1.642864e-04 1.694692e-04 1.737753e-04 1.771659e-04 1.796104e-04 1.810861e-04 1.815796e-04 
5.079912e-05 5.056574e-05 4.986613e-05 4.870189e-05 4.707574e-05 4.499164e-05 4.245487e-05 3.947220e-05 3.605205e-05 3.220468e-05 2.794234e-05 2.327947e-05 1.823286e-05 1.282183e-05 7.068334e-06 9.970635e-07 5.364441e-06 1.198577e-05 1.883361e-05 2.587180e-05 3.306136e-05 4.036061e-05 4.772532e-05 5.510893e-05 6.246275e-05 6.973630e-05 7.687766e-05 8.383391e-05 9.055158e-05 9.697724e-05 1.030581e-04 1.087425e-04 1.139809e-04 1.187263e-04 1.229352e-04 1.265681e-04 1.295903e-04 1.319725e-04 1.336911e-04 1.347293e-04 1.350765e-04 
4.870967e-06 4.780692e-06 4.509443e-06 4.055975e-06 3.418311e-06 2.593882e-06 1.579714e-06 3.726604e-07 1.030336e-06 2.631961e-06 4.434229e-06 6.438188e-06 8.643622e-06 1.104878e-05 1.365011e-05 1.644204e-05 1.941681e-05 2.256427e-05 2.587180e-05 2.932422e-05 3.290379e-05 3.659019e-05 4.036061e-05 4.418983e-05 4.805046e-05 5.191304e-05 5.574642e-05 5.951801e-05 6.319417e-05 6.674066e-05 7.012309e-05 7.330743e-05 7.626056e-05 7.895083e-05 8.134864e-05 8.342698e-05 8.516196e-05 8.653329e-05 8.752473e-05 8.812441e-05 8.832512e-05 
4.158926e-05 4.153461e-05 4.137207e-05 4.110582e-05 4.074271e-05 4.029203e-05 3.976527e-05 3.917581e-05 3.853852e-05 3.786936e-05 3.718501e-05 3.650237e-05 3.583820e-05 3.520866e-05 3.462897e-05 3.411304e-05 3.367319e-05 3.331985e-05 3.306136e-05 3.290379e-05 3.285086e-05 3.290379e-05 3.306136e-05 3.331985e-05 3.367319e-05 3.411304e-05 3.462897e-05 3.520866e-05 3.583820e-05 3.650237e-05 3.718501e-05 3.786936e-05 3.853852e-05 3.917581e-05 3.976527e-05 4.029203e-05 4.074271e-05 4.110582e-05 4.137207e-05 4.153461e-05 4.158926e-05 
8.832512e-05 8.812441e-05 8.752473e-05 8.653329e-05 8.516196e-05 8.342698e-05 8.134864e-05 7.895083e-05 7.626056e-05 7.330743e-05 7.012309e-05 6.674066e-05 6.319417e-05 5.951801e-05 5.574642e-05 5.191304e-05 4.805046e-05 4.418983e-05 4.036061e-05 3.659019e-05 3.290379e-05 2.932422e-05 2.587180e-05 2.256427e-05 1.941681e-05 1.644204e-05 1.365011e-05 1.104878e-05 8.643622e-06 6.438188e-06 4.434229e-06 2.631961e-06 1.030336e-06 3.726604e-07 1.579714e-06 2.593882e-06 3.418311e-06 4.055975e-06 4.509443e-06 4.780692e-06 4.870967e-06 
1.350765e-04 1.347293e-04 1.336911e-04 1.319725e-04 1.295903e-04 1.265681e-04 1.229352e-04 1.187263e-04 1.139809e-04 1.087425e-04 1.030581e-04 9.697724e-05 9.055158e-05 8.383391e-05 7.687766e-05 6.973630e-05 6.246275e-05 5.510893e-05 4.772532e-05 4.036061e-05 3.306136e-05 2.587180e-05 1.883361e-05 1.198577e-05 5.364441e-06 9.970635e-07 7.068334e-06 1.282183e-05 1.823286e-05 2.327947e-05 2.794234e-05 3.220468e-05 3.605205e-05 3.947220e-05 4.245487e-05 4.499164e-05 4.707574e-05 4.870189e-05 4.986613e-05 5.056574e-05 5.079912e-05 
1.815796e-04 1.810861e-04 1.796104e-04 1.771659e-04 1.737753e-04 1.694692e-04 1.642864e-04 1.582728e-04 1.514806e-04 1.439677e-04 1.357965e-04 1.270334e-04 1.177477e-04 1.080107e-04 9.789529e-05 8.747458e-05 7.682181e-05 6.600948e-05 5.510893e-05 4.418983e-05 3.331985e-05 2.256427e-05 1.198577e-05 1.644147e-06 8.403833e-06 1.810461e-05 2.740794e-05 3.626696e-05 4.463830e-05 5.248204e-05 5.976177e-05 6.644454e-05 7.250084e-05 7.790456e-05 8.263290e-05 8.666630e-05 8.998837e-05 9.258583e-05 9.444843e-05 9.556889e-05 9.594286e-05 
2.275673e-04 2.269286e-04 2.250181e-04 2.218528e-04 2.174608e-04 2.118807e-04 2.051606e-04 1.973580e-04 1.885381e-04 1.787734e-04 1.681423e-04 1.567279e-04 1.446174e-04 1.319008e-04 1.186699e-04 1.050177e-04 9.103738e-05 7.682181e-05 6.246275e-05 4.805046e-05 3.367319e-05 1.941681e-05 5.364441e-06 8.403833e-06 2.181123e-05 3.478448e-05 4.725408e-05 5.915441e-05 7.042395e-05 8.100536e-05 9.084564e-05 9.989619e-05 1.081129e-04 1.154563e-04 1.218913e-04 1.273877e-04 1.319197e-04 1.354664e-04 1.380115e-04 1.395432e-04 1.400545e-04 
2.727688e-04 2.719864e-04 2.696462e-04 2.657688e-04 2.603878e-04 2.535498e-04 2.453131e-04 2.357466e-04 2.249292e-04 2.129480e-04 1.998974e-04 1.858778e-04 1.709940e-04 1.553546e-04 1.390704e-04 1.222538e-04 1.050177e-04 8.747458e-05 6.973630e-05 5.191304e-05 3.411304e-05 1.644204e-05 9.970635e-07 1.810461e-05 3.478448e-05 5.094442e-05 6.649631e-05 8.135644e-05 9.544578e-05 1.086902e-04 1.210206e-04 1.323735e-04 1.426905e-04 1.519192e-04 1.600129e-04 1.669310e-04 1.726388e-04 1.771078e-04 1.803159e-04 1.822472e-04 1.828920e-04 
3.169096e-04 3.159861e-04 3.132235e-04 3.086462e-04 3.022939e-04 2.942212e-04 2.844966e-04 2.732013e-04 2.604276e-04 2.462778e-04 2.308625e-04 2.142989e-04 1.967098e-04 1.782220e-04 1.589652e-04 1.390704e-04 1.186699e-04 9.789529e-05 7.687766e-05 5.574642e-05 3.462897e-05 1.365011e-05 7.068334e-06 2.740794e-05 4.725408e-05 6.649631e-05 8.502868e-05 1.027502e-04 1.195649e-04 1.353827e-04 1.501191e-04 1.636961e-04 1.760418e-04 1.870914e-04 1.967870e-04 2.050779e-04 2.119210e-04 2.172806e-04 2.211288e-04 2.234458e-04 2.242195e-04 
3.597118e-04 3.586503e-04 3.554752e-04 3.502144e-04 3.429138e-04 3.336367e-04 3.224619e-04 3.094829e-04 2.948059e-04 2.785484e-04 2.608372e-04 2.418065e-04 2.215967e-04 2.003526e-04 1.782220e-04 1.553546e-04 1.319008e-04 1.080107e-04 8.383391e-05 5.951801e-05 3.520866e-05 1.104878e-05 1.282183e-05 3.626696e-05 5.915441e-05 8.135644e-05 1.027502e-04 1.232180e-04 1.426483e-04 1.609352e-04 1.779799e-04 1.936903e-04 2.079820e-04 2.207780e-04 2.320099e-04 2.416174e-04 2.495492e-04 2.557627e-04 2.602248e-04 2.629117e-04 2.638089e-04 
4.008946e-04 3.996992e-04 3.961237e-04 3.902000e-04 3.819804e-04 3.715365e-04 3.589582e-04 3.443513e-04 3.278361e-04 3.095453e-04 2.896217e-04 2.682165e-04 2.454874e-04 2.215967e-04 1.967098e-04 1.709940e-04 1.446174e-04 1.177477e-04 9.055158e-05 6.319417e-05 3.583820e-05 8.643622e-06 1.823286e-05 4.463830e-05 7.042395e-05 9.544578e-05 1.195649e-04 1.426483e-04 1.645689e-04 1.852067e-04 2.044488e-04 2.221901e-04 2.383339e-04 2.527922e-04 2.654862e-04 2.763467e-04 2.853146e-04 2.923408e-04 2.973871e-04 3.004259e-04 3.014407e-04 
4.401748e-04 4.388505e-04 4.348898e-04 4.283283e-04 4.192250e-04 4.076603e-04 3.937347e-04 3.775668e-04 3.592910e-04 3.390549e-04 3.170176e-04 2.933467e-04 2.682165e-04 2.418065e-04 2.142989e-04 1.858778e-04 1.567279e-04 1.270334e-04 9.697724e-05 6.674066e-05 3.650237e-05 6.438188e-06 2.327947e-05 5.248204e-05 8.100536e-05 1.086902e-04 1.353827e-04 1.609352e-04 1.852067e-04 2.080633e-04 2.293793e-04 2.490372e-04 2.669290e-04 2.829559e-04 2.970296e-04 3.090725e-04 3.190180e-04 3.268111e-04 3.324087e-04 3.357797e-04 3.369055e-04 
4.772692e-04 4.758221e-04 4.714940e-04 4.643248e-04 4.543798e-04 4.417484e-04 4.265419e-04 4.088916e-04 3.889456e-04 3.668668e-04 3.428295e-04 3.170176e-04 2.896217e-04 2.608372e-04 2.308625e-04 1.998974e-04 1.681423e-04 1.357965e-04 1.030581e-04 7.012309e-05 3.718501e-05 4.434229e-06 2.794234e-05 5.976177e-05 9.084564e-05 1.210206e-04 1.501191e-04 1.779799e-04 2.044488e-04 2.293793e-04 2.526335e-04 2.740827e-04 2.936080e-04 3.111008e-04 3.264640e-04 3.396119e-04 3.504711e-04 3.589810e-04 3.650937e-04 3.687752e-04 3.700046e-04 
5.118965e-04 5.103334e-04 5.056591e-04 4.979172e-04 4.871797e-04 4.735446e-04 4.571342e-04 4.380919e-04 4.165796e-04 3.927747e-04 3.668668e-04 3.390549e-04 3.095453e-04 2.785484e-04 2.462778e-04 2.129480e-04 1.787734e-04 1.439677e-04 1.087425e-04 7.330743e-05 3.786936e-05 2.631961e-06 3.220468e-05 6.644454e-05 9.989619e-05 1.323735e-04 1.636961e-04 1.936903e-04 2.221901e-04 2.490372e-04 2.740827e-04 2.971873e-04 3.182221e-04 3.370696e-04 3.536245e-04 3.677936e-04 3.794972e-04 3.886695e-04 3.952584e-04 3.992267e-04 4.005520e-04 
5.437803e-04 5.421095e-04 5.371132e-04 5.288390e-04 5.173653e-04 5.027988e-04 4.852719e-04 4.649404e-04 4.419792e-04 4.165796e-04 3.889456e-04 3.592910e-04 3.278361e-04 2.948059e-04 2.604276e-04 2.249292e-04 1.885381e-04 1.514806e-04 1.139809e-04 7.626056e-05 3.853852e-05 1.030336e-06 3.605205e-05 7.250084e-05 1.081129e-04 1.426905e-04 1.760418e-04 2.079820e-04 2.383339e-04 2.669290e-04 2.936080e-04 3.182221e-04 3.406335e-04 3.607166e-04 3.783581e-04 3.934586e-04 4.059325e-04 4.157089e-04 4.227321e-04 4.269622e-04 4.283749e-04 
5.726536e-04 5.708842e-04 5.655935e-04 5.568330e-04 5.446869e-04 5.292702e-04 5.107255e-04 4.892197e-04 4.649404e-04 4.380919e-04 4.088916e-04 3.775668e-04 3.443513e-04 3.094829e-04 2.732013e-04 2.357466e-04 1.973580e-04 1.582728e-04 1.187263e-04 7.895083e-05 3.917581e-05 3.726604e-07 3.947220e-05 7.790456e-05 1.154563e-04 1.519192e-04 1.870914e-04 2.207780e-04 2.527922e-04 2.829559e-04 3.111008e-04 3.370696e-04 3.607166e-04 3.819084e-04 4.005254e-04 4.164618e-04 4.296270e-04 4.399457e-04 4.473589e-04 4.518239e-04 4.533151e-04 
5.982628e-04 5.964053e-04 5.908511e-04 5.816554e-04 5.689081e-04 5.527319e-04 5.332785e-04 5.107255e-04 4.852719e-04 4.571342e-04 4.265419e-04 3.937347e-04 3.589582e-04 3.224619e-04 2.844966e-04 2.453131e-04 2.051606e-04 1.642864e-04 1.229352e-04 8.134864e-05 3.976527e-05 1.579714e-06 4.245487e-05 8.263290e-05 1.218913e-04 1.600129e-04 1.967870e-04 2.320099e-04 2.654862e-04 2.970296e-04 3.264640e-04 3.536245e-04 3.783581e-04 4.005254e-04 4.200004e-04 4.366723e-04 4.504457e-04 4.612416e-04 4.689978e-04 4.736696e-04 4.752298e-04 
6.203734e-04 6.184390e-04 6.126555e-04 6.030811e-04 5.898109e-04 5.729744e-04 5.527319e-04 5.292702e-04 5.027988e-04 4.735446e-04 4.417484e-04 4.076603e-04 3.715365e-04 3.336367e-04 2.942212e-04 2.535498e-04 2.118807e-04 1.694692e-04 1.265681e-04 8.342698e-05 4.029203e-05 2.593882e-06 4.499164e-05 8.666630e-05 1.273877e-04 1.669310e-04 2.050779e-04 2.416174e-04 2.763467e-04 3.090725e-04 3.396119e-04 3.677936e-04 3.934586e-04 4.164618e-04 4.366723e-04 4.539746e-04 4.682694e-04 4.794743e-04 4.875246e-04 4.923736e-04 4.939931e-04 
6.387747e-04 6.367759e-04 6.308001e-04 6.209083e-04 6.072001e-04 5.898109e-04 5.689081e-04 5.446869e-04 5.173653e-04 4.871797e-04 4.543798e-04 4.192250e-04 3.819804e-04 3.429138e-04 3.022939e-04 2.603878e-04 2.174608e-04 1.737753e-04 1.295903e-04 8.516196e-05 4.074271e-05 3.418311e-06 4.707574e-05 8.998837e-05 1.319197e-04 1.726388e-04 2.119210e-04 2.495492e-04 2.853146e-04 3.190180e-04 3.504711e-04 3.794972e-04 4.059325e-04 4.296270e-04 4.504457e-04 4.682694e-04 4.829954e-04 4.945387e-04 5.028323e-04 5.078279e-04 5.094963e-04 
6.532856e-04 6.512357e-04 6.451074e-04 6.349638e-04 6.209083e-04 6.030811e-04 5.816554e-04 5.568330e-04 5.288390e-04 4.979172e-04 4.643248e-04 4.283283e-04 3.902000e-04 3.502144e-04 3.086462e-04 2.657688e-04 2.218528e-04 1.771659e-04 1.319725e-04 8.653329e-05 4.110582e-05 4.055975e-06 4.870189e-05 9.258583e-05 1.354664e-04 1.771078e-04 2.172806e-04 2.557627e-04 2.923408e-04 3.268111e-04 3.589810e-04 3.886695e-04 4.157089e-04 4.399457e-04 4.612416e-04 4.794743e-04 4.945387e-04 5.063475e-04 5.148320e-04 5.199426e-04 5.216495e-04 
6.637594e-04 6.616724e-04 6.554335e-04 6.451074e-04 6.308001e-04 6.126555e-04 5.908511e-04 5.655935e-04 5.371132e-04 5.056591e-04 4.714940e-04 4.348898e-04 3.961237e-04 3.554752e-04 3.132235e-04 2.696462e-04 2.250181e-04 1.796104e-04 1.336911e-04 8.752473e-05 4.137207e-05 4.509443e-06 4.986613e-05 9.444843e-05 1.380115e-04 1.803159e-04 2.211288e-04 2.602248e-04 2.973871e-04 3.324087e-04 3.650937e-04 3.952584e-04 4.227321e-04 4.473589e-04 4.689978e-04 4.875246e-04 5.028323e-04 5.148320e-04 5.234537e-04 5.286470e-04 5.303816e-04 
6.700878e-04 6.679784e-04 6.616724e-04 6.512357e-04 6.367759e-04 6.184390e-04 5.964053e-04 5.708842e-04 5.421095e-04 5.103334e-04 4.758221e-04 4.388505e-04 3.996992e-04 3.586503e-04 3.159861e-04 2.719864e-04 2.269286e-04 1.810861e-04 1.347293e-04 8.812441e-05 4.153461e-05 4.780692e-06 5.056574e-05 9.556889e-05 1.395432e-04 1.822472e-04 2.234458e-04 2.629117e-04 3.004259e-04 3.357797e-04 3.687752e-04 3.992267e-04 4.269622e-04 4.518239e-04 4.736696e-04 4.923736e-04 5.078279e-04 5.199426e-04 5.286470e-04 5.338902e-04 5.356414e-04 
6.722048e-04 6.700878e-04 6.637594e-04 6.532856e-04 6.387747e-04 6.203734e-04 5.982628e-04 5.726536e-04 5.437803e-04 5.118965e-04 4.772692e-04 4.401748e-04 4.008946e-04 3.597118e-04 3.169096e-04 2.727688e-04 2.275673e-04 1.815796e-04 1.350765e-04 8.832512e-05 4.158926e-05 4.870967e-06 5.079912e-05 9.594286e-05 1.400545e-04 1.828920e-04 2.242195e-04 2.638089e-04 3.014407e-04 3.369055e-04 3.700046e-04 4.005520e-04 4.283749e-04 4.533151e-04 4.752298e-04 4.939931e-04 5.094963e-04 5.216495e-04 5.303816e-04 5.356414e-04 5.373981e-04 
