1.344120e-04 1.343024e-04 1.339735e-04 1.334259e-04 1.326604e-04 1.316782e-04 1.304806e-04 1.290694e-04 1.274467e-04 1.256149e-04 1.235767e-04 1.213350e-04 1.188930e-04 1.162544e-04 1.134228e-04 1.104025e-04 1.071978e-04 1.038132e-04 1.002537e-04 9.652419e-05 9.263011e-05 8.857697e-05 8.437050e-05 8.001664e-05 7.552155e-05 7.089154e-05 6.613310e-05 6.125291e-05 5.625779e-05 5.115470e-05 4.595075e-05 4.065318e-05 3.526933e-05 2.980666e-05 2.427275e-05 1.867525e-05 1.302190e-05 7.320534e-06 1.579035e-06 4.194631e-06 9.992438e-06 1.580631e-05 2.162809e-05 2.744962e-05 3.326263e-05 3.905884e-05 4.482992e-05 5.056747e-05 5.626306e-05 6.190822e-05 6.749440e-05 7.301304e-05 7.845552e-05 8.381320e-05 8.907737e-05 9.423934e-05 9.929038e-05 1.042218e-04 1.090247e-04 1.136906e-04 1.182108e-04 1.225767e-04 1.267798e-04 1.308117e-04 1.346642e-04 1.383294e-04 1.417994e-04 1.450666e-04 1.481238e-04 1.509642e-04 1.535811e-04 1.559685e-04 1.581206e-04 1.600322e-04 1.616988e-04 1.631161e-04 1.642806e-04 1.651894e-04 1.658402e-04 1.662314e-04 1.663619e-04 
1.343024e-04 1.341928e-04 1.338642e-04 1.333170e-04 1.325521e-04 1.315706e-04 1.303740e-04 1.289640e-04 1.273426e-04 1.255122e-04 1.234756e-04 1.212356e-04 1.187956e-04 1.161590e-04 1.133297e-04 1.103118e-04 1.071096e-04 1.037277e-04 1.001709e-04 9.644434e-05 9.255332e-05 8.850335e-05 8.430017e-05 7.994972e-05 7.545814e-05 7.083174e-05 6.607702e-05 6.120064e-05 5.620942e-05 5.111031e-05 4.591041e-05 4.061696e-05 3.523730e-05 2.977889e-05 2.424929e-05 1.865615e-05 1.300720e-05 7.310271e-06 1.573244e-06 4.195921e-06 9.989207e-06 1.579854e-05 2.161578e-05 2.743274e-05 3.324120e-05 3.903287e-05 4.479941e-05 5.053244e-05 5.622354e-05 6.186422e-05 6.744597e-05 7.296021e-05 7.839835e-05 8.375172e-05 8.901167e-05 9.416947e-05 9.921640e-05 1.041438e-04 1.089428e-04 1.136049e-04 1.181213e-04 1.224836e-04 1.266831e-04 1.307117e-04 1.345610e-04 1.382231e-04 1.416901e-04 1.449545e-04 1.480092e-04 1.508471e-04 1.534618e-04 1.558470e-04 1.579973e-04 1.599073e-04 1.615723e-04 1.629884e-04 1.641519e-04 1.650600e-04 1.657102e-04 1.661010e-04 1.662314e-04 
1.339735e-04 1.338642e-04 1.335363e-04 1.329905e-04 1.322274e-04 1.312483e-04 1.300544e-04 1.286477e-04 1.270302e-04 1.252042e-04 1.231724e-04 1.209377e-04 1.185034e-04 1.158731e-04 1.130505e-04 1.100397e-04 1.068450e-04 1.034711e-04 9.992268e-05 9.620490e-05 9.232303e-05 8.828258e-05 8.408927e-05 7.974904e-05 7.526799e-05 7.065244e-05 6.590886e-05 6.104390e-05 5.606436e-05 5.097717e-05 4.578944e-05 4.050836e-05 3.514127e-05 2.969562e-05 2.417893e-05 1.859885e-05 1.296310e-05 7.279484e-06 1.555867e-06 4.199807e-06 9.979536e-06 1.577526e-05 2.157886e-05 2.738218e-05 3.317698e-05 3.895501e-05 4.470795e-05 5.042743e-05 5.610504e-05 6.173233e-05 6.730078e-05 7.280185e-05 7.822695e-05 8.356745e-05 8.881469e-05 9.395998e-05 9.899464e-05 1.039100e-04 1.086972e-04 1.133478e-04 1.178531e-04 1.222044e-04 1.263935e-04 1.304119e-04 1.342515e-04 1.379043e-04 1.413625e-04 1.446187e-04 1.476655e-04 1.504961e-04 1.531040e-04 1.554831e-04 1.576277e-04 1.595327e-04 1.611934e-04 1.626058e-04 1.637662e-04 1.646719e-04 1.653204e-04 1.657102e-04 1.658402e-04 
1.334259e-04 1.333170e-04 1.329905e-04 1.324468e-04 1.316867e-04 1.307115e-04 1.295224e-04 1.281212e-04 1.265101e-04 1.246913e-04 1.226675e-04 1.204417e-04 1.180170e-04 1.153970e-04 1.125856e-04 1.095866e-04 1.064045e-04 1.030438e-04 9.950940e-05 9.580622e-05 9.193959e-05 8.791498e-05 8.373811e-05 7.941488e-05 7.495137e-05 7.035388e-05 6.562885e-05 6.078290e-05 5.582280e-05 5.075548e-05 4.558798e-05 4.032751e-05 3.498135e-05 2.955692e-05 2.406174e-05 1.850342e-05 1.288964e-05 7.228179e-06 1.526887e-06 4.206327e-06 9.963487e-06 1.573656e-05 2.151746e-05 2.729805e-05 3.307012e-05 3.882546e-05 4.455575e-05 5.025267e-05 5.590784e-05 6.151282e-05 6.705915e-05 7.253829e-05 7.794169e-05 8.326076e-05 8.848686e-05 9.361136e-05 9.862557e-05 1.035208e-04 1.082885e-04 1.129200e-04 1.174066e-04 1.217399e-04 1.259116e-04 1.299132e-04 1.337366e-04 1.373740e-04 1.408175e-04 1.440597e-04 1.470935e-04 1.499120e-04 1.525086e-04 1.548774e-04 1.570128e-04 1.589095e-04 1.605630e-04 1.619691e-04 1.631245e-04 1.640262e-04 1.646719e-04 1.650600e-04 1.651894e-04 
1.326604e-04 1.325521e-04 1.322274e-04 1.316867e-04 1.309309e-04 1.299611e-04 1.287786e-04 1.273852e-04 1.257830e-04 1.239743e-04 1.219617e-04 1.197482e-04 1.173370e-04 1.147315e-04 1.119356e-04 1.089532e-04 1.057887e-04 1.024466e-04 9.893162e-05 9.524886e-05 9.140352e-05 8.740107e-05 8.324717e-05 7.894770e-05 7.450872e-05 6.993646e-05 6.523735e-05 6.041797e-05 5.548506e-05 5.044550e-05 4.530630e-05 4.007462e-05 3.475771e-05 2.936296e-05 2.389784e-05 1.836992e-05 1.278685e-05 7.156366e-06 1.486276e-06 4.215546e-06 9.941163e-06 1.568258e-05 2.143175e-05 2.718057e-05 3.292089e-05 3.864450e-05 4.434316e-05 5.000856e-05 5.563237e-05 6.120619e-05 6.672159e-05 7.217010e-05 7.754319e-05 8.283232e-05 8.802890e-05 9.312434e-05 9.811001e-05 1.029773e-04 1.077176e-04 1.123223e-04 1.167830e-04 1.210911e-04 1.252384e-04 1.292165e-04 1.330174e-04 1.366332e-04 1.400563e-04 1.432791e-04 1.462947e-04 1.490962e-04 1.516772e-04 1.540316e-04 1.561540e-04 1.580391e-04 1.596825e-04 1.610801e-04 1.622284e-04 1.631245e-04 1.637662e-04 1.641519e-04 1.642806e-04 
1.316782e-04 1.315706e-04 1.312483e-04 1.307115e-04 1.299611e-04 1.289982e-04 1.278241e-04 1.264408e-04 1.248500e-04 1.230543e-04 1.210561e-04 1.188584e-04 1.164644e-04 1.138775e-04 1.111015e-04 1.081404e-04 1.049985e-04 1.016801e-04 9.819018e-05 9.453360e-05 9.071559e-05 8.674156e-05 8.261714e-05 7.834816e-05 7.394063e-05 6.940076e-05 6.473491e-05 5.994962e-05 5.505159e-05 5.004764e-05 4.494474e-05 3.975000e-05 3.447063e-05 2.911395e-05 2.368740e-05 1.819848e-05 1.265480e-05 7.064058e-06 1.433997e-06 4.227554e-06 9.912708e-06 1.561352e-05 2.132199e-05 2.703007e-05 3.272965e-05 3.841257e-05 4.407065e-05 4.969563e-05 5.527922e-05 6.081309e-05 6.628884e-05 7.169807e-05 7.703231e-05 8.228306e-05 8.744180e-05 9.249999e-05 9.744908e-05 1.022805e-04 1.069857e-04 1.115563e-04 1.159836e-04 1.202595e-04 1.243755e-04 1.283235e-04 1.320955e-04 1.356838e-04 1.390806e-04 1.422787e-04 1.452710e-04 1.480508e-04 1.506117e-04 1.529478e-04 1.550535e-04 1.569239e-04 1.585543e-04 1.599409e-04 1.610801e-04 1.619691e-04 1.626058e-04 1.629884e-04 1.631161e-04 
1.304806e-04 1.303740e-04 1.300544e-04 1.295224e-04 1.287786e-04 1.278241e-04 1.266605e-04 1.252892e-04 1.237125e-04 1.219325e-04 1.199519e-04 1.177734e-04 1.154004e-04 1.128362e-04 1.100846e-04 1.071494e-04 1.040349e-04 1.007456e-04 9.728613e-05 9.366147e-05 8.987676e-05 8.593738e-05 8.184889e-05 7.761707e-05 7.324789e-05 6.874749e-05 6.412219e-05 5.937847e-05 5.452295e-05 4.956241e-05 4.450377e-05 3.935406e-05 3.412044e-05 2.881017e-05 2.343062e-05 1.798924e-05 1.249359e-05 6.951275e-06 1.370003e-06 4.242466e-06 9.878305e-06 1.552963e-05 2.118850e-05 2.684692e-05 3.249686e-05 3.813021e-05 4.373885e-05 4.931458e-05 5.484918e-05 6.033437e-05 6.576184e-05 7.112322e-05 7.641013e-05 8.161415e-05 8.672681e-05 9.173966e-05 9.664421e-05 1.014320e-04 1.060945e-04 1.106234e-04 1.150103e-04 1.192468e-04 1.233249e-04 1.272363e-04 1.309732e-04 1.345279e-04 1.378929e-04 1.410608e-04 1.440248e-04 1.467782e-04 1.493147e-04 1.516285e-04 1.537140e-04 1.555664e-04 1.571812e-04 1.585543e-04 1.596825e-04 1.605630e-04 1.611934e-04 1.615723e-04 1.616988e-04 
1.290694e-04 1.289640e-04 1.286477e-04 1.281212e-04 1.273852e-04 1.264408e-04 1.252892e-04 1.239323e-04 1.223721e-04 1.206106e-04 1.186507e-04 1.164950e-04 1.141467e-04 1.116092e-04 1.088862e-04 1.059815e-04 1.028994e-04 9.964429e-05 9.622075e-05 9.263370e-05 8.888823e-05 8.498966e-05 8.094350e-05 7.675547e-05 7.243146e-05 6.797757e-05 6.340003e-05 5.870526e-05 5.389983e-05 4.899044e-05 4.398393e-05 3.888727e-05 3.370754e-05 2.845194e-05 2.312776e-05 1.774239e-05 1.230330e-05 6.818042e-06 1.294238e-06 4.260419e-06 9.838174e-06 1.543121e-05 2.103167e-05 2.663162e-05 3.222310e-05 3.779808e-05 4.334850e-05 4.886625e-05 5.434317e-05 5.977106e-05 6.514169e-05 7.044677e-05 7.567800e-05 8.082702e-05 8.588548e-05 9.084499e-05 9.569715e-05 1.004336e-04 1.050460e-04 1.095259e-04 1.138651e-04 1.180555e-04 1.220889e-04 1.259573e-04 1.296530e-04 1.331683e-04 1.364958e-04 1.396284e-04 1.425591e-04 1.452815e-04 1.477894e-04 1.500769e-04 1.521388e-04 1.539701e-04 1.555664e-04 1.569239e-04 1.580391e-04 1.589095e-04 1.595327e-04 1.599073e-04 1.600322e-04 
1.274467e-04 1.273426e-04 1.270302e-04 1.265101e-04 1.257830e-04 1.248500e-04 1.237125e-04 1.223721e-04 1.208307e-04 1.190906e-04 1.171544e-04 1.150248e-04 1.127050e-04 1.101982e-04 1.075081e-04 1.046386e-04 1.015937e-04 9.837781e-05 9.499556e-05 9.145174e-05 8.775138e-05 8.389972e-05 7.990222e-05 7.576453e-05 7.149246e-05 6.709202e-05 6.256940e-05 5.793091e-05 5.318306e-05 4.833246e-05 4.338588e-05 3.835020e-05 3.323243e-05 2.803967e-05 2.277914e-05 1.745815e-05 1.208408e-05 6.664391e-06 1.206639e-06 4.281573e-06 9.792573e-06 1.531863e-05 2.085196e-05 2.638472e-05 3.190903e-05 3.741694e-05 4.290048e-05 4.835162e-05 5.376229e-05 5.912438e-05 6.442974e-05 6.967017e-05 7.483746e-05 7.992335e-05 8.491959e-05 8.981788e-05 9.460994e-05 9.928749e-05 1.038423e-04 1.082661e-04 1.125507e-04 1.166881e-04 1.206704e-04 1.244895e-04 1.281379e-04 1.316081e-04 1.348927e-04 1.379847e-04 1.408774e-04 1.435643e-04 1.460394e-04 1.482969e-04 1.503317e-04 1.521388e-04 1.537140e-04 1.550535e-04 1.561540e-04 1.570128e-04 1.576277e-04 1.579973e-04 1.581206e-04 
1.256149e-04 1.255122e-04 1.252042e-04 1.246913e-04 1.239743e-04 1.230543e-04 1.219325e-04 1.206106e-04 1.190906e-04 1.173747e-04 1.154653e-04 1.133652e-04 1.110774e-04 1.086053e-04 1.059523e-04 1.031224e-04 1.001195e-04 9.694796e-05 9.361230e-05 9.011726e-05 8.646781e-05 8.266910e-05 7.872652e-05 7.464563e-05 7.043217e-05 6.609207e-05 6.163141e-05 5.705644e-05 5.237357e-05 4.758932e-05 4.271037e-05 3.774351e-05 3.269565e-05 2.757381e-05 2.238511e-05 1.713676e-05 1.183605e-05 6.490363e-06 1.107137e-06 4.306108e-06 9.741794e-06 1.519228e-05 2.064989e-05 2.610686e-05 3.155540e-05 3.698767e-05 4.239579e-05 4.777183e-05 5.310780e-05 5.839570e-05 6.362748e-05 6.879504e-05 7.389028e-05 7.890505e-05 8.383119e-05 8.866053e-05 9.338489e-05 9.799613e-05 1.024861e-04 1.068467e-04 1.110699e-04 1.151477e-04 1.190724e-04 1.228361e-04 1.264314e-04 1.298508e-04 1.330872e-04 1.361336e-04 1.389835e-04 1.416306e-04 1.440688e-04 1.462926e-04 1.482969e-04 1.500769e-04 1.516285e-04 1.529478e-04 1.540316e-04 1.548774e-04 1.554831e-04 1.558470e-04 1.559685e-04 
1.235767e-04 1.234756e-04 1.231724e-04 1.226675e-04 1.219617e-04 1.210561e-04 1.199519e-04 1.186507e-04 1.171544e-04 1.154653e-04 1.135857e-04 1.115183e-04 1.092662e-04 1.068326e-04 1.042210e-04 1.014351e-04 9.847898e-05 9.535676e-05 9.207293e-05 8.863216e-05 8.503932e-05 8.129952e-05 7.741803e-05 7.340032e-05 6.925206e-05 6.497906e-05 6.058734e-05 5.608302e-05 5.147243e-05 4.676198e-05 4.195825e-05 3.706794e-05 3.209785e-05 2.705489e-05 2.194608e-05 1.677852e-05 1.155941e-05 6.296004e-06 9.956584e-07 4.334221e-06 9.686161e-06 1.505263e-05 2.042604e-05 2.579875e-05 3.116307e-05 3.651126e-05 4.183556e-05 4.712812e-05 5.238109e-05 5.758657e-05 6.273660e-05 6.782323e-05 7.283845e-05 7.777424e-05 8.262256e-05 8.737537e-05 9.202461e-05 9.656226e-05 1.009803e-04 1.052708e-04 1.094259e-04 1.134377e-04 1.172985e-04 1.210009e-04 1.245372e-04 1.279004e-04 1.310833e-04 1.340793e-04 1.368819e-04 1.394848e-04 1.418823e-04 1.440688e-04 1.460394e-04 1.477894e-04 1.493147e-04 1.506117e-04 1.516772e-04 1.525086e-04 1.531040e-04 1.534618e-04 1.535811e-04 
1.213350e-04 1.212356e-04 1.209377e-04 1.204417e-04 1.197482e-04 1.188584e-04 1.177734e-04 1.164950e-04 1.150248e-04 1.133652e-04 1.115183e-04 1.094870e-04 1.072742e-04 1.048829e-04 1.023167e-04 9.957930e-05 9.667450e-05 9.360649e-05 9.037963e-05 8.699852e-05 8.346794e-05 7.979289e-05 7.597856e-05 7.203032e-05 6.795374e-05 6.375453e-05 5.943858e-05 5.501195e-05 5.048082e-05 4.585151e-05 4.113049e-05 3.632433e-05 3.143973e-05 2.648348e-05 2.146249e-05 1.638375e-05 1.125433e-05 6.081375e-06 8.721263e-07 4.366127e-06 9.626027e-06 1.490016e-05 2.018105e-05 2.546117e-05 3.073296e-05 3.598879e-05 4.122100e-05 4.642189e-05 5.158371e-05 5.669868e-05 6.175898e-05 6.675677e-05 7.168417e-05 7.653330e-05 8.129624e-05 8.596510e-05 9.053195e-05 9.498893e-05 9.932817e-05 1.035419e-04 1.076223e-04 1.115617e-04 1.153527e-04 1.189877e-04 1.224596e-04 1.257612e-04 1.288858e-04 1.318266e-04 1.345773e-04 1.371319e-04 1.394848e-04 1.416306e-04 1.435643e-04 1.452815e-04 1.467782e-04 1.480508e-04 1.490962e-04 1.499120e-04 1.504961e-04 1.508471e-04 1.509642e-04 
1.188930e-04 1.187956e-04 1.185034e-04 1.180170e-04 1.173370e-04 1.164644e-04 1.154004e-04 1.141467e-04 1.127050e-04 1.110774e-04 1.092662e-04 1.072742e-04 1.051040e-04 1.027589e-04 1.002422e-04 9.755748e-05 9.470860e-05 9.169962e-05 8.853481e-05 8.521866e-05 8.175586e-05 7.815132e-05 7.441012e-05 7.053753e-05 6.653899e-05 6.242013e-05 5.818671e-05 5.384466e-05 4.940005e-05 4.485909e-05 4.022812e-05 3.551359e-05 3.072207e-05 2.586024e-05 2.093486e-05 1.595281e-05 1.092103e-05 5.846547e-06 7.364624e-07 4.402056e-06 9.561777e-06 1.473541e-05 1.991561e-05 2.509499e-05 3.026610e-05 3.542144e-05 4.055348e-05 4.565465e-05 5.071734e-05 5.573390e-05 6.069664e-05 6.559785e-05 7.042981e-05 7.518477e-05 7.985496e-05 8.443263e-05 8.891003e-05 9.327942e-05 9.753310e-05 1.016634e-04 1.056628e-04 1.095238e-04 1.132390e-04 1.168011e-04 1.202031e-04 1.234381e-04 1.264993e-04 1.293803e-04 1.320749e-04 1.345773e-04 1.368819e-04 1.389835e-04 1.408774e-04 1.425591e-04 1.440248e-04 1.452710e-04 1.462947e-04 1.470935e-04 1.476655e-04 1.480092e-04 1.481238e-04 
1.162544e-04 1.161590e-04 1.158731e-04 1.153970e-04 1.147315e-04 1.138775e-04 1.128362e-04 1.116092e-04 1.101982e-04 1.086053e-04 1.068326e-04 1.048829e-04 1.027589e-04 1.004636e-04 9.800031e-05 9.537257e-05 9.258409e-05 8.963887e-05 8.654106e-05 8.329508e-05 7.990550e-05 7.637711e-05 7.271490e-05 6.892401e-05 6.500977e-05 6.097768e-05 5.683339e-05 5.258270e-05 4.823154e-05 4.378600e-05 3.925229e-05 3.463672e-05 2.994573e-05 2.518585e-05 2.036374e-05 1.548610e-05 1.055976e-05 5.591602e-06 5.885890e-07 4.442248e-06 9.493816e-06 1.455896e-05 1.963048e-05 2.470112e-05 2.976357e-05 3.481047e-05 3.983444e-05 4.482804e-05 4.978380e-05 5.469422e-05 5.955176e-05 6.434886e-05 6.907795e-05 7.373142e-05 7.830169e-05 8.278113e-05 8.716218e-05 9.143726e-05 9.559885e-05 9.963948e-05 1.035517e-04 1.073283e-04 1.109620e-04 1.144457e-04 1.177726e-04 1.209359e-04 1.239291e-04 1.267459e-04 1.293803e-04 1.318266e-04 1.340793e-04 1.361336e-04 1.379847e-04 1.396284e-04 1.410608e-04 1.422787e-04 1.432791e-04 1.440597e-04 1.446187e-04 1.449545e-04 1.450666e-04 
1.134228e-04 1.133297e-04 1.130505e-04 1.125856e-04 1.119356e-04 1.111015e-04 1.100846e-04 1.088862e-04 1.075081e-04 1.059523e-04 1.042210e-04 1.023167e-04 1.002422e-04 9.800031e-05 9.559434e-05 9.302768e-05 9.030399e-05 8.742714e-05 8.440121e-05 8.123048e-05 7.791943e-05 7.447274e-05 7.089524e-05 6.719199e-05 6.336817e-05 5.942916e-05 5.538047e-05 5.122776e-05 4.697684e-05 4.263364e-05 3.820424e-05 3.369481e-05 2.911163e-05 2.446111e-05 1.974972e-05 1.498406e-05 1.017079e-05 5.316639e-06 4.284310e-07 4.486955e-06 9.422574e-06 1.437142e-05 1.932645e-05 2.428054e-05 2.922654e-05 3.415725e-05 3.906543e-05 4.394379e-05 4.878502e-05 5.358178e-05 5.832669e-05 6.301234e-05 6.763132e-05 7.217620e-05 7.663956e-05 8.101395e-05 8.529198e-05 8.946625e-05 9.352942e-05 9.747419e-05 1.012934e-04 1.049798e-04 1.085265e-04 1.119266e-04 1.151733e-04 1.182601e-04 1.211808e-04 1.239291e-04 1.264993e-04 1.288858e-04 1.310833e-04 1.330872e-04 1.348927e-04 1.364958e-04 1.378929e-04 1.390806e-04 1.400563e-04 1.408175e-04 1.413625e-04 1.416901e-04 1.417994e-04 
1.104025e-04 1.103118e-04 1.100397e-04 1.095866e-04 1.089532e-04 1.081404e-04 1.071494e-04 1.059815e-04 1.046386e-04 1.031224e-04 1.014351e-04 9.957930e-05 9.755748e-05 9.537257e-05 9.302768e-05 9.052615e-05 8.787153e-05 8.506758e-05 8.211828e-05 7.902778e-05 7.580046e-05 7.244085e-05 6.895368e-05 6.534386e-05 6.161645e-05 5.777667e-05 5.382989e-05 4.978165e-05 4.563759e-05 4.140351e-05 3.708531e-05 3.268902e-05 2.822078e-05 2.368682e-05 1.909348e-05 1.444717e-05 9.754409e-06 5.021773e-06 2.559178e-07 4.536435e-06 9.348501e-06 1.417344e-05 1.900435e-05 2.383428e-05 2.865625e-05 3.346321e-05 3.824808e-05 4.300375e-05 4.772307e-05 5.239885e-05 5.702389e-05 6.159096e-05 6.609283e-05 7.052223e-05 7.487192e-05 7.913465e-05 8.330319e-05 8.737036e-05 9.132899e-05 9.517199e-05 9.889235e-05 1.024831e-04 1.059375e-04 1.092489e-04 1.124106e-04 1.154164e-04 1.182601e-04 1.209359e-04 1.234381e-04 1.257612e-04 1.279004e-04 1.298508e-04 1.316081e-04 1.331683e-04 1.345279e-04 1.356838e-04 1.366332e-04 1.373740e-04 1.379043e-04 1.382231e-04 1.383294e-04 
1.071978e-04 1.071096e-04 1.068450e-04 1.064045e-04 1.057887e-04 1.049985e-04 1.040349e-04 1.028994e-04 1.015937e-04 1.001195e-04 9.847898e-05 9.667450e-05 9.470860e-05 9.258409e-05 9.030399e-05 8.787153e-05 8.529016e-05 8.256352e-05 7.969548e-05 7.669007e-05 7.355154e-05 7.028429e-05 6.689292e-05 6.338218e-05 5.975700e-05 5.602246e-05 5.218377e-05 4.824631e-05 4.421558e-05 4.009720e-05 3.589693e-05 3.162062e-05 2.727425e-05 2.286389e-05 1.839570e-05 1.387595e-05 9.310953e-06 4.707138e-06 7.098544e-08 4.590952e-06 9.272062e-06 1.396567e-05 1.866505e-05 2.336343e-05 2.805399e-05 3.272986e-05 3.738413e-05 4.200986e-05 4.660009e-05 5.114781e-05 5.564598e-05 6.008758e-05 6.446553e-05 6.877279e-05 7.300228e-05 7.714696e-05 8.119979e-05 8.515379e-05 8.900199e-05 9.273752e-05 9.635355e-05 9.984337e-05 1.032004e-04 1.064181e-04 1.094902e-04 1.124106e-04 1.151733e-04 1.177726e-04 1.202031e-04 1.224596e-04 1.245372e-04 1.264314e-04 1.281379e-04 1.296530e-04 1.309732e-04 1.320955e-04 1.330174e-04 1.337366e-04 1.342515e-04 1.345610e-04 1.346642e-04 
1.038132e-04 1.037277e-04 1.034711e-04 1.030438e-04 1.024466e-04 1.016801e-04 1.007456e-04 9.964429e-05 9.837781e-05 9.694796e-05 9.535676e-05 9.360649e-05 9.169962e-05 8.963887e-05 8.742714e-05 8.506758e-05 8.256352e-05 7.991849e-05 7.713623e-05 7.422064e-05 7.117582e-05 6.800606e-05 6.471580e-05 6.130966e-05 5.779239e-05 5.416893e-05 5.044433e-05 4.662381e-05 4.271268e-05 3.871643e-05 3.464062e-05 3.049094e-05 2.627319e-05 2.199327e-05 1.765717e-05 1.327095e-05 8.840776e-06 4.372885e-06 1.264214e-07 4.650772e-06 9.193735e-06 1.374882e-05 1.830948e-05 2.286913e-05 2.742112e-05 3.195878e-05 3.647538e-05 4.096417e-05 4.541836e-05 4.983115e-05 5.419569e-05 5.850514e-05 6.275263e-05 6.693131e-05 7.103431e-05 7.505478e-05 7.898591e-05 8.282091e-05 8.655303e-05 9.017561e-05 9.368204e-05 9.706582e-05 1.003206e-04 1.034400e-04 1.064181e-04 1.092489e-04 1.119266e-04 1.144457e-04 1.168011e-04 1.189877e-04 1.210009e-04 1.228361e-04 1.244895e-04 1.259573e-04 1.272363e-04 1.283235e-04 1.292165e-04 1.299132e-04 1.304119e-04 1.307117e-04 1.308117e-04 
1.002537e-04 1.001709e-04 9.992268e-05 9.950940e-05 9.893162e-05 9.819018e-05 9.728613e-05 9.622075e-05 9.499556e-05 9.361230e-05 9.207293e-05 9.037963e-05 8.853481e-05 8.654106e-05 8.440121e-05 8.211828e-05 7.969548e-05 7.713623e-05 7.444412e-05 7.162293e-05 6.867663e-05 6.560934e-05 6.242536e-05 5.912915e-05 5.572531e-05 5.221860e-05 4.861392e-05 4.491630e-05 4.113089e-05 3.726299e-05 3.331799e-05 2.930140e-05 2.521883e-05 2.107598e-05 1.687867e-05 1.263278e-05 8.344268e-06 4.019189e-06 3.363468e-07 4.716160e-06 9.114010e-06 1.352360e-05 1.793857e-05 2.235254e-05 2.675904e-05 3.115161e-05 3.552371e-05 3.986878e-05 4.418024e-05 4.845147e-05 5.267585e-05 5.684673e-05 6.095746e-05 6.500137e-05 6.897183e-05 7.286219e-05 7.666586e-05 8.037626e-05 8.398689e-05 8.749127e-05 9.088306e-05 9.415595e-05 9.730380e-05 1.003206e-04 1.032004e-04 1.059375e-04 1.085265e-04 1.109620e-04 1.132390e-04 1.153527e-04 1.172985e-04 1.190724e-04 1.206704e-04 1.220889e-04 1.233249e-04 1.243755e-04 1.252384e-04 1.259116e-04 1.263935e-04 1.266831e-04 1.267798e-04 
9.652419e-05 9.644434e-05 9.620490e-05 9.580622e-05 9.524886e-05 9.453360e-05 9.366147e-05 9.263370e-05 9.145174e-05 9.011726e-05 8.863216e-05 8.699852e-05 8.521866e-05 8.329508e-05 8.123048e-05 7.902778e-05 7.669007e-05 7.422064e-05 7.162293e-05 6.890060e-05 6.605745e-05 6.309746e-05 6.002477e-05 5.684367e-05 5.355860e-05 5.017415e-05 4.669502e-05 4.312609e-05 3.947232e-05 3.573880e-05 3.193076e-05 2.805350e-05 2.411244e-05 2.011310e-05 1.606109e-05 1.196208e-05 7.821852e-06 3.646247e-06 5.588220e-07 4.787378e-06 9.033382e-06 1.329074e-05 1.755330e-05 2.181488e-05 2.606922e-05 3.031005e-05 3.453106e-05 3.872588e-05 4.288816e-05 4.701147e-05 5.108942e-05 5.511555e-05 5.908345e-05 6.298666e-05 6.681878e-05 7.057337e-05 7.424408e-05 7.782455e-05 8.130850e-05 8.468971e-05 8.796203e-05 9.111942e-05 9.415595e-05 9.706582e-05 9.984337e-05 1.024831e-04 1.049798e-04 1.073283e-04 1.095238e-04 1.115617e-04 1.134377e-04 1.151477e-04 1.166881e-04 1.180555e-04 1.192468e-04 1.202595e-04 1.210911e-04 1.217399e-04 1.222044e-04 1.224836e-04 1.225767e-04 
9.263011e-05 9.255332e-05 9.232303e-05 9.193959e-05 9.140352e-05 9.071559e-05 8.987676e-05 8.888823e-05 8.775138e-05 8.646781e-05 8.503932e-05 8.346794e-05 8.175586e-05 7.990550e-05 7.791943e-05 7.580046e-05 7.355154e-05 7.117582e-05 6.867663e-05 6.605745e-05 6.332194e-05 6.047392e-05 5.751736e-05 5.445638e-05 5.129524e-05 4.803835e-05 4.469024e-05 4.125558e-05 3.773915e-05 3.414586e-05 3.048071e-05 2.674882e-05 2.295540e-05 1.910577e-05 1.520533e-05 1.125954e-05 7.273984e-06 3.254281e-06 7.938627e-07 4.864682e-06 8.952352e-06 1.305099e-05 1.715466e-05 2.125738e-05 2.535314e-05 2.943585e-05 3.349944e-05 3.753775e-05 4.154464e-05 4.551393e-05 4.943942e-05 5.331490e-05 5.713416e-05 6.089101e-05 6.457923e-05 6.819266e-05 7.172515e-05 7.517059e-05 7.852295e-05 8.177622e-05 8.492452e-05 8.796203e-05 9.088306e-05 9.368204e-05 9.635355e-05 9.889235e-05 1.012934e-04 1.035517e-04 1.056628e-04 1.076223e-04 1.094259e-04 1.110699e-04 1.125507e-04 1.138651e-04 1.150103e-04 1.159836e-04 1.167830e-04 1.174066e-04 1.178531e-04 1.181213e-04 1.182108e-04 
8.857697e-05 8.850335e-05 8.828258e-05 8.791498e-05 8.740107e-05 8.674156e-05 8.593738e-05 8.498966e-05 8.389972e-05 8.266910e-05 8.129952e-05 7.979289e-05 7.815132e-05 7.637711e-05 7.447274e-05 7.244085e-05 7.028429e-05 6.800606e-05 6.560934e-05 6.309746e-05 6.047392e-05 5.774237e-05 5.490660e-05 5.197056e-05 4.893833e-05 4.581413e-05 4.260230e-05 3.930730e-05 3.593372e-05 3.248626e-05 2.896973e-05 2.538902e-05 2.174914e-05 1.805520e-05 1.431236e-05 1.052590e-05 6.701158e-06 2.843541e-06 1.041467e-06 4.948322e-06 8.871419e-06 1.280510e-05 1.674366e-05 2.068134e-05 2.461233e-05 2.853081e-05 3.243090e-05 3.630670e-05 4.015228e-05 4.396169e-05 4.772897e-05 5.144815e-05 5.511325e-05 5.871831e-05 6.225736e-05 6.572448e-05 6.911377e-05 7.241935e-05 7.563544e-05 7.875628e-05 8.177622e-05 8.468971e-05 8.749127e-05 9.017561e-05 9.273752e-05 9.517199e-05 9.747419e-05 9.963948e-05 1.016634e-04 1.035419e-04 1.052708e-04 1.068467e-04 1.082661e-04 1.095259e-04 1.106234e-04 1.115563e-04 1.123223e-04 1.129200e-04 1.133478e-04 1.136049e-04 1.136906e-04 
8.437050e-05 8.430017e-05 8.408927e-05 8.373811e-05 8.324717e-05 8.261714e-05 8.184889e-05 8.094350e-05 7.990222e-05 7.872652e-05 7.741803e-05 7.597856e-05 7.441012e-05 7.271490e-05 7.089524e-05 6.895368e-05 6.689292e-05 6.471580e-05 6.242536e-05 6.002477e-05 5.751736e-05 5.490660e-05 5.219612e-05 4.938966e-05 4.649113e-05 4.350454e-05 4.043403e-05 3.728387e-05 3.405843e-05 3.076221e-05 2.739978e-05 2.397584e-05 2.049517e-05 1.696265e-05 1.338322e-05 9.761938e-06 6.103903e-06 2.414302e-06 1.301614e-06 5.038533e-06 8.791083e-06 1.255384e-05 1.632133e-05 2.008802e-05 2.384837e-05 2.759676e-05 3.132756e-05 3.503511e-05 3.871372e-05 4.235768e-05 4.596127e-05 4.951877e-05 5.302445e-05 5.647258e-05 5.985745e-05 6.317339e-05 6.641474e-05 6.957589e-05 7.265128e-05 7.563544e-05 7.852295e-05 8.130850e-05 8.398689e-05 8.655303e-05 8.900199e-05 9.132899e-05 9.352942e-05 9.559885e-05 9.753310e-05 9.932817e-05 1.009803e-04 1.024861e-04 1.038423e-04 1.050460e-04 1.060945e-04 1.069857e-04 1.077176e-04 1.082885e-04 1.086972e-04 1.089428e-04 1.090247e-04 
8.001664e-05 7.994972e-05 7.974904e-05 7.941488e-05 7.894770e-05 7.834816e-05 7.761707e-05 7.675547e-05 7.576453e-05 7.464563e-05 7.340032e-05 7.203032e-05 7.053753e-05 6.892401e-05 6.719199e-05 6.534386e-05 6.338218e-05 6.130966e-05 5.912915e-05 5.684367e-05 5.445638e-05 5.197056e-05 4.938966e-05 4.671724e-05 4.395699e-05 4.111273e-05 3.818839e-05 3.518803e-05 3.211580e-05 2.897598e-05 2.577292e-05 2.251110e-05 1.919506e-05 1.582945e-05 1.241898e-05 8.968472e-06 5.482786e-06 1.966872e-06 1.574261e-06 5.135539e-06 8.711834e-06 1.229796e-05 1.588870e-05 1.947876e-05 2.306283e-05 2.663556e-05 3.019155e-05 3.372540e-05 3.723166e-05 4.070488e-05 4.413958e-05 4.753031e-05 5.087157e-05 5.415790e-05 5.738385e-05 6.054400e-05 6.363295e-05 6.664534e-05 6.957589e-05 7.241935e-05 7.517059e-05 7.782455e-05 8.037626e-05 8.282091e-05 8.515379e-05 8.737036e-05 8.946625e-05 9.143726e-05 9.327942e-05 9.498893e-05 9.656226e-05 9.799613e-05 9.928749e-05 1.004336e-04 1.014320e-04 1.022805e-04 1.029773e-04 1.035208e-04 1.039100e-04 1.041438e-04 1.042218e-04 
7.552155e-05 7.545814e-05 7.526799e-05 7.495137e-05 7.450872e-05 7.394063e-05 7.324789e-05 7.243146e-05 7.149246e-05 7.043217e-05 6.925206e-05 6.795374e-05 6.653899e-05 6.500977e-05 6.336817e-05 6.161645e-05 5.975700e-05 5.779239e-05 5.572531e-05 5.355860e-05 5.129524e-05 4.893833e-05 4.649113e-05 4.395699e-05 4.133940e-05 3.864198e-05 3.586844e-05 3.302261e-05 3.010844e-05 2.712995e-05 2.409129e-05 2.099669e-05 1.785045e-05 1.465699e-05 1.142078e-05 8.146376e-06 4.838414e-06 1.501588e-06 1.859340e-06 5.239548e-06 8.634159e-06 1.203824e-05 1.544682e-05 1.885487e-05 2.225733e-05 2.564911e-05 2.902506e-05 3.238003e-05 3.570885e-05 3.900632e-05 4.226722e-05 4.548635e-05 4.865849e-05 5.177843e-05 5.484100e-05 5.784102e-05 6.077336e-05 6.363295e-05 6.641474e-05 6.911377e-05 7.172515e-05 7.424408e-05 7.666586e-05 7.898591e-05 8.119979e-05 8.330319e-05 8.529198e-05 8.716218e-05 8.891003e-05 9.053195e-05 9.202461e-05 9.338489e-05 9.460994e-05 9.569715e-05 9.664421e-05 9.744908e-05 9.811001e-05 9.862557e-05 9.899464e-05 9.921640e-05 9.929038e-05 
7.089154e-05 7.083174e-05 7.065244e-05 7.035388e-05 6.993646e-05 6.940076e-05 6.874749e-05 6.797757e-05 6.709202e-05 6.609207e-05 6.497906e-05 6.375453e-05 6.242013e-05 6.097768e-05 5.942916e-05 5.777667e-05 5.602246e-05 5.416893e-05 5.221860e-05 5.017415e-05 4.803835e-05 4.581413e-05 4.350454e-05 4.111273e-05 3.864198e-05 3.609568e-05 3.347734e-05 3.079056e-05 2.803904e-05 2.522660e-05 2.235711e-05 1.943458e-05 1.646306e-05 1.344672e-05 1.038979e-05 7.296569e-06 4.171432e-06 1.018821e-06 2.156760e-06 5.350749e-06 8.558529e-06 1.177543e-05 1.499674e-05 1.821769e-05 2.143350e-05 2.463932e-05 2.783029e-05 3.100151e-05 3.414809e-05 3.726508e-05 4.034755e-05 4.339055e-05 4.638914e-05 4.933838e-05 5.223337e-05 5.506920e-05 5.784102e-05 6.054400e-05 6.317339e-05 6.572448e-05 6.819266e-05 7.057337e-05 7.286219e-05 7.505478e-05 7.714696e-05 7.913465e-05 8.101395e-05 8.278113e-05 8.443263e-05 8.596510e-05 8.737537e-05 8.866053e-05 8.981788e-05 9.084499e-05 9.173966e-05 9.249999e-05 9.312434e-05 9.361136e-05 9.395998e-05 9.416947e-05 9.423934e-05 
6.613310e-05 6.607702e-05 6.590886e-05 6.562885e-05 6.523735e-05 6.473491e-05 6.412219e-05 6.340003e-05 6.256940e-05 6.163141e-05 6.058734e-05 5.943858e-05 5.818671e-05 5.683339e-05 5.538047e-05 5.382989e-05 5.218377e-05 5.044433e-05 4.861392e-05 4.669502e-05 4.469024e-05 4.260230e-05 4.043403e-05 3.818839e-05 3.586844e-05 3.347734e-05 3.101838e-05 2.849491e-05 2.591042e-05 2.326845e-05 2.057267e-05 1.782680e-05 1.503467e-05 1.220016e-05 9.327266e-06 6.420017e-06 3.482528e-06 5.189761e-07 2.466402e-06 5.469311e-06 8.485404e-06 1.151028e-05 1.453950e-05 1.756857e-05 2.059296e-05 2.360813e-05 2.660946e-05 2.959236e-05 3.255218e-05 3.548427e-05 3.838396e-05 4.124660e-05 4.406750e-05 4.684202e-05 4.956552e-05 5.223337e-05 5.484100e-05 5.738385e-05 5.985745e-05 6.225736e-05 6.457923e-05 6.681878e-05 6.897183e-05 7.103431e-05 7.300228e-05 7.487192e-05 7.663956e-05 7.830169e-05 7.985496e-05 8.129624e-05 8.262256e-05 8.383119e-05 8.491959e-05 8.588548e-05 8.672681e-05 8.744180e-05 8.802890e-05 8.848686e-05 8.881469e-05 8.901167e-05 8.907737e-05 
6.125291e-05 6.120064e-05 6.104390e-05 6.078290e-05 6.041797e-05 5.994962e-05 5.937847e-05 5.870526e-05 5.793091e-05 5.705644e-05 5.608302e-05 5.501195e-05 5.384466e-05 5.258270e-05 5.122776e-05 4.978165e-05 4.824631e-05 4.662381e-05 4.491630e-05 4.312609e-05 4.125558e-05 3.930730e-05 3.728387e-05 3.518803e-05 3.302261e-05 3.079056e-05 2.849491e-05 2.613880e-05 2.372545e-05 2.125816e-05 1.874034e-05 1.617547e-05 1.356711e-05 1.091888e-05 8.234496e-06 5.517732e-06 2.772430e-06 2.492748e-09 2.788117e-06 5.595380e-06 8.415225e-06 1.124353e-05 1.407614e-05 1.690883e-05 1.973737e-05 2.255747e-05 2.536484e-05 2.815512e-05 3.092398e-05 3.366704e-05 3.637991e-05 3.905823e-05 4.169760e-05 4.429365e-05 4.684202e-05 4.933838e-05 5.177843e-05 5.415790e-05 5.647258e-05 5.871831e-05 6.089101e-05 6.298666e-05 6.500137e-05 6.693131e-05 6.877279e-05 7.052223e-05 7.217620e-05 7.373142e-05 7.518477e-05 7.653330e-05 7.777424e-05 7.890505e-05 7.992335e-05 8.082702e-05 8.161415e-05 8.228306e-05 8.283232e-05 8.326076e-05 8.356745e-05 8.375172e-05 8.381320e-05 
5.625779e-05 5.620942e-05 5.606436e-05 5.582280e-05 5.548506e-05 5.505159e-05 5.452295e-05 5.389983e-05 5.318306e-05 5.237357e-05 5.147243e-05 5.048082e-05 4.940005e-05 4.823154e-05 4.697684e-05 4.563759e-05 4.421558e-05 4.271268e-05 4.113089e-05 3.947232e-05 3.773915e-05 3.593372e-05 3.405843e-05 3.211580e-05 3.010844e-05 2.803904e-05 2.591042e-05 2.372545e-05 2.148710e-05 1.919844e-05 1.686259e-05 1.448278e-05 1.206230e-05 9.604503e-06 7.112829e-06 4.590777e-06 2.041908e-06 5.301528e-07 3.121726e-06 5.729075e-06 8.348415e-06 1.097591e-05 1.360769e-05 1.623982e-05 1.886836e-05 2.148931e-05 2.409866e-05 2.669236e-05 2.926634e-05 3.181654e-05 3.433885e-05 3.682920e-05 3.928347e-05 4.169760e-05 4.406750e-05 4.638914e-05 4.865849e-05 5.087157e-05 5.302445e-05 5.511325e-05 5.713416e-05 5.908345e-05 6.095746e-05 6.275263e-05 6.446553e-05 6.609283e-05 6.763132e-05 6.907795e-05 7.042981e-05 7.168417e-05 7.283845e-05 7.389028e-05 7.483746e-05 7.567800e-05 7.641013e-05 7.703231e-05 7.754319e-05 7.794169e-05 7.822695e-05 7.839835e-05 7.845552e-05 
5.115470e-05 5.111031e-05 5.097717e-05 5.075548e-05 5.044550e-05 5.004764e-05 4.956241e-05 4.899044e-05 4.833246e-05 4.758932e-05 4.676198e-05 4.585151e-05 4.485909e-05 4.378600e-05 4.263364e-05 4.140351e-05 4.009720e-05 3.871643e-05 3.726299e-05 3.573880e-05 3.414586e-05 3.248626e-05 3.076221e-05 2.897598e-05 2.712995e-05 2.522660e-05 2.326845e-05 2.125816e-05 1.919844e-05 1.709207e-05 1.494194e-05 1.275098e-05 1.052221e-05 8.258725e-06 5.963669e-06 3.640260e-06 1.291776e-06 1.078447e-06 3.467018e-06 5.870492e-06 8.285376e-06 1.070813e-05 1.313517e-05 1.556287e-05 1.798758e-05 2.040559e-05 2.281319e-05 2.520663e-05 2.758215e-05 2.993596e-05 3.226427e-05 3.456328e-05 3.682920e-05 3.905823e-05 4.124660e-05 4.339055e-05 4.548635e-05 4.753031e-05 4.951877e-05 5.144815e-05 5.331490e-05 5.511555e-05 5.684673e-05 5.850514e-05 6.008758e-05 6.159096e-05 6.301234e-05 6.434886e-05 6.559785e-05 6.675677e-05 6.782323e-05 6.879504e-05 6.967017e-05 7.044677e-05 7.112322e-05 7.169807e-05 7.217010e-05 7.253829e-05 7.280185e-05 7.296021e-05 7.301304e-05 
4.595075e-05 4.591041e-05 4.578944e-05 4.558798e-05 4.530630e-05 4.494474e-05 4.450377e-05 4.398393e-05 4.338588e-05 4.271037e-05 4.195825e-05 4.113049e-05 4.022812e-05 3.925229e-05 3.820424e-05 3.708531e-05 3.589693e-05 3.464062e-05 3.331799e-05 3.193076e-05 3.048071e-05 2.896973e-05 2.739978e-05 2.577292e-05 2.409129e-05 2.235711e-05 2.057267e-05 1.874034e-05 1.686259e-05 1.494194e-05 1.298098e-05 1.098238e-05 8.948886e-06 6.883294e-06 4.788469e-06 2.667340e-06 5.228901e-07 1.641838e-06 3.823748e-06 6.019696e-06 8.226485e-06 1.044088e-05 1.265959e-05 1.487930e-05 1.709665e-05 1.930826e-05 2.151070e-05 2.370052e-05 2.587428e-05 2.802848e-05 3.015965e-05 3.226427e-05 3.433885e-05 3.637991e-05 3.838396e-05 4.034755e-05 4.226722e-05 4.413958e-05 4.596127e-05 4.772897e-05 4.943942e-05 5.108942e-05 5.267585e-05 5.419569e-05 5.564598e-05 5.702389e-05 5.832669e-05 5.955176e-05 6.069664e-05 6.175898e-05 6.273660e-05 6.362748e-05 6.442974e-05 6.514169e-05 6.576184e-05 6.628884e-05 6.672159e-05 6.705915e-05 6.730078e-05 6.744597e-05 6.749440e-05 
4.065318e-05 4.061696e-05 4.050836e-05 4.032751e-05 4.007462e-05 3.975000e-05 3.935406e-05 3.888727e-05 3.835020e-05 3.774351e-05 3.706794e-05 3.632433e-05 3.551359e-05 3.463672e-05 3.369481e-05 3.268902e-05 3.162062e-05 3.049094e-05 2.930140e-05 2.805350e-05 2.674882e-05 2.538902e-05 2.397584e-05 2.251110e-05 2.099669e-05 1.943458e-05 1.782680e-05 1.617547e-05 1.448278e-05 1.275098e-05 1.098238e-05 9.179378e-06 7.344418e-06 5.480014e-06 3.588738e-06 1.673221e-06 2.638501e-07 2.219734e-06 4.191639e-06 6.176722e-06 8.172094e-06 1.017482e-05 1.218194e-05 1.419042e-05 1.619722e-05 1.819926e-05 2.019343e-05 2.217661e-05 2.414562e-05 2.609731e-05 2.802848e-05 2.993596e-05 3.181654e-05 3.366704e-05 3.548427e-05 3.726508e-05 3.900632e-05 4.070488e-05 4.235768e-05 4.396169e-05 4.551393e-05 4.701147e-05 4.845147e-05 4.983115e-05 5.114781e-05 5.239885e-05 5.358178e-05 5.469422e-05 5.573390e-05 5.669868e-05 5.758657e-05 5.839570e-05 5.912438e-05 5.977106e-05 6.033437e-05 6.081309e-05 6.120619e-05 6.151282e-05 6.173233e-05 6.186422e-05 6.190822e-05 
3.526933e-05 3.523730e-05 3.514127e-05 3.498135e-05 3.475771e-05 3.447063e-05 3.412044e-05 3.370754e-05 3.323243e-05 3.269565e-05 3.209785e-05 3.143973e-05 3.072207e-05 2.994573e-05 2.911163e-05 2.822078e-05 2.727425e-05 2.627319e-05 2.521883e-05 2.411244e-05 2.295540e-05 2.174914e-05 2.049517e-05 1.919506e-05 1.785045e-05 1.646306e-05 1.503467e-05 1.356711e-05 1.206230e-05 1.052221e-05 8.948886e-06 7.344418e-06 5.710966e-06 4.050747e-06 2.366034e-06 6.591575e-07 1.067501e-06 2.811506e-06 4.570375e-06 6.341574e-06 8.122527e-06 9.910614e-06 1.170317e-05 1.349751e-05 1.529088e-05 1.708053e-05 1.886366e-05 2.063744e-05 2.239905e-05 2.414562e-05 2.587428e-05 2.758215e-05 2.926634e-05 3.092398e-05 3.255218e-05 3.414809e-05 3.570885e-05 3.723166e-05 3.871372e-05 4.015228e-05 4.154464e-05 4.288816e-05 4.418024e-05 4.541836e-05 4.660009e-05 4.772307e-05 4.878502e-05 4.978380e-05 5.071734e-05 5.158371e-05 5.238109e-05 5.310780e-05 5.376229e-05 5.434317e-05 5.484918e-05 5.527922e-05 5.563237e-05 5.590784e-05 5.610504e-05 5.622354e-05 5.626306e-05 
2.980666e-05 2.977889e-05 2.969562e-05 2.955692e-05 2.936296e-05 2.911395e-05 2.881017e-05 2.845194e-05 2.803967e-05 2.757381e-05 2.705489e-05 2.648348e-05 2.586024e-05 2.518585e-05 2.446111e-05 2.368682e-05 2.286389e-05 2.199327e-05 2.107598e-05 2.011310e-05 1.910577e-05 1.805520e-05 1.696265e-05 1.582945e-05 1.465699e-05 1.344672e-05 1.220016e-05 1.091888e-05 9.604503e-06 8.258725e-06 6.883294e-06 5.480014e-06 4.050747e-06 2.597409e-06 1.121969e-06 3.735499e-07 1.887075e-06 3.416483e-06 4.959605e-06 6.514223e-06 8.078078e-06 9.648866e-06 1.122425e-05 1.280184e-05 1.437923e-05 1.595397e-05 1.752360e-05 1.908559e-05 2.063744e-05 2.217661e-05 2.370052e-05 2.520663e-05 2.669236e-05 2.815512e-05 2.959236e-05 3.100151e-05 3.238003e-05 3.372540e-05 3.503511e-05 3.630670e-05 3.753775e-05 3.872588e-05 3.986878e-05 4.096417e-05 4.200986e-05 4.300375e-05 4.394379e-05 4.482804e-05 4.565465e-05 4.642189e-05 4.712812e-05 4.777183e-05 4.835162e-05 4.886625e-05 4.931458e-05 4.969563e-05 5.000856e-05 5.025267e-05 5.042743e-05 5.053244e-05 5.056747e-05 
2.427275e-05 2.424929e-05 2.417893e-05 2.406174e-05 2.389784e-05 2.368740e-05 2.343062e-05 2.312776e-05 2.277914e-05 2.238511e-05 2.194608e-05 2.146249e-05 2.093486e-05 2.036374e-05 1.974972e-05 1.909348e-05 1.839570e-05 1.765717e-05 1.687867e-05 1.606109e-05 1.520533e-05 1.431236e-05 1.338322e-05 1.241898e-05 1.142078e-05 1.038979e-05 9.327266e-06 8.234496e-06 7.112829e-06 5.963669e-06 4.788469e-06 3.588738e-06 2.366034e-06 1.121969e-06 1.417970e-07 1.423553e-06 2.721541e-06 4.033954e-06 5.358941e-06 6.694606e-06 8.039010e-06 9.390173e-06 1.074608e-05 1.210466e-05 1.346385e-05 1.482150e-05 1.617548e-05 1.752360e-05 1.886366e-05 2.019343e-05 2.151070e-05 2.281319e-05 2.409866e-05 2.536484e-05 2.660946e-05 2.783029e-05 2.902506e-05 3.019155e-05 3.132756e-05 3.243090e-05 3.349944e-05 3.453106e-05 3.552371e-05 3.647538e-05 3.738413e-05 3.824808e-05 3.906543e-05 3.983444e-05 4.055348e-05 4.122100e-05 4.183556e-05 4.239579e-05 4.290048e-05 4.334850e-05 4.373885e-05 4.407065e-05 4.434316e-05 4.455575e-05 4.470795e-05 4.479941e-05 4.482992e-05 
1.867525e-05 1.865615e-05 1.859885e-05 1.850342e-05 1.836992e-05 1.819848e-05 1.798924e-05 1.774239e-05 1.745815e-05 1.713676e-05 1.677852e-05 1.638375e-05 1.595281e-05 1.548610e-05 1.498406e-05 1.444717e-05 1.387595e-05 1.327095e-05 1.263278e-05 1.196208e-05 1.125954e-05 1.052590e-05 9.761938e-06 8.968472e-06 8.146376e-06 7.296569e-06 6.420017e-06 5.517732e-06 4.590777e-06 3.640260e-06 2.667340e-06 1.673221e-06 6.591575e-07 3.735499e-07 1.423553e-06 2.489458e-06 3.569825e-06 4.663168e-06 5.767958e-06 6.882625e-06 8.005554e-06 9.135093e-06 1.026955e-05 1.140720e-05 1.254628e-05 1.368498e-05 1.482150e-05 1.595397e-05 1.708053e-05 1.819926e-05 1.930826e-05 2.040559e-05 2.148931e-05 2.255747e-05 2.360813e-05 2.463932e-05 2.564911e-05 2.663556e-05 2.759676e-05 2.853081e-05 2.943585e-05 3.031005e-05 3.115161e-05 3.195878e-05 3.272986e-05 3.346321e-05 3.415725e-05 3.481047e-05 3.542144e-05 3.598879e-05 3.651126e-05 3.698767e-05 3.741694e-05 3.779808e-05 3.813021e-05 3.841257e-05 3.864450e-05 3.882546e-05 3.895501e-05 3.903287e-05 3.905884e-05 
1.302190e-05 1.300720e-05 1.296310e-05 1.288964e-05 1.278685e-05 1.265480e-05 1.249359e-05 1.230330e-05 1.208408e-05 1.183605e-05 1.155941e-05 1.125433e-05 1.092103e-05 1.055976e-05 1.017079e-05 9.754409e-06 9.310953e-06 8.840776e-06 8.344268e-06 7.821852e-06 7.273984e-06 6.701158e-06 6.103903e-06 5.482786e-06 4.838414e-06 4.171432e-06 3.482528e-06 2.772430e-06 2.041908e-06 1.291776e-06 5.228901e-07 2.638501e-07 1.067501e-06 1.887075e-06 2.721541e-06 3.569825e-06 4.430808e-06 5.303331e-06 6.186191e-06 7.078145e-06 7.977908e-06 8.884159e-06 9.795535e-06 1.071064e-05 1.162804e-05 1.254628e-05 1.346385e-05 1.437923e-05 1.529088e-05 1.619722e-05 1.709665e-05 1.798758e-05 1.886836e-05 1.973737e-05 2.059296e-05 2.143350e-05 2.225733e-05 2.306283e-05 2.384837e-05 2.461233e-05 2.535314e-05 2.606922e-05 2.675904e-05 2.742112e-05 2.805399e-05 2.865625e-05 2.922654e-05 2.976357e-05 3.026610e-05 3.073296e-05 3.116307e-05 3.155540e-05 3.190903e-05 3.222310e-05 3.249686e-05 3.272965e-05 3.292089e-05 3.307012e-05 3.317698e-05 3.324120e-05 3.326263e-05 
