2.281068e-03 2.252985e-03 2.169425e-03 2.032447e-03 1.845423e-03 1.612959e-03 1.340778e-03 1.035583e-03 7.048889e-04 3.568377e-04 1.247943e-16 3.568377e-04 7.048889e-04 1.035583e-03 1.340778e-03 1.612959e-03 1.845423e-03 2.032447e-03 2.169425e-03 2.252985e-03 2.281068e-03 
2.252985e-03 2.225247e-03 2.142716e-03 2.007424e-03 1.822703e-03 1.593101e-03 1.324271e-03 1.022834e-03 6.962105e-04 3.524444e-04 1.673214e-16 3.524444e-04 6.962105e-04 1.022834e-03 1.324271e-03 1.593101e-03 1.822703e-03 2.007424e-03 2.142716e-03 2.225247e-03 2.252985e-03 
2.169425e-03 2.142716e-03 2.063246e-03 1.932972e-03 1.755102e-03 1.534015e-03 1.275156e-03 9.848983e-04 6.703892e-04 3.393728e-04 3.057314e-17 3.393728e-04 6.703892e-04 9.848983e-04 1.275156e-03 1.534015e-03 1.755102e-03 1.932972e-03 2.063246e-03 2.142716e-03 2.169425e-03 
2.032447e-03 2.007424e-03 1.932972e-03 1.810923e-03 1.644284e-03 1.437157e-03 1.194642e-03 9.227115e-04 6.280606e-04 3.179447e-04 1.032892e-16 3.179447e-04 6.280606e-04 9.227115e-04 1.194642e-03 1.437157e-03 1.644284e-03 1.810923e-03 1.932972e-03 2.007424e-03 2.032447e-03 
1.845423e-03 1.822703e-03 1.755102e-03 1.644284e-03 1.492979e-03 1.304911e-03 1.084712e-03 8.378045e-04 5.702671e-04 2.886878e-04 5.232068e-17 2.886878e-04 5.702671e-04 8.378045e-04 1.084712e-03 1.304911e-03 1.492979e-03 1.644284e-03 1.755102e-03 1.822703e-03 1.845423e-03 
1.612959e-03 1.593101e-03 1.534015e-03 1.437157e-03 1.304911e-03 1.140534e-03 9.480734e-04 7.322680e-04 4.984317e-04 2.523224e-04 2.529968e-17 2.523224e-04 4.984317e-04 7.322680e-04 9.480734e-04 1.140534e-03 1.304911e-03 1.437157e-03 1.534015e-03 1.593101e-03 1.612959e-03 
1.340778e-03 1.324271e-03 1.275156e-03 1.194642e-03 1.084712e-03 9.480734e-04 7.880897e-04 6.087006e-04 4.143233e-04 2.097439e-04 1.547837e-16 2.097439e-04 4.143233e-04 6.087006e-04 7.880897e-04 9.480734e-04 1.084712e-03 1.194642e-03 1.275156e-03 1.324271e-03 1.340778e-03 
1.035583e-03 1.022834e-03 9.848983e-04 9.227115e-04 8.378045e-04 7.322680e-04 6.087006e-04 4.701450e-04 3.200129e-04 1.620009e-04 8.760353e-17 1.620009e-04 3.200129e-04 4.701450e-04 6.087006e-04 7.322680e-04 8.378045e-04 9.227115e-04 9.848983e-04 1.022834e-03 1.035583e-03 
7.048889e-04 6.962105e-04 6.703892e-04 6.280606e-04 5.702671e-04 4.984317e-04 4.143233e-04 3.200129e-04 2.178226e-04 1.102689e-04 2.104273e-17 1.102689e-04 2.178226e-04 3.200129e-04 4.143233e-04 4.984317e-04 5.702671e-04 6.280606e-04 6.703892e-04 6.962105e-04 7.048889e-04 
3.568377e-04 3.524444e-04 3.393728e-04 3.179447e-04 2.886878e-04 2.523224e-04 2.097439e-04 1.620009e-04 1.102689e-04 5.582172e-05 1.908828e-17 5.582172e-05 1.102689e-04 1.620009e-04 2.097439e-04 2.523224e-04 2.886878e-04 3.179447e-04 3.393728e-04 3.524444e-04 3.568377e-04 
5.489082e-17 3.837830e-17 2.569275e-17 2.179614e-17 2.890003e-17 1.906516e-17 5.214182e-18 4.229619e-18 1.486600e-17 1.384085e-17 9.355887e-18 8.848103e-18 1.460387e-17 1.611455e-17 1.108393e-17 1.308252e-18 6.732271e-18 1.667465e-17 3.023289e-18 1.274197e-17 1.090566e-17 
3.568377e-04 3.524444e-04 3.393728e-04 3.179447e-04 2.886878e-04 2.523224e-04 2.097439e-04 1.620009e-04 1.102689e-04 5.582172e-05 5.378274e-17 5.582172e-05 1.102689e-04 1.620009e-04 2.097439e-04 2.523224e-04 2.886878e-04 3.179447e-04 3.393728e-04 3.524444e-04 3.568377e-04 
7.048889e-04 6.962105e-04 6.703892e-04 6.280606e-04 5.702671e-04 4.984317e-04 4.143233e-04 3.200129e-04 2.178226e-04 1.102689e-04 2.260517e-19 1.102689e-04 2.178226e-04 3.200129e-04 4.143233e-04 4.984317e-04 5.702671e-04 6.280606e-04 6.703892e-04 6.962105e-04 7.048889e-04 
1.035583e-03 1.022834e-03 9.848983e-04 9.227115e-04 8.378045e-04 7.322680e-04 6.087006e-04 4.701450e-04 3.200129e-04 1.620009e-04 3.729656e-17 1.620009e-04 3.200129e-04 4.701450e-04 6.087006e-04 7.322680e-04 8.378045e-04 9.227115e-04 9.848983e-04 1.022834e-03 1.035583e-03 
1.340778e-03 1.324271e-03 1.275156e-03 1.194642e-03 1.084712e-03 9.480734e-04 7.880897e-04 6.087006e-04 4.143233e-04 2.097439e-04 7.151698e-17 2.097439e-04 4.143233e-04 6.087006e-04 7.880897e-04 9.480734e-04 1.084712e-03 1.194642e-03 1.275156e-03 1.324271e-03 1.340778e-03 
1.612959e-03 1.593101e-03 1.534015e-03 1.437157e-03 1.304911e-03 1.140534e-03 9.480734e-04 7.322680e-04 4.984317e-04 2.523224e-04 3.917747e-17 2.523224e-04 4.984317e-04 7.322680e-04 9.480734e-04 1.140534e-03 1.304911e-03 1.437157e-03 1.534015e-03 1.593101e-03 1.612959e-03 
1.845423e-03 1.822703e-03 1.755102e-03 1.644284e-03 1.492979e-03 1.304911e-03 1.084712e-03 8.378045e-04 5.702671e-04 2.886878e-04 2.882431e-16 2.886878e-04 5.702671e-04 8.378045e-04 1.084712e-03 1.304911e-03 1.492979e-03 1.644284e-03 1.755102e-03 1.822703e-03 1.845423e-03 
2.032447e-03 2.007424e-03 1.932972e-03 1.810923e-03 1.644284e-03 1.437157e-03 1.194642e-03 9.227115e-04 6.280606e-04 3.179447e-04 1.881444e-16 3.179447e-04 6.280606e-04 9.227115e-04 1.194642e-03 1.437157e-03 1.644284e-03 1.810923e-03 1.932972e-03 2.007424e-03 2.032447e-03 
2.169425e-03 2.142716e-03 2.063246e-03 1.932972e-03 1.755102e-03 1.534015e-03 1.275156e-03 9.848983e-04 6.703892e-04 3.393728e-04 4.469068e-16 3.393728e-04 6.703892e-04 9.848983e-04 1.275156e-03 1.534015e-03 1.755102e-03 1.932972e-03 2.063246e-03 2.142716e-03 2.169425e-03 
2.252985e-03 2.225247e-03 2.142716e-03 2.007424e-03 1.822703e-03 1.593101e-03 1.324271e-03 1.022834e-03 6.962105e-04 3.524444e-04 2.490122e-16 3.524444e-04 6.962105e-04 1.022834e-03 1.324271e-03 1.593101e-03 1.822703e-03 2.007424e-03 2.142716e-03 2.225247e-03 2.252985e-03 
2.281068e-03 2.252985e-03 2.169425e-03 2.032447e-03 1.845423e-03 1.612959e-03 1.340778e-03 1.035583e-03 7.048889e-04 3.568377e-04 3.609283e-16 3.568377e-04 7.048889e-04 1.035583e-03 1.340778e-03 1.612959e-03 1.845423e-03 2.032447e-03 2.169425e-03 2.252985e-03 2.281068e-03 
