2.151268e-03 2.123106e-03 2.039279e-03 1.901730e-03 1.713623e-03 1.479229e-03 1.203800e-03 8.934324e-04 5.549129e-04 1.955728e-04 1.768507e-04 5.543139e-04 9.285094e-04 1.290851e-03 1.632431e-03 1.944033e-03 2.216272e-03 2.439970e-03 2.606753e-03 2.709815e-03 2.744689e-03 
2.123106e-03 2.095302e-03 2.012536e-03 1.876726e-03 1.690990e-03 1.459539e-03 1.187558e-03 8.810633e-04 5.467598e-04 1.918917e-04 1.758906e-04 5.486284e-04 9.180984e-04 1.275801e-03 1.612929e-03 1.920378e-03 2.188901e-03 2.409474e-03 2.573879e-03 2.675449e-03 2.709815e-03 
2.039279e-03 2.012536e-03 1.932928e-03 1.802287e-03 1.623600e-03 1.400904e-03 1.139178e-03 8.442064e-04 5.224435e-04 1.808749e-04 1.731090e-04 5.318056e-04 8.872465e-04 1.231197e-03 1.555143e-03 1.850322e-03 2.107889e-03 2.319264e-03 2.476684e-03 2.573879e-03 2.606753e-03 
1.901730e-03 1.876726e-03 1.802287e-03 1.680112e-03 1.512971e-03 1.304621e-03 1.059700e-03 7.836098e-04 4.823938e-04 1.626082e-04 1.687899e-04 5.045282e-04 8.370687e-04 1.158624e-03 1.461168e-03 1.736500e-03 1.976412e-03 2.173023e-03 2.319264e-03 2.409474e-03 2.439970e-03 
1.713623e-03 1.690990e-03 1.623600e-03 1.512971e-03 1.361585e-03 1.172812e-03 9.508265e-04 7.005079e-04 4.273294e-04 1.372526e-04 1.633702e-04 4.678733e-04 7.693297e-04 1.060585e-03 1.334296e-03 1.583021e-03 1.799390e-03 1.976412e-03 2.107889e-03 2.188901e-03 2.216272e-03 
1.479229e-03 1.459539e-03 1.400904e-03 1.304621e-03 1.172812e-03 1.008370e-03 8.148940e-04 5.966045e-04 3.582595e-04 1.050676e-04 1.573913e-04 4.232329e-04 6.863227e-04 9.403237e-04 1.178759e-03 1.395116e-03 1.583021e-03 1.736500e-03 1.850322e-03 1.920378e-03 1.944033e-03 
1.203800e-03 1.187558e-03 1.139178e-03 1.059700e-03 9.508265e-04 8.148940e-04 6.548196e-04 4.740470e-04 2.764835e-04 6.643758e-05 1.514416e-04 3.722190e-04 5.907260e-04 8.016164e-04 9.994414e-04 1.178759e-03 1.334296e-03 1.461168e-03 1.555143e-03 1.612929e-03 1.632431e-03 
8.934324e-04 8.810633e-04 8.442064e-04 7.836098e-04 7.005079e-04 5.966045e-04 4.740470e-04 3.353955e-04 1.835870e-04 2.189732e-05 1.460985e-04 3.165666e-04 4.854597e-04 6.485724e-04 8.016164e-04 9.403237e-04 1.060585e-03 1.158624e-03 1.231197e-03 1.275801e-03 1.290851e-03 
5.549129e-04 5.467598e-04 5.224435e-04 4.823938e-04 4.273294e-04 3.582595e-04 2.764835e-04 1.835870e-04 8.143376e-05 2.784634e-05 1.418740e-04 2.580434e-04 3.735546e-04 4.854597e-04 5.907260e-04 6.863227e-04 7.693297e-04 8.370687e-04 8.872465e-04 9.180984e-04 9.285094e-04 
1.955728e-04 1.918917e-04 1.808749e-04 1.626082e-04 1.372526e-04 1.050676e-04 6.643758e-05 2.189732e-05 2.784634e-05 8.189864e-05 1.391688e-04 1.983720e-04 2.580434e-04 3.165666e-04 3.722190e-04 4.232329e-04 4.678733e-04 5.045282e-04 5.318056e-04 5.486284e-04 5.543139e-04 
1.768507e-04 1.758906e-04 1.731090e-04 1.687899e-04 1.633702e-04 1.573913e-04 1.514416e-04 1.460985e-04 1.418740e-04 1.391688e-04 1.382380e-04 1.391688e-04 1.418740e-04 1.460985e-04 1.514416e-04 1.573913e-04 1.633702e-04 1.687899e-04 1.731090e-04 1.758906e-04 1.768507e-04 
5.543139e-04 5.486284e-04 5.318056e-04 5.045282e-04 4.678733e-04 4.232329e-04 3.722190e-04 3.165666e-04 2.580434e-04 1.983720e-04 1.391688e-04 8.189864e-05 2.784634e-05 2.189732e-05 6.643758e-05 1.050676e-04 1.372526e-04 1.626082e-04 1.808749e-04 1.918917e-04 1.955728e-04 
9.285094e-04 9.180984e-04 8.872465e-04 8.370687e-04 7.693297e-04 6.863227e-04 5.907260e-04 4.854597e-04 3.735546e-04 2.580434e-04 1.418740e-04 2.784634e-05 8.143376e-05 1.835870e-04 2.764835e-04 3.582595e-04 4.273294e-04 4.823938e-04 5.224435e-04 5.467598e-04 5.549129e-04 
1.290851e-03 1.275801e-03 1.231197e-03 1.158624e-03 1.060585e-03 9.403237e-04 8.016164e-04 6.485724e-04 4.854597e-04 3.165666e-04 1.460985e-04 2.189732e-05 1.835870e-04 3.353955e-04 4.740470e-04 5.966045e-04 7.005079e-04 7.836098e-04 8.442064e-04 8.810633e-04 8.934324e-04 
1.632431e-03 1.612929e-03 1.555143e-03 1.461168e-03 1.334296e-03 1.178759e-03 9.994414e-04 8.016164e-04 5.907260e-04 3.722190e-04 1.514416e-04 6.643758e-05 2.764835e-04 4.740470e-04 6.548196e-04 8.148940e-04 9.508265e-04 1.059700e-03 1.139178e-03 1.187558e-03 1.203800e-03 
1.944033e-03 1.920378e-03 1.850322e-03 1.736500e-03 1.583021e-03 1.395116e-03 1.178759e-03 9.403237e-04 6.863227e-04 4.232329e-04 1.573913e-04 1.050676e-04 3.582595e-04 5.966045e-04 8.148940e-04 1.008370e-03 1.172812e-03 1.304621e-03 1.400904e-03 1.459539e-03 1.479229e-03 
2.216272e-03 2.188901e-03 2.107889e-03 1.976412e-03 1.799390e-03 1.583021e-03 1.334296e-03 1.060585e-03 7.693297e-04 4.678733e-04 1.633702e-04 1.372526e-04 4.273294e-04 7.005079e-04 9.508265e-04 1.172812e-03 1.361585e-03 1.512971e-03 1.623600e-03 1.690990e-03 1.713623e-03 
2.439970e-03 2.409474e-03 2.319264e-03 2.173023e-03 1.976412e-03 1.736500e-03 1.461168e-03 1.158624e-03 8.370687e-04 5.045282e-04 1.687899e-04 1.626082e-04 4.823938e-04 7.836098e-04 1.059700e-03 1.304621e-03 1.512971e-03 1.680112e-03 1.802287e-03 1.876726e-03 1.901730e-03 
2.606753e-03 2.573879e-03 2.476684e-03 2.319264e-03 2.107889e-03 1.850322e-03 1.555143e-03 1.231197e-03 8.872465e-04 5.318056e-04 1.731090e-04 1.808749e-04 5.224435e-04 8.442064e-04 1.139178e-03 1.400904e-03 1.623600e-03 1.802287e-03 1.932928e-03 2.012536e-03 2.039279e-03 
2.709815e-03 2.675449e-03 2.573879e-03 2.409474e-03 2.188901e-03 1.920378e-03 1.612929e-03 1.275801e-03 9.180984e-04 5.486284e-04 1.758906e-04 1.918917e-04 5.467598e-04 8.810633e-04 1.187558e-03 1.459539e-03 1.690990e-03 1.876726e-03 2.012536e-03 2.095302e-03 2.123106e-03 
2.744689e-03 2.709815e-03 2.606753e-03 2.439970e-03 2.216272e-03 1.944033e-03 1.632431e-03 1.290851e-03 9.285094e-04 5.543139e-04 1.768507e-04 1.955728e-04 5.549129e-04 8.934324e-04 1.203800e-03 1.479229e-03 1.713623e-03 1.901730e-03 2.039279e-03 2.123106e-03 2.151268e-03 
