9.516258e-02 9.486923e-02 9.399097e-02 9.253323e-02 9.050499e-02 8.791876e-02 8.479048e-02 8.113944e-02 7.698815e-02 7.236220e-02 6.729011e-02 6.180315e-02 5.593516e-02 4.972231e-02 4.320291e-02 3.641714e-02 2.940686e-02 2.221526e-02 1.488671e-02 7.466370e-03 5.827028e-18 -7.466370e-03 -1.488671e-02 -2.221526e-02 -2.940686e-02 -3.641714e-02 -4.320291e-02 -4.972231e-02 -5.593516e-02 -6.180315e-02 -6.729011e-02 -7.236220e-02 -7.698815e-02 -8.113944e-02 -8.479048e-02 -8.791876e-02 -9.050499e-02 -9.253323e-02 -9.399097e-02 -9.486923e-02 -9.516258e-02 
9.486923e-02 9.457678e-02 9.370123e-02 9.224798e-02 9.022600e-02 8.764774e-02 8.452910e-02 8.088931e-02 7.675082e-02 7.213913e-02 6.708267e-02 6.161263e-02 5.576273e-02 4.956904e-02 4.306973e-02 3.630488e-02 2.931620e-02 2.214678e-02 1.484082e-02 7.443354e-03 5.809065e-18 -7.443354e-03 -1.484082e-02 -2.214678e-02 -2.931620e-02 -3.630488e-02 -4.306973e-02 -4.956904e-02 -5.576273e-02 -6.161263e-02 -6.708267e-02 -7.213913e-02 -7.675082e-02 -8.088931e-02 -8.452910e-02 -8.764774e-02 -9.022600e-02 -9.224798e-02 -9.370123e-02 -9.457678e-02 -9.486923e-02 
9.399097e-02 9.370123e-02 9.283379e-02 9.139399e-02 8.939073e-02 8.683634e-02 8.374657e-02 8.014048e-02 7.604029e-02 7.147130e-02 6.646165e-02 6.104225e-02 5.524651e-02 4.911015e-02 4.267101e-02 3.596879e-02 2.904481e-02 2.194176e-02 1.470343e-02 7.374447e-03 5.755287e-18 -7.374447e-03 -1.470343e-02 -2.194176e-02 -2.904481e-02 -3.596879e-02 -4.267101e-02 -4.911015e-02 -5.524651e-02 -6.104225e-02 -6.646165e-02 -7.147130e-02 -7.604029e-02 -8.014048e-02 -8.374657e-02 -8.683634e-02 -8.939073e-02 -9.139399e-02 -9.283379e-02 -9.370123e-02 -9.399097e-02 
9.253323e-02 9.224798e-02 9.139399e-02 8.997653e-02 8.800433e-02 8.548956e-02 8.244771e-02 7.889755e-02 7.486096e-02 7.036282e-02 6.543088e-02 6.009553e-02 5.438967e-02 4.834848e-02 4.200921e-02 3.541093e-02 2.859434e-02 2.160145e-02 1.447539e-02 7.260074e-03 5.666026e-18 -7.260074e-03 -1.447539e-02 -2.160145e-02 -2.859434e-02 -3.541093e-02 -4.200921e-02 -4.834848e-02 -5.438967e-02 -6.009553e-02 -6.543088e-02 -7.036282e-02 -7.486096e-02 -7.889755e-02 -8.244771e-02 -8.548956e-02 -8.800433e-02 -8.997653e-02 -9.139399e-02 -9.224798e-02 -9.253323e-02 
9.050499e-02 9.022600e-02 8.939073e-02 8.800433e-02 8.607536e-02 8.361571e-02 8.064054e-02 7.716819e-02 7.322008e-02 6.882054e-02 6.399669e-02 5.877829e-02 5.319750e-02 4.728873e-02 4.108841e-02 3.463476e-02 2.796758e-02 2.112797e-02 1.415810e-02 7.100940e-03 5.541833e-18 -7.100940e-03 -1.415810e-02 -2.112797e-02 -2.796758e-02 -3.463476e-02 -4.108841e-02 -4.728873e-02 -5.319750e-02 -5.877829e-02 -6.399669e-02 -6.882054e-02 -7.322008e-02 -7.716819e-02 -8.064054e-02 -8.361571e-02 -8.607536e-02 -8.800433e-02 -8.939073e-02 -9.022600e-02 -9.050499e-02 
8.791876e-02 8.764774e-02 8.683634e-02 8.548956e-02 8.361571e-02 8.122634e-02 7.833619e-02 7.496307e-02 7.112777e-02 6.685395e-02 6.216795e-02 5.709867e-02 5.167735e-02 4.593743e-02 3.991428e-02 3.364505e-02 2.716839e-02 2.052423e-02 1.375352e-02 6.898027e-03 5.383472e-18 -6.898027e-03 -1.375352e-02 -2.052423e-02 -2.716839e-02 -3.364505e-02 -3.991428e-02 -4.593743e-02 -5.167735e-02 -5.709867e-02 -6.216795e-02 -6.685395e-02 -7.112777e-02 -7.496307e-02 -7.833619e-02 -8.122634e-02 -8.361571e-02 -8.548956e-02 -8.683634e-02 -8.764774e-02 -8.791876e-02 
8.479048e-02 8.452910e-02 8.374657e-02 8.244771e-02 8.064054e-02 7.833619e-02 7.554887e-02 7.229577e-02 6.859694e-02 6.447519e-02 5.995592e-02 5.506701e-02 4.983859e-02 4.430290e-02 3.849407e-02 3.244791e-02 2.620170e-02 1.979394e-02 1.326415e-02 6.652584e-03 5.191920e-18 -6.652584e-03 -1.326415e-02 -1.979394e-02 -2.620170e-02 -3.244791e-02 -3.849407e-02 -4.430290e-02 -4.983859e-02 -5.506701e-02 -5.995592e-02 -6.447519e-02 -6.859694e-02 -7.229577e-02 -7.554887e-02 -7.833619e-02 -8.064054e-02 -8.244771e-02 -8.374657e-02 -8.452910e-02 -8.479048e-02 
8.113944e-02 8.088931e-02 8.014048e-02 7.889755e-02 7.716819e-02 7.496307e-02 7.229577e-02 6.918275e-02 6.564319e-02 6.169891e-02 5.737425e-02 5.269585e-02 4.769257e-02 4.239524e-02 3.683653e-02 3.105072e-02 2.507347e-02 1.894163e-02 1.269300e-02 6.366127e-03 4.968358e-18 -6.366127e-03 -1.269300e-02 -1.894163e-02 -2.507347e-02 -3.105072e-02 -3.683653e-02 -4.239524e-02 -4.769257e-02 -5.269585e-02 -5.737425e-02 -6.169891e-02 -6.564319e-02 -6.918275e-02 -7.229577e-02 -7.496307e-02 -7.716819e-02 -7.889755e-02 -8.014048e-02 -8.088931e-02 -8.113944e-02 
7.698815e-02 7.675082e-02 7.604029e-02 7.486096e-02 7.322008e-02 7.112777e-02 6.859694e-02 6.564319e-02 6.228472e-02 5.854225e-02 5.443884e-02 4.999980e-02 4.525250e-02 4.022620e-02 3.495189e-02 2.946209e-02 2.379065e-02 1.797253e-02 1.204360e-02 6.040420e-03 4.714164e-18 -6.040420e-03 -1.204360e-02 -1.797253e-02 -2.379065e-02 -2.946209e-02 -3.495189e-02 -4.022620e-02 -4.525250e-02 -4.999980e-02 -5.443884e-02 -5.854225e-02 -6.228472e-02 -6.564319e-02 -6.859694e-02 -7.112777e-02 -7.322008e-02 -7.486096e-02 -7.604029e-02 -7.675082e-02 -7.698815e-02 
7.236220e-02 7.213913e-02 7.147130e-02 7.036282e-02 6.882054e-02 6.685395e-02 6.447519e-02 6.169891e-02 5.854225e-02 5.502464e-02 5.116780e-02 4.699549e-02 4.253343e-02 3.780914e-02 3.285175e-02 2.769181e-02 2.236115e-02 1.689262e-02 1.131994e-02 5.677472e-03 4.430907e-18 -5.677472e-03 -1.131994e-02 -1.689262e-02 -2.236115e-02 -2.769181e-02 -3.285175e-02 -3.780914e-02 -4.253343e-02 -4.699549e-02 -5.116780e-02 -5.502464e-02 -5.854225e-02 -6.169891e-02 -6.447519e-02 -6.685395e-02 -6.882054e-02 -7.036282e-02 -7.147130e-02 -7.213913e-02 -7.236220e-02 
6.729011e-02 6.708267e-02 6.646165e-02 6.543088e-02 6.399669e-02 6.216795e-02 5.995592e-02 5.737425e-02 5.443884e-02 5.116780e-02 4.758129e-02 4.370143e-02 3.955213e-02 3.515898e-02 3.054907e-02 2.575081e-02 2.079379e-02 1.570856e-02 1.052649e-02 5.279521e-03 4.120331e-18 -5.279521e-03 -1.052649e-02 -1.570856e-02 -2.079379e-02 -2.575081e-02 -3.054907e-02 -3.515898e-02 -3.955213e-02 -4.370143e-02 -4.758129e-02 -5.116780e-02 -5.443884e-02 -5.737425e-02 -5.995592e-02 -6.216795e-02 -6.399669e-02 -6.543088e-02 -6.646165e-02 -6.708267e-02 -6.729011e-02 
6.180315e-02 6.161263e-02 6.104225e-02 6.009553e-02 5.877829e-02 5.709867e-02 5.506701e-02 5.269585e-02 4.999980e-02 4.699549e-02 4.370143e-02 4.013794e-02 3.632698e-02 3.229206e-02 2.805804e-02 2.365104e-02 1.909822e-02 1.442766e-02 9.668143e-03 4.849020e-03 3.784352e-18 -4.849020e-03 -9.668143e-03 -1.442766e-02 -1.909822e-02 -2.365104e-02 -2.805804e-02 -3.229206e-02 -3.632698e-02 -4.013794e-02 -4.370143e-02 -4.699549e-02 -4.999980e-02 -5.269585e-02 -5.506701e-02 -5.709867e-02 -5.877829e-02 -6.009553e-02 -6.104225e-02 -6.161263e-02 -6.180315e-02 
5.593516e-02 5.576273e-02 5.524651e-02 5.438967e-02 5.319750e-02 5.167735e-02 4.983859e-02 4.769257e-02 4.525250e-02 4.253343e-02 3.955213e-02 3.632698e-02 3.287786e-02 2.922604e-02 2.539403e-02 2.140546e-02 1.728492e-02 1.305780e-02 8.750187e-03 4.388622e-03 3.425041e-18 -4.388622e-03 -8.750187e-03 -1.305780e-02 -1.728492e-02 -2.140546e-02 -2.539403e-02 -2.922604e-02 -3.287786e-02 -3.632698e-02 -3.955213e-02 -4.253343e-02 -4.525250e-02 -4.769257e-02 -4.983859e-02 -5.167735e-02 -5.319750e-02 -5.438967e-02 -5.524651e-02 -5.576273e-02 -5.593516e-02 
4.972231e-02 4.956904e-02 4.911015e-02 4.834848e-02 4.728873e-02 4.593743e-02 4.430290e-02 4.239524e-02 4.022620e-02 3.780914e-02 3.515898e-02 3.229206e-02 2.922604e-02 2.597984e-02 2.257346e-02 1.902791e-02 1.536504e-02 1.160744e-02 7.778283e-03 3.901168e-03 3.044614e-18 -3.901168e-03 -7.778283e-03 -1.160744e-02 -1.536504e-02 -1.902791e-02 -2.257346e-02 -2.597984e-02 -2.922604e-02 -3.229206e-02 -3.515898e-02 -3.780914e-02 -4.022620e-02 -4.239524e-02 -4.430290e-02 -4.593743e-02 -4.728873e-02 -4.834848e-02 -4.911015e-02 -4.956904e-02 -4.972231e-02 
4.320291e-02 4.306973e-02 4.267101e-02 4.200921e-02 4.108841e-02 3.991428e-02 3.849407e-02 3.683653e-02 3.495189e-02 3.285175e-02 3.054907e-02 2.805804e-02 2.539403e-02 2.257346e-02 1.961371e-02 1.653304e-02 1.335043e-02 1.008552e-02 6.758424e-03 3.389661e-03 2.645415e-18 -3.389661e-03 -6.758424e-03 -1.008552e-02 -1.335043e-02 -1.653304e-02 -1.961371e-02 -2.257346e-02 -2.539403e-02 -2.805804e-02 -3.054907e-02 -3.285175e-02 -3.495189e-02 -3.683653e-02 -3.849407e-02 -3.991428e-02 -4.108841e-02 -4.200921e-02 -4.267101e-02 -4.306973e-02 -4.320291e-02 
3.641714e-02 3.630488e-02 3.596879e-02 3.541093e-02 3.463476e-02 3.364505e-02 3.244791e-02 3.105072e-02 2.946209e-02 2.769181e-02 2.575081e-02 2.365104e-02 2.140546e-02 1.902791e-02 1.653304e-02 1.393624e-02 1.125352e-02 8.501413e-03 5.696896e-03 2.857256e-03 2.229907e-18 -2.857256e-03 -5.696896e-03 -8.501413e-03 -1.125352e-02 -1.393624e-02 -1.653304e-02 -1.902791e-02 -2.140546e-02 -2.365104e-02 -2.575081e-02 -2.769181e-02 -2.946209e-02 -3.105072e-02 -3.244791e-02 -3.364505e-02 -3.463476e-02 -3.541093e-02 -3.596879e-02 -3.630488e-02 -3.641714e-02 
2.940686e-02 2.931620e-02 2.904481e-02 2.859434e-02 2.796758e-02 2.716839e-02 2.620170e-02 2.507347e-02 2.379065e-02 2.236115e-02 2.079379e-02 1.909822e-02 1.728492e-02 1.536504e-02 1.335043e-02 1.125352e-02 9.087218e-03 6.864894e-03 4.600246e-03 2.307235e-03 1.800651e-18 -2.307235e-03 -4.600246e-03 -6.864894e-03 -9.087218e-03 -1.125352e-02 -1.335043e-02 -1.536504e-02 -1.728492e-02 -1.909822e-02 -2.079379e-02 -2.236115e-02 -2.379065e-02 -2.507347e-02 -2.620170e-02 -2.716839e-02 -2.796758e-02 -2.859434e-02 -2.904481e-02 -2.931620e-02 -2.940686e-02 
2.221526e-02 2.214678e-02 2.194176e-02 2.160145e-02 2.112797e-02 2.052423e-02 1.979394e-02 1.894163e-02 1.797253e-02 1.689262e-02 1.570856e-02 1.442766e-02 1.305780e-02 1.160744e-02 1.008552e-02 8.501413e-03 6.864894e-03 5.186050e-03 3.475233e-03 1.742989e-03 1.360293e-18 -1.742989e-03 -3.475233e-03 -5.186050e-03 -6.864894e-03 -8.501413e-03 -1.008552e-02 -1.160744e-02 -1.305780e-02 -1.442766e-02 -1.570856e-02 -1.689262e-02 -1.797253e-02 -1.894163e-02 -1.979394e-02 -2.052423e-02 -2.112797e-02 -2.160145e-02 -2.194176e-02 -2.214678e-02 -2.221526e-02 
1.488671e-02 1.484082e-02 1.470343e-02 1.447539e-02 1.415810e-02 1.375352e-02 1.326415e-02 1.269300e-02 1.204360e-02 1.131994e-02 1.052649e-02 9.668143e-03 8.750187e-03 7.778283e-03 6.758424e-03 5.696896e-03 4.600246e-03 3.475233e-03 2.328794e-03 1.167998e-03 9.115479e-19 -1.167998e-03 -2.328794e-03 -3.475233e-03 -4.600246e-03 -5.696896e-03 -6.758424e-03 -7.778283e-03 -8.750187e-03 -9.668143e-03 -1.052649e-02 -1.131994e-02 -1.204360e-02 -1.269300e-02 -1.326415e-02 -1.375352e-02 -1.415810e-02 -1.447539e-02 -1.470343e-02 -1.484082e-02 -1.488671e-02 
7.466370e-03 7.443354e-03 7.374447e-03 7.260074e-03 7.100940e-03 6.898027e-03 6.652584e-03 6.366127e-03 6.040420e-03 5.677472e-03 5.279521e-03 4.849020e-03 4.388622e-03 3.901168e-03 3.389661e-03 2.857256e-03 2.307235e-03 1.742989e-03 1.167998e-03 5.858046e-04 4.571833e-19 -5.858046e-04 -1.167998e-03 -1.742989e-03 -2.307235e-03 -2.857256e-03 -3.389661e-03 -3.901168e-03 -4.388622e-03 -4.849020e-03 -5.279521e-03 -5.677472e-03 -6.040420e-03 -6.366127e-03 -6.652584e-03 -6.898027e-03 -7.100940e-03 -7.260074e-03 -7.374447e-03 -7.443354e-03 -7.466370e-03 
5.827028e-18 5.809065e-18 5.755287e-18 5.666026e-18 5.541833e-18 5.383472e-18 5.191920e-18 4.968358e-18 4.714164e-18 4.430907e-18 4.120331e-18 3.784352e-18 3.425041e-18 3.044614e-18 2.645415e-18 2.229907e-18 1.800651e-18 1.360293e-18 9.115479e-19 4.571833e-19 3.568025e-34 -4.571833e-19 -9.115479e-19 -1.360293e-18 -1.800651e-18 -2.229907e-18 -2.645415e-18 -3.044614e-18 -3.425041e-18 -3.784352e-18 -4.120331e-18 -4.430907e-18 -4.714164e-18 -4.968358e-18 -5.191920e-18 -5.383472e-18 -5.541833e-18 -5.666026e-18 -5.755287e-18 -5.809065e-18 -5.827028e-18 
-7.466370e-03 -7.443354e-03 -7.374447e-03 -7.260074e-03 -7.100940e-03 -6.898027e-03 -6.652584e-03 -6.366127e-03 -6.040420e-03 -5.677472e-03 -5.279521e-03 -4.849020e-03 -4.388622e-03 -3.901168e-03 -3.389661e-03 -2.857256e-03 -2.307235e-03 -1.742989e-03 -1.167998e-03 -5.858046e-04 -4.571833e-19 5.858046e-04 1.167998e-03 1.742989e-03 2.307235e-03 2.857256e-03 3.389661e-03 3.901168e-03 4.388622e-03 4.849020e-03 5.279521e-03 5.677472e-03 6.040420e-03 6.366127e-03 6.652584e-03 6.898027e-03 7.100940e-03 7.260074e-03 7.374447e-03 7.443354e-03 7.466370e-03 
-1.488671e-02 -1.484082e-02 -1.470343e-02 -1.447539e-02 -1.415810e-02 -1.375352e-02 -1.326415e-02 -1.269300e-02 -1.204360e-02 -1.131994e-02 -1.052649e-02 -9.668143e-03 -8.750187e-03 -7.778283e-03 -6.758424e-03 -5.696896e-03 -4.600246e-03 -3.475233e-03 -2.328794e-03 -1.167998e-03 -9.115479e-19 1.167998e-03 2.328794e-03 3.475233e-03 4.600246e-03 5.696896e-03 6.758424e-03 7.778283e-03 8.750187e-03 9.668143e-03 1.052649e-02 1.131994e-02 1.204360e-02 1.269300e-02 1.326415e-02 1.375352e-02 1.415810e-02 1.447539e-02 1.470343e-02 1.484082e-02 1.488671e-02 
-2.221526e-02 -2.214678e-02 -2.194176e-02 -2.160145e-02 -2.112797e-02 -2.052423e-02 -1.979394e-02 -1.894163e-02 -1.797253e-02 -1.689262e-02 -1.570856e-02 -1.442766e-02 -1.305780e-02 -1.160744e-02 -1.008552e-02 -8.501413e-03 -6.864894e-03 -5.186050e-03 -3.475233e-03 -1.742989e-03 -1.360293e-18 1.742989e-03 3.475233e-03 5.186050e-03 6.864894e-03 8.501413e-03 1.008552e-02 1.160744e-02 1.305780e-02 1.442766e-02 1.570856e-02 1.689262e-02 1.797253e-02 1.894163e-02 1.979394e-02 2.052423e-02 2.112797e-02 2.160145e-02 2.194176e-02 2.214678e-02 2.221526e-02 
-2.940686e-02 -2.931620e-02 -2.904481e-02 -2.859434e-02 -2.796758e-02 -2.716839e-02 -2.620170e-02 -2.507347e-02 -2.379065e-02 -2.236115e-02 -2.079379e-02 -1.909822e-02 -1.728492e-02 -1.536504e-02 -1.335043e-02 -1.125352e-02 -9.087218e-03 -6.864894e-03 -4.600246e-03 -2.307235e-03 -1.800651e-18 2.307235e-03 4.600246e-03 6.864894e-03 9.087218e-03 1.125352e-02 1.335043e-02 1.536504e-02 1.728492e-02 1.909822e-02 2.079379e-02 2.236115e-02 2.379065e-02 2.507347e-02 2.620170e-02 2.716839e-02 2.796758e-02 2.859434e-02 2.904481e-02 2.931620e-02 2.940686e-02 
-3.641714e-02 -3.630488e-02 -3.596879e-02 -3.541093e-02 -3.463476e-02 -3.364505e-02 -3.244791e-02 -3.105072e-02 -2.946209e-02 -2.769181e-02 -2.575081e-02 -2.365104e-02 -2.140546e-02 -1.902791e-02 -1.653304e-02 -1.393624e-02 -1.125352e-02 -8.501413e-03 -5.696896e-03 -2.857256e-03 -2.229907e-18 2.857256e-03 5.696896e-03 8.501413e-03 1.125352e-02 1.393624e-02 1.653304e-02 1.902791e-02 2.140546e-02 2.365104e-02 2.575081e-02 2.769181e-02 2.946209e-02 3.105072e-02 3.244791e-02 3.364505e-02 3.463476e-02 3.541093e-02 3.596879e-02 3.630488e-02 3.641714e-02 
-4.320291e-02 -4.306973e-02 -4.267101e-02 -4.200921e-02 -4.108841e-02 -3.991428e-02 -3.849407e-02 -3.683653e-02 -3.495189e-02 -3.285175e-02 -3.054907e-02 -2.805804e-02 -2.539403e-02 -2.257346e-02 -1.961371e-02 -1.653304e-02 -1.335043e-02 -1.008552e-02 -6.758424e-03 -3.389661e-03 -2.645415e-18 3.389661e-03 6.758424e-03 1.008552e-02 1.335043e-02 1.653304e-02 1.961371e-02 2.257346e-02 2.539403e-02 2.805804e-02 3.054907e-02 3.285175e-02 3.495189e-02 3.683653e-02 3.849407e-02 3.991428e-02 4.108841e-02 4.200921e-02 4.267101e-02 4.306973e-02 4.320291e-02 
-4.972231e-02 -4.956904e-02 -4.911015e-02 -4.834848e-02 -4.728873e-02 -4.593743e-02 -4.430290e-02 -4.239524e-02 -4.022620e-02 -3.780914e-02 -3.515898e-02 -3.229206e-02 -2.922604e-02 -2.597984e-02 -2.257346e-02 -1.902791e-02 -1.536504e-02 -1.160744e-02 -7.778283e-03 -3.901168e-03 -3.044614e-18 3.901168e-03 7.778283e-03 1.160744e-02 1.536504e-02 1.902791e-02 2.257346e-02 2.597984e-02 2.922604e-02 3.229206e-02 3.515898e-02 3.780914e-02 4.022620e-02 4.239524e-02 4.430290e-02 4.593743e-02 4.728873e-02 4.834848e-02 4.911015e-02 4.956904e-02 4.972231e-02 
-5.593516e-02 -5.576273e-02 -5.524651e-02 -5.438967e-02 -5.319750e-02 -5.167735e-02 -4.983859e-02 -4.769257e-02 -4.525250e-02 -4.253343e-02 -3.955213e-02 -3.632698e-02 -3.287786e-02 -2.922604e-02 -2.539403e-02 -2.140546e-02 -1.728492e-02 -1.305780e-02 -8.750187e-03 -4.388622e-03 -3.425041e-18 4.388622e-03 8.750187e-03 1.305780e-02 1.728492e-02 2.140546e-02 2.539403e-02 2.922604e-02 3.287786e-02 3.632698e-02 3.955213e-02 4.253343e-02 4.525250e-02 4.769257e-02 4.983859e-02 5.167735e-02 5.319750e-02 5.438967e-02 5.524651e-02 5.576273e-02 5.593516e-02 
-6.180315e-02 -6.161263e-02 -6.104225e-02 -6.009553e-02 -5.877829e-02 -5.709867e-02 -5.506701e-02 -5.269585e-02 -4.999980e-02 -4.699549e-02 -4.370143e-02 -4.013794e-02 -3.632698e-02 -3.229206e-02 -2.805804e-02 -2.365104e-02 -1.909822e-02 -1.442766e-02 -9.668143e-03 -4.849020e-03 -3.784352e-18 4.849020e-03 9.668143e-03 1.442766e-02 1.909822e-02 2.365104e-02 2.805804e-02 3.229206e-02 3.632698e-02 4.013794e-02 4.370143e-02 4.699549e-02 4.999980e-02 5.269585e-02 5.506701e-02 5.709867e-02 5.877829e-02 6.009553e-02 6.104225e-02 6.161263e-02 6.180315e-02 
-6.729011e-02 -6.708267e-02 -6.646165e-02 -6.543088e-02 -6.399669e-02 -6.216795e-02 -5.995592e-02 -5.737425e-02 -5.443884e-02 -5.116780e-02 -4.758129e-02 -4.370143e-02 -3.955213e-02 -3.515898e-02 -3.054907e-02 -2.575081e-02 -2.079379e-02 -1.570856e-02 -1.052649e-02 -5.279521e-03 -4.120331e-18 5.279521e-03 1.052649e-02 1.570856e-02 2.079379e-02 2.575081e-02 3.054907e-02 3.515898e-02 3.955213e-02 4.370143e-02 4.758129e-02 5.116780e-02 5.443884e-02 5.737425e-02 5.995592e-02 6.216795e-02 6.399669e-02 6.543088e-02 6.646165e-02 6.708267e-02 6.729011e-02 
-7.236220e-02 -7.213913e-02 -7.147130e-02 -7.036282e-02 -6.882054e-02 -6.685395e-02 -6.447519e-02 -6.169891e-02 -5.854225e-02 -5.502464e-02 -5.116780e-02 -4.699549e-02 -4.253343e-02 -3.780914e-02 -3.285175e-02 -2.769181e-02 -2.236115e-02 -1.689262e-02 -1.131994e-02 -5.677472e-03 -4.430907e-18 5.677472e-03 1.131994e-02 1.689262e-02 2.236115e-02 2.769181e-02 3.285175e-02 3.780914e-02 4.253343e-02 4.699549e-02 5.116780e-02 5.502464e-02 5.854225e-02 6.169891e-02 6.447519e-02 6.685395e-02 6.882054e-02 7.036282e-02 7.147130e-02 7.213913e-02 7.236220e-02 
-7.698815e-02 -7.675082e-02 -7.604029e-02 -7.486096e-02 -7.322008e-02 -7.112777e-02 -6.859694e-02 -6.564319e-02 -6.228472e-02 -5.854225e-02 -5.443884e-02 -4.999980e-02 -4.525250e-02 -4.022620e-02 -3.495189e-02 -2.946209e-02 -2.379065e-02 -1.797253e-02 -1.204360e-02 -6.040420e-03 -4.714164e-18 6.040420e-03 1.204360e-02 1.797253e-02 2.379065e-02 2.946209e-02 3.495189e-02 4.022620e-02 4.525250e-02 4.999980e-02 5.443884e-02 5.854225e-02 6.228472e-02 6.564319e-02 6.859694e-02 7.112777e-02 7.322008e-02 7.486096e-02 7.604029e-02 7.675082e-02 7.698815e-02 
-8.113944e-02 -8.088931e-02 -8.014048e-02 -7.889755e-02 -7.716819e-02 -7.496307e-02 -7.229577e-02 -6.918275e-02 -6.564319e-02 -6.169891e-02 -5.737425e-02 -5.269585e-02 -4.769257e-02 -4.239524e-02 -3.683653e-02 -3.105072e-02 -2.507347e-02 -1.894163e-02 -1.269300e-02 -6.366127e-03 -4.968358e-18 6.366127e-03 1.269300e-02 1.894163e-02 2.507347e-02 3.105072e-02 3.683653e-02 4.239524e-02 4.769257e-02 5.269585e-02 5.737425e-02 6.169891e-02 6.564319e-02 6.918275e-02 7.229577e-02 7.496307e-02 7.716819e-02 7.889755e-02 8.014048e-02 8.088931e-02 8.113944e-02 
-8.479048e-02 -8.452910e-02 -8.374657e-02 -8.244771e-02 -8.064054e-02 -7.833619e-02 -7.554887e-02 -7.229577e-02 -6.859694e-02 -6.447519e-02 -5.995592e-02 -5.506701e-02 -4.983859e-02 -4.430290e-02 -3.849407e-02 -3.244791e-02 -2.620170e-02 -1.979394e-02 -1.326415e-02 -6.652584e-03 -5.191920e-18 6.652584e-03 1.326415e-02 1.979394e-02 2.620170e-02 3.244791e-02 3.849407e-02 4.430290e-02 4.983859e-02 5.506701e-02 5.995592e-02 6.447519e-02 6.859694e-02 7.229577e-02 7.554887e-02 7.833619e-02 8.064054e-02 8.244771e-02 8.374657e-02 8.452910e-02 8.479048e-02 
-8.791876e-02 -8.764774e-02 -8.683634e-02 -8.548956e-02 -8.361571e-02 -8.122634e-02 -7.833619e-02 -7.496307e-02 -7.112777e-02 -6.685395e-02 -6.216795e-02 -5.709867e-02 -5.167735e-02 -4.593743e-02 -3.991428e-02 -3.364505e-02 -2.716839e-02 -2.052423e-02 -1.375352e-02 -6.898027e-03 -5.383472e-18 6.898027e-03 1.375352e-02 2.052423e-02 2.716839e-02 3.364505e-02 3.991428e-02 4.593743e-02 5.167735e-02 5.709867e-02 6.216795e-02 6.685395e-02 7.112777e-02 7.496307e-02 7.833619e-02 8.122634e-02 8.361571e-02 8.548956e-02 8.683634e-02 8.764774e-02 8.791876e-02 
-9.050499e-02 -9.022600e-02 -8.939073e-02 -8.800433e-02 -8.607536e-02 -8.361571e-02 -8.064054e-02 -7.716819e-02 -7.322008e-02 -6.882054e-02 -6.399669e-02 -5.877829e-02 -5.319750e-02 -4.728873e-02 -4.108841e-02 -3.463476e-02 -2.796758e-02 -2.112797e-02 -1.415810e-02 -7.100940e-03 -5.541833e-18 7.100940e-03 1.415810e-02 2.112797e-02 2.796758e-02 3.463476e-02 4.108841e-02 4.728873e-02 5.319750e-02 5.877829e-02 6.399669e-02 6.882054e-02 7.322008e-02 7.716819e-02 8.064054e-02 8.361571e-02 8.607536e-02 8.800433e-02 8.939073e-02 9.022600e-02 9.050499e-02 
-9.253323e-02 -9.224798e-02 -9.139399e-02 -8.997653e-02 -8.800433e-02 -8.548956e-02 -8.244771e-02 -7.889755e-02 -7.486096e-02 -7.036282e-02 -6.543088e-02 -6.009553e-02 -5.438967e-02 -4.834848e-02 -4.200921e-02 -3.541093e-02 -2.859434e-02 -2.160145e-02 -1.447539e-02 -7.260074e-03 -5.666026e-18 7.260074e-03 1.447539e-02 2.160145e-02 2.859434e-02 3.541093e-02 4.200921e-02 4.834848e-02 5.438967e-02 6.009553e-02 6.543088e-02 7.036282e-02 7.486096e-02 7.889755e-02 8.244771e-02 8.548956e-02 8.800433e-02 8.997653e-02 9.139399e-02 9.224798e-02 9.253323e-02 
-9.399097e-02 -9.370123e-02 -9.283379e-02 -9.139399e-02 -8.939073e-02 -8.683634e-02 -8.374657e-02 -8.014048e-02 -7.604029e-02 -7.147130e-02 -6.646165e-02 -6.104225e-02 -5.524651e-02 -4.911015e-02 -4.267101e-02 -3.596879e-02 -2.904481e-02 -2.194176e-02 -1.470343e-02 -7.374447e-03 -5.755287e-18 7.374447e-03 1.470343e-02 2.194176e-02 2.904481e-02 3.596879e-02 4.267101e-02 4.911015e-02 5.524651e-02 6.104225e-02 6.646165e-02 7.147130e-02 7.604029e-02 8.014048e-02 8.374657e-02 8.683634e-02 8.939073e-02 9.139399e-02 9.283379e-02 9.370123e-02 9.399097e-02 
-9.486923e-02 -9.457678e-02 -9.370123e-02 -9.224798e-02 -9.022600e-02 -8.764774e-02 -8.452910e-02 -8.088931e-02 -7.675082e-02 -7.213913e-02 -6.708267e-02 -6.161263e-02 -5.576273e-02 -4.956904e-02 -4.306973e-02 -3.630488e-02 -2.931620e-02 -2.214678e-02 -1.484082e-02 -7.443354e-03 -5.809065e-18 7.443354e-03 1.484082e-02 2.214678e-02 2.931620e-02 3.630488e-02 4.306973e-02 4.956904e-02 5.576273e-02 6.161263e-02 6.708267e-02 7.213913e-02 7.675082e-02 8.088931e-02 8.452910e-02 8.764774e-02 9.022600e-02 9.224798e-02 9.370123e-02 9.457678e-02 9.486923e-02 
-9.516258e-02 -9.486923e-02 -9.399097e-02 -9.253323e-02 -9.050499e-02 -8.791876e-02 -8.479048e-02 -8.113944e-02 -7.698815e-02 -7.236220e-02 -6.729011e-02 -6.180315e-02 -5.593516e-02 -4.972231e-02 -4.320291e-02 -3.641714e-02 -2.940686e-02 -2.221526e-02 -1.488671e-02 -7.466370e-03 -5.827028e-18 7.466370e-03 1.488671e-02 2.221526e-02 2.940686e-02 3.641714e-02 4.320291e-02 4.972231e-02 5.593516e-02 6.180315e-02 6.729011e-02 7.236220e-02 7.698815e-02 8.113944e-02 8.479048e-02 8.791876e-02 9.050499e-02 9.253323e-02 9.399097e-02 9.486923e-02 9.516258e-02 
