9.048374e-01 9.030519e-01 8.977025e-01 8.888103e-01 8.764103e-01 8.605515e-01 8.412966e-01 8.187214e-01 7.929151e-01 7.639795e-01 7.320288e-01 6.971892e-01 6.595981e-01 6.194038e-01 5.767651e-01 5.318501e-01 4.848361e-01 4.359088e-01 3.852610e-01 3.330929e-01 2.796101e-01 2.250239e-01 1.695496e-01 1.134062e-01 5.681521e-02 5.540531e-17 -5.681521e-02 -1.134062e-01 -1.695496e-01 -2.250239e-01 -2.796101e-01 -3.330929e-01 -3.852610e-01 -4.359088e-01 -4.848361e-01 -5.318501e-01 -5.767651e-01 -6.194038e-01 -6.595981e-01 -6.971892e-01 -7.320288e-01 -7.639795e-01 -7.929151e-01 -8.187214e-01 -8.412966e-01 -8.605515e-01 -8.764103e-01 -8.888103e-01 -8.977025e-01 -9.030519e-01 -9.048374e-01 
9.030519e-01 9.012700e-01 8.959311e-01 8.870564e-01 8.746809e-01 8.588534e-01 8.396364e-01 8.171058e-01 7.913504e-01 7.624720e-01 7.305844e-01 6.958135e-01 6.582965e-01 6.181816e-01 5.756270e-01 5.308006e-01 4.838794e-01 4.350486e-01 3.845008e-01 3.324356e-01 2.790584e-01 2.245799e-01 1.692151e-01 1.131824e-01 5.670310e-02 5.529598e-17 -5.670310e-02 -1.131824e-01 -1.692151e-01 -2.245799e-01 -2.790584e-01 -3.324356e-01 -3.845008e-01 -4.350486e-01 -4.838794e-01 -5.308006e-01 -5.756270e-01 -6.181816e-01 -6.582965e-01 -6.958135e-01 -7.305844e-01 -7.624720e-01 -7.913504e-01 -8.171058e-01 -8.396364e-01 -8.588534e-01 -8.746809e-01 -8.870564e-01 -8.959311e-01 -9.012700e-01 -9.030519e-01 
8.977025e-01 8.959311e-01 8.906239e-01 8.818017e-01 8.694995e-01 8.537658e-01 8.346627e-01 8.122655e-01 7.866627e-01 7.579553e-01 7.262566e-01 6.916917e-01 6.543970e-01 6.145197e-01 5.722171e-01 5.276563e-01 4.810131e-01 4.324715e-01 3.822231e-01 3.304663e-01 2.774053e-01 2.232495e-01 1.682127e-01 1.125120e-01 5.636721e-02 5.496842e-17 -5.636721e-02 -1.125120e-01 -1.682127e-01 -2.232495e-01 -2.774053e-01 -3.304663e-01 -3.822231e-01 -4.324715e-01 -4.810131e-01 -5.276563e-01 -5.722171e-01 -6.145197e-01 -6.543970e-01 -6.916917e-01 -7.262566e-01 -7.579553e-01 -7.866627e-01 -8.122655e-01 -8.346627e-01 -8.537658e-01 -8.694995e-01 -8.818017e-01 -8.906239e-01 -8.959311e-01 -8.977025e-01 
8.888103e-01 8.870564e-01 8.818017e-01 8.730670e-01 8.608867e-01 8.453088e-01 8.263949e-01 8.042196e-01 7.788704e-01 7.504473e-01 7.190626e-01 6.848401e-01 6.479148e-01 6.084325e-01 5.665490e-01 5.224296e-01 4.762484e-01 4.281876e-01 3.784370e-01 3.271929e-01 2.746575e-01 2.210381e-01 1.665464e-01 1.113975e-01 5.580886e-02 5.442393e-17 -5.580886e-02 -1.113975e-01 -1.665464e-01 -2.210381e-01 -2.746575e-01 -3.271929e-01 -3.784370e-01 -4.281876e-01 -4.762484e-01 -5.224296e-01 -5.665490e-01 -6.084325e-01 -6.479148e-01 -6.848401e-01 -7.190626e-01 -7.504473e-01 -7.788704e-01 -8.042196e-01 -8.263949e-01 -8.453088e-01 -8.608867e-01 -8.730670e-01 -8.818017e-01 -8.870564e-01 -8.888103e-01 
8.764103e-01 8.746809e-01 8.694995e-01 8.608867e-01 8.488762e-01 8.335157e-01 8.148657e-01 7.929997e-01 7.680042e-01 7.399777e-01 7.090308e-01 6.752857e-01 6.388756e-01 5.999441e-01 5.586449e-01 5.151410e-01 4.696041e-01 4.222139e-01 3.731574e-01 3.226281e-01 2.708257e-01 2.179544e-01 1.642229e-01 1.098433e-01 5.503026e-02 5.366465e-17 -5.503026e-02 -1.098433e-01 -1.642229e-01 -2.179544e-01 -2.708257e-01 -3.226281e-01 -3.731574e-01 -4.222139e-01 -4.696041e-01 -5.151410e-01 -5.586449e-01 -5.999441e-01 -6.388756e-01 -6.752857e-01 -7.090308e-01 -7.399777e-01 -7.680042e-01 -7.929997e-01 -8.148657e-01 -8.335157e-01 -8.488762e-01 -8.608867e-01 -8.694995e-01 -8.746809e-01 -8.764103e-01 
8.605515e-01 8.588534e-01 8.537658e-01 8.453088e-01 8.335157e-01 8.184331e-01 8.001206e-01 7.786503e-01 7.541070e-01 7.265877e-01 6.962008e-01 6.630663e-01 6.273151e-01 5.890881e-01 5.485362e-01 5.058195e-01 4.611066e-01 4.145739e-01 3.664050e-01 3.167901e-01 2.659250e-01 2.140105e-01 1.612513e-01 1.078557e-01 5.403448e-02 5.269358e-17 -5.403448e-02 -1.078557e-01 -1.612513e-01 -2.140105e-01 -2.659250e-01 -3.167901e-01 -3.664050e-01 -4.145739e-01 -4.611066e-01 -5.058195e-01 -5.485362e-01 -5.890881e-01 -6.273151e-01 -6.630663e-01 -6.962008e-01 -7.265877e-01 -7.541070e-01 -7.786503e-01 -8.001206e-01 -8.184331e-01 -8.335157e-01 -8.453088e-01 -8.537658e-01 -8.588534e-01 -8.605515e-01 
8.412966e-01 8.396364e-01 8.346627e-01 8.263949e-01 8.148657e-01 8.001206e-01 7.822178e-01 7.612279e-01 7.372338e-01 7.103302e-01 6.806232e-01 6.482301e-01 6.132788e-01 5.759071e-01 5.362626e-01 4.945017e-01 4.507892e-01 4.052977e-01 3.582067e-01 3.097019e-01 2.599749e-01 2.092219e-01 1.576433e-01 1.054424e-01 5.282545e-02 5.151456e-17 -5.282545e-02 -1.054424e-01 -1.576433e-01 -2.092219e-01 -2.599749e-01 -3.097019e-01 -3.582067e-01 -4.052977e-01 -4.507892e-01 -4.945017e-01 -5.362626e-01 -5.759071e-01 -6.132788e-01 -6.482301e-01 -6.806232e-01 -7.103302e-01 -7.372338e-01 -7.612279e-01 -7.822178e-01 -8.001206e-01 -8.148657e-01 -8.263949e-01 -8.346627e-01 -8.396364e-01 -8.412966e-01 
8.187214e-01 8.171058e-01 8.122655e-01 8.042196e-01 7.929997e-01 7.786503e-01 7.612279e-01 7.408012e-01 7.174510e-01 6.912693e-01 6.623595e-01 6.308357e-01 5.968222e-01 5.604533e-01 5.218726e-01 4.812323e-01 4.386928e-01 3.944220e-01 3.485946e-01 3.013914e-01 2.529988e-01 2.036077e-01 1.534131e-01 1.026130e-01 5.140794e-02 5.013223e-17 -5.140794e-02 -1.026130e-01 -1.534131e-01 -2.036077e-01 -2.529988e-01 -3.013914e-01 -3.485946e-01 -3.944220e-01 -4.386928e-01 -4.812323e-01 -5.218726e-01 -5.604533e-01 -5.968222e-01 -6.308357e-01 -6.623595e-01 -6.912693e-01 -7.174510e-01 -7.408012e-01 -7.612279e-01 -7.786503e-01 -7.929997e-01 -8.042196e-01 -8.122655e-01 -8.171058e-01 -8.187214e-01 
7.929151e-01 7.913504e-01 7.866627e-01 7.788704e-01 7.680042e-01 7.541070e-01 7.372338e-01 7.174510e-01 6.948368e-01 6.694803e-01 6.414818e-01 6.109516e-01 5.780102e-01 5.427877e-01 5.054231e-01 4.660638e-01 4.248651e-01 3.819898e-01 3.376068e-01 2.918915e-01 2.450242e-01 1.971900e-01 1.485775e-01 9.937861e-02 4.978755e-02 4.855205e-17 -4.978755e-02 -9.937861e-02 -1.485775e-01 -1.971900e-01 -2.450242e-01 -2.918915e-01 -3.376068e-01 -3.819898e-01 -4.248651e-01 -4.660638e-01 -5.054231e-01 -5.427877e-01 -5.780102e-01 -6.109516e-01 -6.414818e-01 -6.694803e-01 -6.948368e-01 -7.174510e-01 -7.372338e-01 -7.541070e-01 -7.680042e-01 -7.788704e-01 -7.866627e-01 -7.913504e-01 -7.929151e-01 
7.639795e-01 7.624720e-01 7.579553e-01 7.504473e-01 7.399777e-01 7.265877e-01 7.103302e-01 6.912693e-01 6.694803e-01 6.450492e-01 6.180724e-01 5.886563e-01 5.569171e-01 5.229800e-01 4.869789e-01 4.490559e-01 4.093607e-01 3.680499e-01 3.252867e-01 2.812396e-01 2.360826e-01 1.899940e-01 1.431555e-01 9.575202e-02 4.797067e-02 4.678025e-17 -4.797067e-02 -9.575202e-02 -1.431555e-01 -1.899940e-01 -2.360826e-01 -2.812396e-01 -3.252867e-01 -3.680499e-01 -4.093607e-01 -4.490559e-01 -4.869789e-01 -5.229800e-01 -5.569171e-01 -5.886563e-01 -6.180724e-01 -6.450492e-01 -6.694803e-01 -6.912693e-01 -7.103302e-01 -7.265877e-01 -7.399777e-01 -7.504473e-01 -7.579553e-01 -7.624720e-01 -7.639795e-01 
7.320288e-01 7.305844e-01 7.262566e-01 7.190626e-01 7.090308e-01 6.962008e-01 6.806232e-01 6.623595e-01 6.414818e-01 6.180724e-01 5.922238e-01 5.640379e-01 5.336261e-01 5.011082e-01 4.666127e-01 4.302758e-01 3.922407e-01 3.526576e-01 3.116827e-01 2.694778e-01 2.262094e-01 1.820482e-01 1.371685e-01 9.174754e-02 4.596447e-02 4.482384e-17 -4.596447e-02 -9.174754e-02 -1.371685e-01 -1.820482e-01 -2.262094e-01 -2.694778e-01 -3.116827e-01 -3.526576e-01 -3.922407e-01 -4.302758e-01 -4.666127e-01 -5.011082e-01 -5.336261e-01 -5.640379e-01 -5.922238e-01 -6.180724e-01 -6.414818e-01 -6.623595e-01 -6.806232e-01 -6.962008e-01 -7.090308e-01 -7.190626e-01 -7.262566e-01 -7.305844e-01 -7.320288e-01 
6.971892e-01 6.958135e-01 6.916917e-01 6.848401e-01 6.752857e-01 6.630663e-01 6.482301e-01 6.308357e-01 6.109516e-01 5.886563e-01 5.640379e-01 5.371935e-01 5.082291e-01 4.772589e-01 4.444051e-01 4.097975e-01 3.735727e-01 3.358735e-01 2.968487e-01 2.566525e-01 2.154433e-01 1.733839e-01 1.306402e-01 8.738098e-02 4.377687e-02 4.269053e-17 -4.377687e-02 -8.738098e-02 -1.306402e-01 -1.733839e-01 -2.154433e-01 -2.566525e-01 -2.968487e-01 -3.358735e-01 -3.735727e-01 -4.097975e-01 -4.444051e-01 -4.772589e-01 -5.082291e-01 -5.371935e-01 -5.640379e-01 -5.886563e-01 -6.109516e-01 -6.308357e-01 -6.482301e-01 -6.630663e-01 -6.752857e-01 -6.848401e-01 -6.916917e-01 -6.958135e-01 -6.971892e-01 
6.595981e-01 6.582965e-01 6.543970e-01 6.479148e-01 6.388756e-01 6.273151e-01 6.132788e-01 5.968222e-01 5.780102e-01 5.569171e-01 5.336261e-01 5.082291e-01 4.808263e-01 4.515260e-01 4.204436e-01 3.877020e-01 3.534303e-01 3.177638e-01 2.808432e-01 2.428143e-01 2.038270e-01 1.640354e-01 1.235964e-01 8.266956e-02 4.141651e-02 4.038873e-17 -4.141651e-02 -8.266956e-02 -1.235964e-01 -1.640354e-01 -2.038270e-01 -2.428143e-01 -2.808432e-01 -3.177638e-01 -3.534303e-01 -3.877020e-01 -4.204436e-01 -4.515260e-01 -4.808263e-01 -5.082291e-01 -5.336261e-01 -5.569171e-01 -5.780102e-01 -5.968222e-01 -6.132788e-01 -6.273151e-01 -6.388756e-01 -6.479148e-01 -6.543970e-01 -6.582965e-01 -6.595981e-01 
6.194038e-01 6.181816e-01 6.145197e-01 6.084325e-01 5.999441e-01 5.890881e-01 5.759071e-01 5.604533e-01 5.427877e-01 5.229800e-01 5.011082e-01 4.772589e-01 4.515260e-01 4.240111e-01 3.948229e-01 3.640764e-01 3.318932e-01 2.984001e-01 2.637293e-01 2.280178e-01 1.914063e-01 1.540395e-01 1.160647e-01 7.763189e-02 3.889269e-02 3.792755e-17 -3.889269e-02 -7.763189e-02 -1.160647e-01 -1.540395e-01 -1.914063e-01 -2.280178e-01 -2.637293e-01 -2.984001e-01 -3.318932e-01 -3.640764e-01 -3.948229e-01 -4.240111e-01 -4.515260e-01 -4.772589e-01 -5.011082e-01 -5.229800e-01 -5.427877e-01 -5.604533e-01 -5.759071e-01 -5.890881e-01 -5.999441e-01 -6.084325e-01 -6.145197e-01 -6.181816e-01 -6.194038e-01 
5.767651e-01 5.756270e-01 5.722171e-01 5.665490e-01 5.586449e-01 5.485362e-01 5.362626e-01 5.218726e-01 5.054231e-01 4.869789e-01 4.666127e-01 4.444051e-01 4.204436e-01 3.948229e-01 3.676439e-01 3.390140e-01 3.090462e-01 2.778587e-01 2.455746e-01 2.123214e-01 1.782302e-01 1.434356e-01 1.080750e-01 7.228783e-02 3.621538e-02 3.531668e-17 -3.621538e-02 -7.228783e-02 -1.080750e-01 -1.434356e-01 -1.782302e-01 -2.123214e-01 -2.455746e-01 -2.778587e-01 -3.090462e-01 -3.390140e-01 -3.676439e-01 -3.948229e-01 -4.204436e-01 -4.444051e-01 -4.666127e-01 -4.869789e-01 -5.054231e-01 -5.218726e-01 -5.362626e-01 -5.485362e-01 -5.586449e-01 -5.665490e-01 -5.722171e-01 -5.756270e-01 -5.767651e-01 
5.318501e-01 5.308006e-01 5.276563e-01 5.224296e-01 5.151410e-01 5.058195e-01 4.945017e-01 4.812323e-01 4.660638e-01 4.490559e-01 4.302758e-01 4.097975e-01 3.877020e-01 3.640764e-01 3.390140e-01 3.126136e-01 2.849795e-01 2.562207e-01 2.264508e-01 1.957871e-01 1.643507e-01 1.322657e-01 9.965877e-02 6.665849e-02 3.339514e-02 3.256643e-17 -3.339514e-02 -6.665849e-02 -9.965877e-02 -1.322657e-01 -1.643507e-01 -1.957871e-01 -2.264508e-01 -2.562207e-01 -2.849795e-01 -3.126136e-01 -3.390140e-01 -3.640764e-01 -3.877020e-01 -4.097975e-01 -4.302758e-01 -4.490559e-01 -4.660638e-01 -4.812323e-01 -4.945017e-01 -5.058195e-01 -5.151410e-01 -5.224296e-01 -5.276563e-01 -5.308006e-01 -5.318501e-01 
4.848361e-01 4.838794e-01 4.810131e-01 4.762484e-01 4.696041e-01 4.611066e-01 4.507892e-01 4.386928e-01 4.248651e-01 4.093607e-01 3.922407e-01 3.735727e-01 3.534303e-01 3.318932e-01 3.090462e-01 2.849795e-01 2.597882e-01 2.335716e-01 2.064332e-01 1.784801e-01 1.498226e-01 1.205738e-01 9.084923e-02 6.076608e-02 3.044311e-02 2.968765e-17 -3.044311e-02 -6.076608e-02 -9.084923e-02 -1.205738e-01 -1.498226e-01 -1.784801e-01 -2.064332e-01 -2.335716e-01 -2.597882e-01 -2.849795e-01 -3.090462e-01 -3.318932e-01 -3.534303e-01 -3.735727e-01 -3.922407e-01 -4.093607e-01 -4.248651e-01 -4.386928e-01 -4.507892e-01 -4.611066e-01 -4.696041e-01 -4.762484e-01 -4.810131e-01 -4.838794e-01 -4.848361e-01 
4.359088e-01 4.350486e-01 4.324715e-01 4.281876e-01 4.222139e-01 4.145739e-01 4.052977e-01 3.944220e-01 3.819898e-01 3.680499e-01 3.526576e-01 3.358735e-01 3.177638e-01 2.984001e-01 2.778587e-01 2.562207e-01 2.335716e-01 2.100006e-01 1.856009e-01 1.604687e-01 1.347032e-01 1.084061e-01 8.168115e-02 5.463385e-02 2.737094e-02 2.669171e-17 -2.737094e-02 -5.463385e-02 -8.168115e-02 -1.084061e-01 -1.347032e-01 -1.604687e-01 -1.856009e-01 -2.100006e-01 -2.335716e-01 -2.562207e-01 -2.778587e-01 -2.984001e-01 -3.177638e-01 -3.358735e-01 -3.526576e-01 -3.680499e-01 -3.819898e-01 -3.944220e-01 -4.052977e-01 -4.145739e-01 -4.222139e-01 -4.281876e-01 -4.324715e-01 -4.350486e-01 -4.359088e-01 
3.852610e-01 3.845008e-01 3.822231e-01 3.784370e-01 3.731574e-01 3.664050e-01 3.582067e-01 3.485946e-01 3.376068e-01 3.252867e-01 3.116827e-01 2.968487e-01 2.808432e-01 2.637293e-01 2.455746e-01 2.264508e-01 2.064332e-01 1.856009e-01 1.640362e-01 1.418240e-01 1.190522e-01 9.581052e-02 7.219072e-02 4.828601e-02 2.419074e-02 2.359043e-17 -2.419074e-02 -4.828601e-02 -7.219072e-02 -9.581052e-02 -1.190522e-01 -1.418240e-01 -1.640362e-01 -1.856009e-01 -2.064332e-01 -2.264508e-01 -2.455746e-01 -2.637293e-01 -2.808432e-01 -2.968487e-01 -3.116827e-01 -3.252867e-01 -3.376068e-01 -3.485946e-01 -3.582067e-01 -3.664050e-01 -3.731574e-01 -3.784370e-01 -3.822231e-01 -3.845008e-01 -3.852610e-01 
3.330929e-01 3.324356e-01 3.304663e-01 3.271929e-01 3.226281e-01 3.167901e-01 3.097019e-01 3.013914e-01 2.918915e-01 2.812396e-01 2.694778e-01 2.566525e-01 2.428143e-01 2.280178e-01 2.123214e-01 1.957871e-01 1.784801e-01 1.604687e-01 1.418240e-01 1.226197e-01 1.029314e-01 8.283683e-02 6.241538e-02 4.174761e-02 2.091507e-02 2.039606e-17 -2.091507e-02 -4.174761e-02 -6.241538e-02 -8.283683e-02 -1.029314e-01 -1.226197e-01 -1.418240e-01 -1.604687e-01 -1.784801e-01 -1.957871e-01 -2.123214e-01 -2.280178e-01 -2.428143e-01 -2.566525e-01 -2.694778e-01 -2.812396e-01 -2.918915e-01 -3.013914e-01 -3.097019e-01 -3.167901e-01 -3.226281e-01 -3.271929e-01 -3.304663e-01 -3.324356e-01 -3.330929e-01 
2.796101e-01 2.790584e-01 2.774053e-01 2.746575e-01 2.708257e-01 2.659250e-01 2.599749e-01 2.529988e-01 2.450242e-01 2.360826e-01 2.262094e-01 2.154433e-01 2.038270e-01 1.914063e-01 1.782302e-01 1.643507e-01 1.498226e-01 1.347032e-01 1.190522e-01 1.029314e-01 8.640428e-02 6.953621e-02 5.239372e-02 3.504444e-02 1.755687e-02 1.712118e-17 -1.755687e-02 -3.504444e-02 -5.239372e-02 -6.953621e-02 -8.640428e-02 -1.029314e-01 -1.190522e-01 -1.347032e-01 -1.498226e-01 -1.643507e-01 -1.782302e-01 -1.914063e-01 -2.038270e-01 -2.154433e-01 -2.262094e-01 -2.360826e-01 -2.450242e-01 -2.529988e-01 -2.599749e-01 -2.659250e-01 -2.708257e-01 -2.746575e-01 -2.774053e-01 -2.790584e-01 -2.796101e-01 
2.250239e-01 2.245799e-01 2.232495e-01 2.210381e-01 2.179544e-01 2.140105e-01 2.092219e-01 2.036077e-01 1.971900e-01 1.899940e-01 1.820482e-01 1.733839e-01 1.640354e-01 1.540395e-01 1.434356e-01 1.322657e-01 1.205738e-01 1.084061e-01 9.581052e-02 8.283683e-02 6.953621e-02 5.596117e-02 4.216528e-02 2.820297e-02 1.412937e-02 1.377874e-17 -1.412937e-02 -2.820297e-02 -4.216528e-02 -5.596117e-02 -6.953621e-02 -8.283683e-02 -9.581052e-02 -1.084061e-01 -1.205738e-01 -1.322657e-01 -1.434356e-01 -1.540395e-01 -1.640354e-01 -1.733839e-01 -1.820482e-01 -1.899940e-01 -1.971900e-01 -2.036077e-01 -2.092219e-01 -2.140105e-01 -2.179544e-01 -2.210381e-01 -2.232495e-01 -2.245799e-01 -2.250239e-01 
1.695496e-01 1.692151e-01 1.682127e-01 1.665464e-01 1.642229e-01 1.612513e-01 1.576433e-01 1.534131e-01 1.485775e-01 1.431555e-01 1.371685e-01 1.306402e-01 1.235964e-01 1.160647e-01 1.080750e-01 9.965877e-02 9.084923e-02 8.168115e-02 7.219072e-02 6.241538e-02 5.239372e-02 4.216528e-02 3.177043e-02 2.125020e-02 1.064611e-02 1.038192e-17 -1.064611e-02 -2.125020e-02 -3.177043e-02 -4.216528e-02 -5.239372e-02 -6.241538e-02 -7.219072e-02 -8.168115e-02 -9.084923e-02 -9.965877e-02 -1.080750e-01 -1.160647e-01 -1.235964e-01 -1.306402e-01 -1.371685e-01 -1.431555e-01 -1.485775e-01 -1.534131e-01 -1.576433e-01 -1.612513e-01 -1.642229e-01 -1.665464e-01 -1.682127e-01 -1.692151e-01 -1.695496e-01 
1.134062e-01 1.131824e-01 1.125120e-01 1.113975e-01 1.098433e-01 1.078557e-01 1.054424e-01 1.026130e-01 9.937861e-02 9.575202e-02 9.174754e-02 8.738098e-02 8.266956e-02 7.763189e-02 7.228783e-02 6.665849e-02 6.076608e-02 5.463385e-02 4.828601e-02 4.174761e-02 3.504444e-02 2.820297e-02 2.125020e-02 1.421357e-02 7.120834e-03 6.944127e-18 -7.120834e-03 -1.421357e-02 -2.125020e-02 -2.820297e-02 -3.504444e-02 -4.174761e-02 -4.828601e-02 -5.463385e-02 -6.076608e-02 -6.665849e-02 -7.228783e-02 -7.763189e-02 -8.266956e-02 -8.738098e-02 -9.174754e-02 -9.575202e-02 -9.937861e-02 -1.026130e-01 -1.054424e-01 -1.078557e-01 -1.098433e-01 -1.113975e-01 -1.125120e-01 -1.131824e-01 -1.134062e-01 
5.681521e-02 5.670310e-02 5.636721e-02 5.580886e-02 5.503026e-02 5.403448e-02 5.282545e-02 5.140794e-02 4.978755e-02 4.797067e-02 4.596447e-02 4.377687e-02 4.141651e-02 3.889269e-02 3.621538e-02 3.339514e-02 3.044311e-02 2.737094e-02 2.419074e-02 2.091507e-02 1.755687e-02 1.412937e-02 1.064611e-02 7.120834e-03 3.567457e-03 3.478928e-18 -3.567457e-03 -7.120834e-03 -1.064611e-02 -1.412937e-02 -1.755687e-02 -2.091507e-02 -2.419074e-02 -2.737094e-02 -3.044311e-02 -3.339514e-02 -3.621538e-02 -3.889269e-02 -4.141651e-02 -4.377687e-02 -4.596447e-02 -4.797067e-02 -4.978755e-02 -5.140794e-02 -5.282545e-02 -5.403448e-02 -5.503026e-02 -5.580886e-02 -5.636721e-02 -5.670310e-02 -5.681521e-02 
5.540531e-17 5.529598e-17 5.496842e-17 5.442393e-17 5.366465e-17 5.269358e-17 5.151456e-17 5.013223e-17 4.855205e-17 4.678025e-17 4.482384e-17 4.269053e-17 4.038873e-17 3.792755e-17 3.531668e-17 3.256643e-17 2.968765e-17 2.669171e-17 2.359043e-17 2.039606e-17 1.712118e-17 1.377874e-17 1.038192e-17 6.944127e-18 3.478928e-18 3.392597e-33 -3.478928e-18 -6.944127e-18 -1.038192e-17 -1.377874e-17 -1.712118e-17 -2.039606e-17 -2.359043e-17 -2.669171e-17 -2.968765e-17 -3.256643e-17 -3.531668e-17 -3.792755e-17 -4.038873e-17 -4.269053e-17 -4.482384e-17 -4.678025e-17 -4.855205e-17 -5.013223e-17 -5.151456e-17 -5.269358e-17 -5.366465e-17 -5.442393e-17 -5.496842e-17 -5.529598e-17 -5.540531e-17 
-5.681521e-02 -5.670310e-02 -5.636721e-02 -5.580886e-02 -5.503026e-02 -5.403448e-02 -5.282545e-02 -5.140794e-02 -4.978755e-02 -4.797067e-02 -4.596447e-02 -4.377687e-02 -4.141651e-02 -3.889269e-02 -3.621538e-02 -3.339514e-02 -3.044311e-02 -2.737094e-02 -2.419074e-02 -2.091507e-02 -1.755687e-02 -1.412937e-02 -1.064611e-02 -7.120834e-03 -3.567457e-03 -3.478928e-18 3.567457e-03 7.120834e-03 1.064611e-02 1.412937e-02 1.755687e-02 2.091507e-02 2.419074e-02 2.737094e-02 3.044311e-02 3.339514e-02 3.621538e-02 3.889269e-02 4.141651e-02 4.377687e-02 4.596447e-02 4.797067e-02 4.978755e-02 5.140794e-02 5.282545e-02 5.403448e-02 5.503026e-02 5.580886e-02 5.636721e-02 5.670310e-02 5.681521e-02 
-1.134062e-01 -1.131824e-01 -1.125120e-01 -1.113975e-01 -1.098433e-01 -1.078557e-01 -1.054424e-01 -1.026130e-01 -9.937861e-02 -9.575202e-02 -9.174754e-02 -8.738098e-02 -8.266956e-02 -7.763189e-02 -7.228783e-02 -6.665849e-02 -6.076608e-02 -5.463385e-02 -4.828601e-02 -4.174761e-02 -3.504444e-02 -2.820297e-02 -2.125020e-02 -1.421357e-02 -7.120834e-03 -6.944127e-18 7.120834e-03 1.421357e-02 2.125020e-02 2.820297e-02 3.504444e-02 4.174761e-02 4.828601e-02 5.463385e-02 6.076608e-02 6.665849e-02 7.228783e-02 7.763189e-02 8.266956e-02 8.738098e-02 9.174754e-02 9.575202e-02 9.937861e-02 1.026130e-01 1.054424e-01 1.078557e-01 1.098433e-01 1.113975e-01 1.125120e-01 1.131824e-01 1.134062e-01 
-1.695496e-01 -1.692151e-01 -1.682127e-01 -1.665464e-01 -1.642229e-01 -1.612513e-01 -1.576433e-01 -1.534131e-01 -1.485775e-01 -1.431555e-01 -1.371685e-01 -1.306402e-01 -1.235964e-01 -1.160647e-01 -1.080750e-01 -9.965877e-02 -9.084923e-02 -8.168115e-02 -7.219072e-02 -6.241538e-02 -5.239372e-02 -4.216528e-02 -3.177043e-02 -2.125020e-02 -1.064611e-02 -1.038192e-17 1.064611e-02 2.125020e-02 3.177043e-02 4.216528e-02 5.239372e-02 6.241538e-02 7.219072e-02 8.168115e-02 9.084923e-02 9.965877e-02 1.080750e-01 1.160647e-01 1.235964e-01 1.306402e-01 1.371685e-01 1.431555e-01 1.485775e-01 1.534131e-01 1.576433e-01 1.612513e-01 1.642229e-01 1.665464e-01 1.682127e-01 1.692151e-01 1.695496e-01 
-2.250239e-01 -2.245799e-01 -2.232495e-01 -2.210381e-01 -2.179544e-01 -2.140105e-01 -2.092219e-01 -2.036077e-01 -1.971900e-01 -1.899940e-01 -1.820482e-01 -1.733839e-01 -1.640354e-01 -1.540395e-01 -1.434356e-01 -1.322657e-01 -1.205738e-01 -1.084061e-01 -9.581052e-02 -8.283683e-02 -6.953621e-02 -5.596117e-02 -4.216528e-02 -2.820297e-02 -1.412937e-02 -1.377874e-17 1.412937e-02 2.820297e-02 4.216528e-02 5.596117e-02 6.953621e-02 8.283683e-02 9.581052e-02 1.084061e-01 1.205738e-01 1.322657e-01 1.434356e-01 1.540395e-01 1.640354e-01 1.733839e-01 1.820482e-01 1.899940e-01 1.971900e-01 2.036077e-01 2.092219e-01 2.140105e-01 2.179544e-01 2.210381e-01 2.232495e-01 2.245799e-01 2.250239e-01 
-2.796101e-01 -2.790584e-01 -2.774053e-01 -2.746575e-01 -2.708257e-01 -2.659250e-01 -2.599749e-01 -2.529988e-01 -2.450242e-01 -2.360826e-01 -2.262094e-01 -2.154433e-01 -2.038270e-01 -1.914063e-01 -1.782302e-01 -1.643507e-01 -1.498226e-01 -1.347032e-01 -1.190522e-01 -1.029314e-01 -8.640428e-02 -6.953621e-02 -5.239372e-02 -3.504444e-02 -1.755687e-02 -1.712118e-17 1.755687e-02 3.504444e-02 5.239372e-02 6.953621e-02 8.640428e-02 1.029314e-01 1.190522e-01 1.347032e-01 1.498226e-01 1.643507e-01 1.782302e-01 1.914063e-01 2.038270e-01 2.154433e-01 2.262094e-01 2.360826e-01 2.450242e-01 2.529988e-01 2.599749e-01 2.659250e-01 2.708257e-01 2.746575e-01 2.774053e-01 2.790584e-01 2.796101e-01 
-3.330929e-01 -3.324356e-01 -3.304663e-01 -3.271929e-01 -3.226281e-01 -3.167901e-01 -3.097019e-01 -3.013914e-01 -2.918915e-01 -2.812396e-01 -2.694778e-01 -2.566525e-01 -2.428143e-01 -2.280178e-01 -2.123214e-01 -1.957871e-01 -1.784801e-01 -1.604687e-01 -1.418240e-01 -1.226197e-01 -1.029314e-01 -8.283683e-02 -6.241538e-02 -4.174761e-02 -2.091507e-02 -2.039606e-17 2.091507e-02 4.174761e-02 6.241538e-02 8.283683e-02 1.029314e-01 1.226197e-01 1.418240e-01 1.604687e-01 1.784801e-01 1.957871e-01 2.123214e-01 2.280178e-01 2.428143e-01 2.566525e-01 2.694778e-01 2.812396e-01 2.918915e-01 3.013914e-01 3.097019e-01 3.167901e-01 3.226281e-01 3.271929e-01 3.304663e-01 3.324356e-01 3.330929e-01 
-3.852610e-01 -3.845008e-01 -3.822231e-01 -3.784370e-01 -3.731574e-01 -3.664050e-01 -3.582067e-01 -3.485946e-01 -3.376068e-01 -3.252867e-01 -3.116827e-01 -2.968487e-01 -2.808432e-01 -2.637293e-01 -2.455746e-01 -2.264508e-01 -2.064332e-01 -1.856009e-01 -1.640362e-01 -1.418240e-01 -1.190522e-01 -9.581052e-02 -7.219072e-02 -4.828601e-02 -2.419074e-02 -2.359043e-17 2.419074e-02 4.828601e-02 7.219072e-02 9.581052e-02 1.190522e-01 1.418240e-01 1.640362e-01 1.856009e-01 2.064332e-01 2.264508e-01 2.455746e-01 2.637293e-01 2.808432e-01 2.968487e-01 3.116827e-01 3.252867e-01 3.376068e-01 3.485946e-01 3.582067e-01 3.664050e-01 3.731574e-01 3.784370e-01 3.822231e-01 3.845008e-01 3.852610e-01 
-4.359088e-01 -4.350486e-01 -4.324715e-01 -4.281876e-01 -4.222139e-01 -4.145739e-01 -4.052977e-01 -3.944220e-01 -3.819898e-01 -3.680499e-01 -3.526576e-01 -3.358735e-01 -3.177638e-01 -2.984001e-01 -2.778587e-01 -2.562207e-01 -2.335716e-01 -2.100006e-01 -1.856009e-01 -1.604687e-01 -1.347032e-01 -1.084061e-01 -8.168115e-02 -5.463385e-02 -2.737094e-02 -2.669171e-17 2.737094e-02 5.463385e-02 8.168115e-02 1.084061e-01 1.347032e-01 1.604687e-01 1.856009e-01 2.100006e-01 2.335716e-01 2.562207e-01 2.778587e-01 2.984001e-01 3.177638e-01 3.358735e-01 3.526576e-01 3.680499e-01 3.819898e-01 3.944220e-01 4.052977e-01 4.145739e-01 4.222139e-01 4.281876e-01 4.324715e-01 4.350486e-01 4.359088e-01 
-4.848361e-01 -4.838794e-01 -4.810131e-01 -4.762484e-01 -4.696041e-01 -4.611066e-01 -4.507892e-01 -4.386928e-01 -4.248651e-01 -4.093607e-01 -3.922407e-01 -3.735727e-01 -3.534303e-01 -3.318932e-01 -3.090462e-01 -2.849795e-01 -2.597882e-01 -2.335716e-01 -2.064332e-01 -1.784801e-01 -1.498226e-01 -1.205738e-01 -9.084923e-02 -6.076608e-02 -3.044311e-02 -2.968765e-17 3.044311e-02 6.076608e-02 9.084923e-02 1.205738e-01 1.498226e-01 1.784801e-01 2.064332e-01 2.335716e-01 2.597882e-01 2.849795e-01 3.090462e-01 3.318932e-01 3.534303e-01 3.735727e-01 3.922407e-01 4.093607e-01 4.248651e-01 4.386928e-01 4.507892e-01 4.611066e-01 4.696041e-01 4.762484e-01 4.810131e-01 4.838794e-01 4.848361e-01 
-5.318501e-01 -5.308006e-01 -5.276563e-01 -5.224296e-01 -5.151410e-01 -5.058195e-01 -4.945017e-01 -4.812323e-01 -4.660638e-01 -4.490559e-01 -4.302758e-01 -4.097975e-01 -3.877020e-01 -3.640764e-01 -3.390140e-01 -3.126136e-01 -2.849795e-01 -2.562207e-01 -2.264508e-01 -1.957871e-01 -1.643507e-01 -1.322657e-01 -9.965877e-02 -6.665849e-02 -3.339514e-02 -3.256643e-17 3.339514e-02 6.665849e-02 9.965877e-02 1.322657e-01 1.643507e-01 1.957871e-01 2.264508e-01 2.562207e-01 2.849795e-01 3.126136e-01 3.390140e-01 3.640764e-01 3.877020e-01 4.097975e-01 4.302758e-01 4.490559e-01 4.660638e-01 4.812323e-01 4.945017e-01 5.058195e-01 5.151410e-01 5.224296e-01 5.276563e-01 5.308006e-01 5.318501e-01 
-5.767651e-01 -5.756270e-01 -5.722171e-01 -5.665490e-01 -5.586449e-01 -5.485362e-01 -5.362626e-01 -5.218726e-01 -5.054231e-01 -4.869789e-01 -4.666127e-01 -4.444051e-01 -4.204436e-01 -3.948229e-01 -3.676439e-01 -3.390140e-01 -3.090462e-01 -2.778587e-01 -2.455746e-01 -2.123214e-01 -1.782302e-01 -1.434356e-01 -1.080750e-01 -7.228783e-02 -3.621538e-02 -3.531668e-17 3.621538e-02 7.228783e-02 1.080750e-01 1.434356e-01 1.782302e-01 2.123214e-01 2.455746e-01 2.778587e-01 3.090462e-01 3.390140e-01 3.676439e-01 3.948229e-01 4.204436e-01 4.444051e-01 4.666127e-01 4.869789e-01 5.054231e-01 5.218726e-01 5.362626e-01 5.485362e-01 5.586449e-01 5.665490e-01 5.722171e-01 5.756270e-01 5.767651e-01 
-6.194038e-01 -6.181816e-01 -6.145197e-01 -6.084325e-01 -5.999441e-01 -5.890881e-01 -5.759071e-01 -5.604533e-01 -5.427877e-01 -5.229800e-01 -5.011082e-01 -4.772589e-01 -4.515260e-01 -4.240111e-01 -3.948229e-01 -3.640764e-01 -3.318932e-01 -2.984001e-01 -2.637293e-01 -2.280178e-01 -1.914063e-01 -1.540395e-01 -1.160647e-01 -7.763189e-02 -3.889269e-02 -3.792755e-17 3.889269e-02 7.763189e-02 1.160647e-01 1.540395e-01 1.914063e-01 2.280178e-01 2.637293e-01 2.984001e-01 3.318932e-01 3.640764e-01 3.948229e-01 4.240111e-01 4.515260e-01 4.772589e-01 5.011082e-01 5.229800e-01 5.427877e-01 5.604533e-01 5.759071e-01 5.890881e-01 5.999441e-01 6.084325e-01 6.145197e-01 6.181816e-01 6.194038e-01 
-6.595981e-01 -6.582965e-01 -6.543970e-01 -6.479148e-01 -6.388756e-01 -6.273151e-01 -6.132788e-01 -5.968222e-01 -5.780102e-01 -5.569171e-01 -5.336261e-01 -5.082291e-01 -4.808263e-01 -4.515260e-01 -4.204436e-01 -3.877020e-01 -3.534303e-01 -3.177638e-01 -2.808432e-01 -2.428143e-01 -2.038270e-01 -1.640354e-01 -1.235964e-01 -8.266956e-02 -4.141651e-02 -4.038873e-17 4.141651e-02 8.266956e-02 1.235964e-01 1.640354e-01 2.038270e-01 2.428143e-01 2.808432e-01 3.177638e-01 3.534303e-01 3.877020e-01 4.204436e-01 4.515260e-01 4.808263e-01 5.082291e-01 5.336261e-01 5.569171e-01 5.780102e-01 5.968222e-01 6.132788e-01 6.273151e-01 6.388756e-01 6.479148e-01 6.543970e-01 6.582965e-01 6.595981e-01 
-6.971892e-01 -6.958135e-01 -6.916917e-01 -6.848401e-01 -6.752857e-01 -6.630663e-01 -6.482301e-01 -6.308357e-01 -6.109516e-01 -5.886563e-01 -5.640379e-01 -5.371935e-01 -5.082291e-01 -4.772589e-01 -4.444051e-01 -4.097975e-01 -3.735727e-01 -3.358735e-01 -2.968487e-01 -2.566525e-01 -2.154433e-01 -1.733839e-01 -1.306402e-01 -8.738098e-02 -4.377687e-02 -4.269053e-17 4.377687e-02 8.738098e-02 1.306402e-01 1.733839e-01 2.154433e-01 2.566525e-01 2.968487e-01 3.358735e-01 3.735727e-01 4.097975e-01 4.444051e-01 4.772589e-01 5.082291e-01 5.371935e-01 5.640379e-01 5.886563e-01 6.109516e-01 6.308357e-01 6.482301e-01 6.630663e-01 6.752857e-01 6.848401e-01 6.916917e-01 6.958135e-01 6.971892e-01 
-7.320288e-01 -7.305844e-01 -7.262566e-01 -7.190626e-01 -7.090308e-01 -6.962008e-01 -6.806232e-01 -6.623595e-01 -6.414818e-01 -6.180724e-01 -5.922238e-01 -5.640379e-01 -5.336261e-01 -5.011082e-01 -4.666127e-01 -4.302758e-01 -3.922407e-01 -3.526576e-01 -3.116827e-01 -2.694778e-01 -2.262094e-01 -1.820482e-01 -1.371685e-01 -9.174754e-02 -4.596447e-02 -4.482384e-17 4.596447e-02 9.174754e-02 1.371685e-01 1.820482e-01 2.262094e-01 2.694778e-01 3.116827e-01 3.526576e-01 3.922407e-01 4.302758e-01 4.666127e-01 5.011082e-01 5.336261e-01 5.640379e-01 5.922238e-01 6.180724e-01 6.414818e-01 6.623595e-01 6.806232e-01 6.962008e-01 7.090308e-01 7.190626e-01 7.262566e-01 7.305844e-01 7.320288e-01 
-7.639795e-01 -7.624720e-01 -7.579553e-01 -7.504473e-01 -7.399777e-01 -7.265877e-01 -7.103302e-01 -6.912693e-01 -6.694803e-01 -6.450492e-01 -6.180724e-01 -5.886563e-01 -5.569171e-01 -5.229800e-01 -4.869789e-01 -4.490559e-01 -4.093607e-01 -3.680499e-01 -3.252867e-01 -2.812396e-01 -2.360826e-01 -1.899940e-01 -1.431555e-01 -9.575202e-02 -4.797067e-02 -4.678025e-17 4.797067e-02 9.575202e-02 1.431555e-01 1.899940e-01 2.360826e-01 2.812396e-01 3.252867e-01 3.680499e-01 4.093607e-01 4.490559e-01 4.869789e-01 5.229800e-01 5.569171e-01 5.886563e-01 6.180724e-01 6.450492e-01 6.694803e-01 6.912693e-01 7.103302e-01 7.265877e-01 7.399777e-01 7.504473e-01 7.579553e-01 7.624720e-01 7.639795e-01 
-7.929151e-01 -7.913504e-01 -7.866627e-01 -7.788704e-01 -7.680042e-01 -7.541070e-01 -7.372338e-01 -7.174510e-01 -6.948368e-01 -6.694803e-01 -6.414818e-01 -6.109516e-01 -5.780102e-01 -5.427877e-01 -5.054231e-01 -4.660638e-01 -4.248651e-01 -3.819898e-01 -3.376068e-01 -2.918915e-01 -2.450242e-01 -1.971900e-01 -1.485775e-01 -9.937861e-02 -4.978755e-02 -4.855205e-17 4.978755e-02 9.937861e-02 1.485775e-01 1.971900e-01 2.450242e-01 2.918915e-01 3.376068e-01 3.819898e-01 4.248651e-01 4.660638e-01 5.054231e-01 5.427877e-01 5.780102e-01 6.109516e-01 6.414818e-01 6.694803e-01 6.948368e-01 7.174510e-01 7.372338e-01 7.541070e-01 7.680042e-01 7.788704e-01 7.866627e-01 7.913504e-01 7.929151e-01 
-8.187214e-01 -8.171058e-01 -8.122655e-01 -8.042196e-01 -7.929997e-01 -7.786503e-01 -7.612279e-01 -7.408012e-01 -7.174510e-01 -6.912693e-01 -6.623595e-01 -6.308357e-01 -5.968222e-01 -5.604533e-01 -5.218726e-01 -4.812323e-01 -4.386928e-01 -3.944220e-01 -3.485946e-01 -3.013914e-01 -2.529988e-01 -2.036077e-01 -1.534131e-01 -1.026130e-01 -5.140794e-02 -5.013223e-17 5.140794e-02 1.026130e-01 1.534131e-01 2.036077e-01 2.529988e-01 3.013914e-01 3.485946e-01 3.944220e-01 4.386928e-01 4.812323e-01 5.218726e-01 5.604533e-01 5.968222e-01 6.308357e-01 6.623595e-01 6.912693e-01 7.174510e-01 7.408012e-01 7.612279e-01 7.786503e-01 7.929997e-01 8.042196e-01 8.122655e-01 8.171058e-01 8.187214e-01 
-8.412966e-01 -8.396364e-01 -8.346627e-01 -8.263949e-01 -8.148657e-01 -8.001206e-01 -7.822178e-01 -7.612279e-01 -7.372338e-01 -7.103302e-01 -6.806232e-01 -6.482301e-01 -6.132788e-01 -5.759071e-01 -5.362626e-01 -4.945017e-01 -4.507892e-01 -4.052977e-01 -3.582067e-01 -3.097019e-01 -2.599749e-01 -2.092219e-01 -1.576433e-01 -1.054424e-01 -5.282545e-02 -5.151456e-17 5.282545e-02 1.054424e-01 1.576433e-01 2.092219e-01 2.599749e-01 3.097019e-01 3.582067e-01 4.052977e-01 4.507892e-01 4.945017e-01 5.362626e-01 5.759071e-01 6.132788e-01 6.482301e-01 6.806232e-01 7.103302e-01 7.372338e-01 7.612279e-01 7.822178e-01 8.001206e-01 8.148657e-01 8.263949e-01 8.346627e-01 8.396364e-01 8.412966e-01 
-8.605515e-01 -8.588534e-01 -8.537658e-01 -8.453088e-01 -8.335157e-01 -8.184331e-01 -8.001206e-01 -7.786503e-01 -7.541070e-01 -7.265877e-01 -6.962008e-01 -6.630663e-01 -6.273151e-01 -5.890881e-01 -5.485362e-01 -5.058195e-01 -4.611066e-01 -4.145739e-01 -3.664050e-01 -3.167901e-01 -2.659250e-01 -2.140105e-01 -1.612513e-01 -1.078557e-01 -5.403448e-02 -5.269358e-17 5.403448e-02 1.078557e-01 1.612513e-01 2.140105e-01 2.659250e-01 3.167901e-01 3.664050e-01 4.145739e-01 4.611066e-01 5.058195e-01 5.485362e-01 5.890881e-01 6.273151e-01 6.630663e-01 6.962008e-01 7.265877e-01 7.541070e-01 7.786503e-01 8.001206e-01 8.184331e-01 8.335157e-01 8.453088e-01 8.537658e-01 8.588534e-01 8.605515e-01 
-8.764103e-01 -8.746809e-01 -8.694995e-01 -8.608867e-01 -8.488762e-01 -8.335157e-01 -8.148657e-01 -7.929997e-01 -7.680042e-01 -7.399777e-01 -7.090308e-01 -6.752857e-01 -6.388756e-01 -5.999441e-01 -5.586449e-01 -5.151410e-01 -4.696041e-01 -4.222139e-01 -3.731574e-01 -3.226281e-01 -2.708257e-01 -2.179544e-01 -1.642229e-01 -1.098433e-01 -5.503026e-02 -5.366465e-17 5.503026e-02 1.098433e-01 1.642229e-01 2.179544e-01 2.708257e-01 3.226281e-01 3.731574e-01 4.222139e-01 4.696041e-01 5.151410e-01 5.586449e-01 5.999441e-01 6.388756e-01 6.752857e-01 7.090308e-01 7.399777e-01 7.680042e-01 7.929997e-01 8.148657e-01 8.335157e-01 8.488762e-01 8.608867e-01 8.694995e-01 8.746809e-01 8.764103e-01 
-8.888103e-01 -8.870564e-01 -8.818017e-01 -8.730670e-01 -8.608867e-01 -8.453088e-01 -8.263949e-01 -8.042196e-01 -7.788704e-01 -7.504473e-01 -7.190626e-01 -6.848401e-01 -6.479148e-01 -6.084325e-01 -5.665490e-01 -5.224296e-01 -4.762484e-01 -4.281876e-01 -3.784370e-01 -3.271929e-01 -2.746575e-01 -2.210381e-01 -1.665464e-01 -1.113975e-01 -5.580886e-02 -5.442393e-17 5.580886e-02 1.113975e-01 1.665464e-01 2.210381e-01 2.746575e-01 3.271929e-01 3.784370e-01 4.281876e-01 4.762484e-01 5.224296e-01 5.665490e-01 6.084325e-01 6.479148e-01 6.848401e-01 7.190626e-01 7.504473e-01 7.788704e-01 8.042196e-01 8.263949e-01 8.453088e-01 8.608867e-01 8.730670e-01 8.818017e-01 8.870564e-01 8.888103e-01 
-8.977025e-01 -8.959311e-01 -8.906239e-01 -8.818017e-01 -8.694995e-01 -8.537658e-01 -8.346627e-01 -8.122655e-01 -7.866627e-01 -7.579553e-01 -7.262566e-01 -6.916917e-01 -6.543970e-01 -6.145197e-01 -5.722171e-01 -5.276563e-01 -4.810131e-01 -4.324715e-01 -3.822231e-01 -3.304663e-01 -2.774053e-01 -2.232495e-01 -1.682127e-01 -1.125120e-01 -5.636721e-02 -5.496842e-17 5.636721e-02 1.125120e-01 1.682127e-01 2.232495e-01 2.774053e-01 3.304663e-01 3.822231e-01 4.324715e-01 4.810131e-01 5.276563e-01 5.722171e-01 6.145197e-01 6.543970e-01 6.916917e-01 7.262566e-01 7.579553e-01 7.866627e-01 8.122655e-01 8.346627e-01 8.537658e-01 8.694995e-01 8.818017e-01 8.906239e-01 8.959311e-01 8.977025e-01 
-9.030519e-01 -9.012700e-01 -8.959311e-01 -8.870564e-01 -8.746809e-01 -8.588534e-01 -8.396364e-01 -8.171058e-01 -7.913504e-01 -7.624720e-01 -7.305844e-01 -6.958135e-01 -6.582965e-01 -6.181816e-01 -5.756270e-01 -5.308006e-01 -4.838794e-01 -4.350486e-01 -3.845008e-01 -3.324356e-01 -2.790584e-01 -2.245799e-01 -1.692151e-01 -1.131824e-01 -5.670310e-02 -5.529598e-17 5.670310e-02 1.131824e-01 1.692151e-01 2.245799e-01 2.790584e-01 3.324356e-01 3.845008e-01 4.350486e-01 4.838794e-01 5.308006e-01 5.756270e-01 6.181816e-01 6.582965e-01 6.958135e-01 7.305844e-01 7.624720e-01 7.913504e-01 8.171058e-01 8.396364e-01 8.588534e-01 8.746809e-01 8.870564e-01 8.959311e-01 9.012700e-01 9.030519e-01 
-9.048374e-01 -9.030519e-01 -8.977025e-01 -8.888103e-01 -8.764103e-01 -8.605515e-01 -8.412966e-01 -8.187214e-01 -7.929151e-01 -7.639795e-01 -7.320288e-01 -6.971892e-01 -6.595981e-01 -6.194038e-01 -5.767651e-01 -5.318501e-01 -4.848361e-01 -4.359088e-01 -3.852610e-01 -3.330929e-01 -2.796101e-01 -2.250239e-01 -1.695496e-01 -1.134062e-01 -5.681521e-02 -5.540531e-17 5.681521e-02 1.134062e-01 1.695496e-01 2.250239e-01 2.796101e-01 3.330929e-01 3.852610e-01 4.359088e-01 4.848361e-01 5.318501e-01 5.767651e-01 6.194038e-01 6.595981e-01 6.971892e-01 7.320288e-01 7.639795e-01 7.929151e-01 8.187214e-01 8.412966e-01 8.605515e-01 8.764103e-01 8.888103e-01 8.977025e-01 9.030519e-01 9.048374e-01 
