9.516258e-02 9.508922e-02 9.486923e-02 9.450296e-02 9.399097e-02 9.333406e-02 9.253323e-02 9.158973e-02 9.050499e-02 8.928071e-02 8.791876e-02 8.642125e-02 8.479048e-02 8.302897e-02 8.113944e-02 7.912480e-02 7.698815e-02 7.473279e-02 7.236220e-02 6.988003e-02 6.729011e-02 6.459643e-02 6.180315e-02 5.891458e-02 5.593516e-02 5.286950e-02 4.972231e-02 4.649846e-02 4.320291e-02 3.984074e-02 3.641714e-02 3.293739e-02 2.940686e-02 2.583097e-02 2.221526e-02 1.856530e-02 1.488671e-02 1.118516e-02 7.466370e-03 3.736065e-03 5.827028e-18 -3.736065e-03 -7.466370e-03 -1.118516e-02 -1.488671e-02 -1.856530e-02 -2.221526e-02 -2.583097e-02 -2.940686e-02 -3.293739e-02 -3.641714e-02 -3.984074e-02 -4.320291e-02 -4.649846e-02 -4.972231e-02 -5.286950e-02 -5.593516e-02 -5.891458e-02 -6.180315e-02 -6.459643e-02 -6.729011e-02 -6.988003e-02 -7.236220e-02 -7.473279e-02 -7.698815e-02 -7.912480e-02 -8.113944e-02 -8.302897e-02 -8.479048e-02 -8.642125e-02 -8.791876e-02 -8.928071e-02 -9.050499e-02 -9.158973e-02 -9.253323e-02 -9.333406e-02 -9.399097e-02 -9.450296e-02 -9.486923e-02 -9.508922e-02 -9.516258e-02 
9.508922e-02 9.501590e-02 9.479609e-02 9.443010e-02 9.391851e-02 9.326210e-02 9.246189e-02 9.151911e-02 9.043522e-02 8.921188e-02 8.785098e-02 8.635462e-02 8.472511e-02 8.296496e-02 8.107688e-02 7.906379e-02 7.692879e-02 7.467517e-02 7.230641e-02 6.982615e-02 6.723823e-02 6.454663e-02 6.175551e-02 5.886916e-02 5.589204e-02 5.282874e-02 4.968398e-02 4.646261e-02 4.316960e-02 3.981003e-02 3.638907e-02 3.291200e-02 2.938418e-02 2.581106e-02 2.219814e-02 1.855099e-02 1.487523e-02 1.117654e-02 7.460614e-03 3.733185e-03 5.822535e-18 -3.733185e-03 -7.460614e-03 -1.117654e-02 -1.487523e-02 -1.855099e-02 -2.219814e-02 -2.581106e-02 -2.938418e-02 -3.291200e-02 -3.638907e-02 -3.981003e-02 -4.316960e-02 -4.646261e-02 -4.968398e-02 -5.282874e-02 -5.589204e-02 -5.886916e-02 -6.175551e-02 -6.454663e-02 -6.723823e-02 -6.982615e-02 -7.230641e-02 -7.467517e-02 -7.692879e-02 -7.906379e-02 -8.107688e-02 -8.296496e-02 -8.472511e-02 -8.635462e-02 -8.785098e-02 -8.921188e-02 -9.043522e-02 -9.151911e-02 -9.246189e-02 -9.326210e-02 -9.391851e-02 -9.443010e-02 -9.479609e-02 -9.501590e-02 -9.508922e-02 
9.486923e-02 9.479609e-02 9.457678e-02 9.421164e-02 9.370123e-02 9.304634e-02 9.224798e-02 9.130738e-02 9.022600e-02 8.900549e-02 8.764774e-02 8.615484e-02 8.452910e-02 8.277302e-02 8.088931e-02 7.888088e-02 7.675082e-02 7.450241e-02 7.213913e-02 6.966461e-02 6.708267e-02 6.439730e-02 6.161263e-02 5.873296e-02 5.576273e-02 5.270652e-02 4.956904e-02 4.635512e-02 4.306973e-02 3.971793e-02 3.630488e-02 3.283586e-02 2.931620e-02 2.575135e-02 2.214678e-02 1.850807e-02 1.484082e-02 1.115068e-02 7.443354e-03 3.724548e-03 5.809065e-18 -3.724548e-03 -7.443354e-03 -1.115068e-02 -1.484082e-02 -1.850807e-02 -2.214678e-02 -2.575135e-02 -2.931620e-02 -3.283586e-02 -3.630488e-02 -3.971793e-02 -4.306973e-02 -4.635512e-02 -4.956904e-02 -5.270652e-02 -5.576273e-02 -5.873296e-02 -6.161263e-02 -6.439730e-02 -6.708267e-02 -6.966461e-02 -7.213913e-02 -7.450241e-02 -7.675082e-02 -7.888088e-02 -8.088931e-02 -8.277302e-02 -8.452910e-02 -8.615484e-02 -8.764774e-02 -8.900549e-02 -9.022600e-02 -9.130738e-02 -9.224798e-02 -9.304634e-02 -9.370123e-02 -9.421164e-02 -9.457678e-02 -9.479609e-02 -9.486923e-02 
9.450296e-02 9.443010e-02 9.421164e-02 9.384791e-02 9.333947e-02 9.268711e-02 9.189183e-02 9.095487e-02 8.987765e-02 8.866186e-02 8.730935e-02 8.582222e-02 8.420275e-02 8.245345e-02 8.057702e-02 7.857634e-02 7.645450e-02 7.421477e-02 7.186061e-02 6.939565e-02 6.682368e-02 6.414868e-02 6.137476e-02 5.850621e-02 5.554745e-02 5.250303e-02 4.937766e-02 4.617615e-02 4.290345e-02 3.956458e-02 3.616472e-02 3.270909e-02 2.920302e-02 2.565193e-02 2.206128e-02 1.843661e-02 1.478352e-02 1.110763e-02 7.414617e-03 3.710169e-03 5.786637e-18 -3.710169e-03 -7.414617e-03 -1.110763e-02 -1.478352e-02 -1.843661e-02 -2.206128e-02 -2.565193e-02 -2.920302e-02 -3.270909e-02 -3.616472e-02 -3.956458e-02 -4.290345e-02 -4.617615e-02 -4.937766e-02 -5.250303e-02 -5.554745e-02 -5.850621e-02 -6.137476e-02 -6.414868e-02 -6.682368e-02 -6.939565e-02 -7.186061e-02 -7.421477e-02 -7.645450e-02 -7.857634e-02 -8.057702e-02 -8.245345e-02 -8.420275e-02 -8.582222e-02 -8.730935e-02 -8.866186e-02 -8.987765e-02 -9.095487e-02 -9.189183e-02 -9.268711e-02 -9.333947e-02 -9.384791e-02 -9.421164e-02 -9.443010e-02 -9.450296e-02 
9.399097e-02 9.391851e-02 9.370123e-02 9.333947e-02 9.283379e-02 9.218496e-02 9.139399e-02 9.046210e-02 8.939073e-02 8.818152e-02 8.683634e-02 8.535726e-02 8.374657e-02 8.200675e-02 8.014048e-02 7.815064e-02 7.604029e-02 7.381270e-02 7.147130e-02 6.901969e-02 6.646165e-02 6.380114e-02 6.104225e-02 5.818924e-02 5.524651e-02 5.221859e-02 4.911015e-02 4.592599e-02 4.267101e-02 3.935024e-02 3.596879e-02 3.253188e-02 2.904481e-02 2.551295e-02 2.194176e-02 1.833673e-02 1.470343e-02 1.104745e-02 7.374447e-03 3.690068e-03 5.755287e-18 -3.690068e-03 -7.374447e-03 -1.104745e-02 -1.470343e-02 -1.833673e-02 -2.194176e-02 -2.551295e-02 -2.904481e-02 -3.253188e-02 -3.596879e-02 -3.935024e-02 -4.267101e-02 -4.592599e-02 -4.911015e-02 -5.221859e-02 -5.524651e-02 -5.818924e-02 -6.104225e-02 -6.380114e-02 -6.646165e-02 -6.901969e-02 -7.147130e-02 -7.381270e-02 -7.604029e-02 -7.815064e-02 -8.014048e-02 -8.200675e-02 -8.374657e-02 -8.535726e-02 -8.683634e-02 -8.818152e-02 -8.939073e-02 -9.046210e-02 -9.139399e-02 -9.218496e-02 -9.283379e-02 -9.333947e-02 -9.370123e-02 -9.391851e-02 -9.399097e-02 
9.333406e-02 9.326210e-02 9.304634e-02 9.268711e-02 9.218496e-02 9.154067e-02 9.075523e-02 8.982985e-02 8.876597e-02 8.756521e-02 8.622943e-02 8.476069e-02 8.316126e-02 8.143359e-02 7.958037e-02 7.760443e-02 7.550884e-02 7.329682e-02 7.097178e-02 6.853730e-02 6.599715e-02 6.335523e-02 6.061562e-02 5.778255e-02 5.486038e-02 5.185363e-02 4.876691e-02 4.560500e-02 4.237278e-02 3.907521e-02 3.571740e-02 3.230451e-02 2.884181e-02 2.533464e-02 2.178840e-02 1.820857e-02 1.460066e-02 1.097024e-02 7.322906e-03 3.664278e-03 5.715063e-18 -3.664278e-03 -7.322906e-03 -1.097024e-02 -1.460066e-02 -1.820857e-02 -2.178840e-02 -2.533464e-02 -2.884181e-02 -3.230451e-02 -3.571740e-02 -3.907521e-02 -4.237278e-02 -4.560500e-02 -4.876691e-02 -5.185363e-02 -5.486038e-02 -5.778255e-02 -6.061562e-02 -6.335523e-02 -6.599715e-02 -6.853730e-02 -7.097178e-02 -7.329682e-02 -7.550884e-02 -7.760443e-02 -7.958037e-02 -8.143359e-02 -8.316126e-02 -8.476069e-02 -8.622943e-02 -8.756521e-02 -8.876597e-02 -8.982985e-02 -9.075523e-02 -9.154067e-02 -9.218496e-02 -9.268711e-02 -9.304634e-02 -9.326210e-02 -9.333406e-02 
9.253323e-02 9.246189e-02 9.224798e-02 9.189183e-02 9.139399e-02 9.075523e-02 8.997653e-02 8.905909e-02 8.800433e-02 8.681388e-02 8.548956e-02 8.403342e-02 8.244771e-02 8.073488e-02 7.889755e-02 7.693857e-02 7.486096e-02 7.266791e-02 7.036282e-02 6.794924e-02 6.543088e-02 6.281163e-02 6.009553e-02 5.728676e-02 5.438967e-02 5.140871e-02 4.834848e-02 4.521370e-02 4.200921e-02 3.873994e-02 3.541093e-02 3.202733e-02 2.859434e-02 2.511726e-02 2.160145e-02 1.805234e-02 1.447539e-02 1.087612e-02 7.260074e-03 3.632838e-03 5.666026e-18 -3.632838e-03 -7.260074e-03 -1.087612e-02 -1.447539e-02 -1.805234e-02 -2.160145e-02 -2.511726e-02 -2.859434e-02 -3.202733e-02 -3.541093e-02 -3.873994e-02 -4.200921e-02 -4.521370e-02 -4.834848e-02 -5.140871e-02 -5.438967e-02 -5.728676e-02 -6.009553e-02 -6.281163e-02 -6.543088e-02 -6.794924e-02 -7.036282e-02 -7.266791e-02 -7.486096e-02 -7.693857e-02 -7.889755e-02 -8.073488e-02 -8.244771e-02 -8.403342e-02 -8.548956e-02 -8.681388e-02 -8.800433e-02 -8.905909e-02 -8.997653e-02 -9.075523e-02 -9.139399e-02 -9.189183e-02 -9.224798e-02 -9.246189e-02 -9.253323e-02 
9.158973e-02 9.151911e-02 9.130738e-02 9.095487e-02 9.046210e-02 8.982985e-02 8.905909e-02 8.815101e-02 8.710701e-02 8.592869e-02 8.461787e-02 8.317658e-02 8.160704e-02 7.991167e-02 7.809308e-02 7.615407e-02 7.409764e-02 7.192696e-02 6.964537e-02 6.725640e-02 6.476372e-02 6.217117e-02 5.948277e-02 5.670264e-02 5.383509e-02 5.088453e-02 4.785550e-02 4.475269e-02 4.158087e-02 3.834493e-02 3.504987e-02 3.170077e-02 2.830278e-02 2.486116e-02 2.138120e-02 1.786827e-02 1.432779e-02 1.076522e-02 7.186047e-03 3.595796e-03 5.608253e-18 -3.595796e-03 -7.186047e-03 -1.076522e-02 -1.432779e-02 -1.786827e-02 -2.138120e-02 -2.486116e-02 -2.830278e-02 -3.170077e-02 -3.504987e-02 -3.834493e-02 -4.158087e-02 -4.475269e-02 -4.785550e-02 -5.088453e-02 -5.383509e-02 -5.670264e-02 -5.948277e-02 -6.217117e-02 -6.476372e-02 -6.725640e-02 -6.964537e-02 -7.192696e-02 -7.409764e-02 -7.615407e-02 -7.809308e-02 -7.991167e-02 -8.160704e-02 -8.317658e-02 -8.461787e-02 -8.592869e-02 -8.710701e-02 -8.815101e-02 -8.905909e-02 -8.982985e-02 -9.046210e-02 -9.095487e-02 -9.130738e-02 -9.151911e-02 -9.158973e-02 
9.050499e-02 9.043522e-02 9.022600e-02 8.987765e-02 8.939073e-02 8.876597e-02 8.800433e-02 8.710701e-02 8.607536e-02 8.491100e-02 8.361571e-02 8.219149e-02 8.064054e-02 7.896525e-02 7.716819e-02 7.525215e-02 7.322008e-02 7.107510e-02 6.882054e-02 6.645985e-02 6.399669e-02 6.143486e-02 5.877829e-02 5.603109e-02 5.319750e-02 5.028188e-02 4.728873e-02 4.422266e-02 4.108841e-02 3.789080e-02 3.463476e-02 3.132532e-02 2.796758e-02 2.456672e-02 2.112797e-02 1.765665e-02 1.415810e-02 1.063772e-02 7.100940e-03 3.553209e-03 5.541833e-18 -3.553209e-03 -7.100940e-03 -1.063772e-02 -1.415810e-02 -1.765665e-02 -2.112797e-02 -2.456672e-02 -2.796758e-02 -3.132532e-02 -3.463476e-02 -3.789080e-02 -4.108841e-02 -4.422266e-02 -4.728873e-02 -5.028188e-02 -5.319750e-02 -5.603109e-02 -5.877829e-02 -6.143486e-02 -6.399669e-02 -6.645985e-02 -6.882054e-02 -7.107510e-02 -7.322008e-02 -7.525215e-02 -7.716819e-02 -7.896525e-02 -8.064054e-02 -8.219149e-02 -8.361571e-02 -8.491100e-02 -8.607536e-02 -8.710701e-02 -8.800433e-02 -8.876597e-02 -8.939073e-02 -8.987765e-02 -9.022600e-02 -9.043522e-02 -9.050499e-02 
8.928071e-02 8.921188e-02 8.900549e-02 8.866186e-02 8.818152e-02 8.756521e-02 8.681388e-02 8.592869e-02 8.491100e-02 8.376239e-02 8.248462e-02 8.107967e-02 7.954970e-02 7.789706e-02 7.612432e-02 7.423420e-02 7.222961e-02 7.011365e-02 6.788958e-02 6.556083e-02 6.313100e-02 6.060381e-02 5.798318e-02 5.527315e-02 5.247788e-02 4.960170e-02 4.664904e-02 4.362445e-02 4.053259e-02 3.737824e-02 3.416625e-02 3.090158e-02 2.758926e-02 2.423440e-02 2.084217e-02 1.741780e-02 1.396658e-02 1.049382e-02 7.004884e-03 3.505144e-03 5.466867e-18 -3.505144e-03 -7.004884e-03 -1.049382e-02 -1.396658e-02 -1.741780e-02 -2.084217e-02 -2.423440e-02 -2.758926e-02 -3.090158e-02 -3.416625e-02 -3.737824e-02 -4.053259e-02 -4.362445e-02 -4.664904e-02 -4.960170e-02 -5.247788e-02 -5.527315e-02 -5.798318e-02 -6.060381e-02 -6.313100e-02 -6.556083e-02 -6.788958e-02 -7.011365e-02 -7.222961e-02 -7.423420e-02 -7.612432e-02 -7.789706e-02 -7.954970e-02 -8.107967e-02 -8.248462e-02 -8.376239e-02 -8.491100e-02 -8.592869e-02 -8.681388e-02 -8.756521e-02 -8.818152e-02 -8.866186e-02 -8.900549e-02 -8.921188e-02 -8.928071e-02 
8.791876e-02 8.785098e-02 8.764774e-02 8.730935e-02 8.683634e-02 8.622943e-02 8.548956e-02 8.461787e-02 8.361571e-02 8.248462e-02 8.122634e-02 7.984282e-02 7.833619e-02 7.670877e-02 7.496307e-02 7.310178e-02 7.112777e-02 6.904409e-02 6.685395e-02 6.456073e-02 6.216795e-02 5.967932e-02 5.709867e-02 5.442997e-02 5.167735e-02 4.884505e-02 4.593743e-02 4.295897e-02 3.991428e-02 3.680805e-02 3.364505e-02 3.043018e-02 2.716839e-02 2.386471e-02 2.052423e-02 1.715210e-02 1.375352e-02 1.033374e-02 6.898027e-03 3.451674e-03 5.383472e-18 -3.451674e-03 -6.898027e-03 -1.033374e-02 -1.375352e-02 -1.715210e-02 -2.052423e-02 -2.386471e-02 -2.716839e-02 -3.043018e-02 -3.364505e-02 -3.680805e-02 -3.991428e-02 -4.295897e-02 -4.593743e-02 -4.884505e-02 -5.167735e-02 -5.442997e-02 -5.709867e-02 -5.967932e-02 -6.216795e-02 -6.456073e-02 -6.685395e-02 -6.904409e-02 -7.112777e-02 -7.310178e-02 -7.496307e-02 -7.670877e-02 -7.833619e-02 -7.984282e-02 -8.122634e-02 -8.248462e-02 -8.361571e-02 -8.461787e-02 -8.548956e-02 -8.622943e-02 -8.683634e-02 -8.730935e-02 -8.764774e-02 -8.785098e-02 -8.791876e-02 
8.642125e-02 8.635462e-02 8.615484e-02 8.582222e-02 8.535726e-02 8.476069e-02 8.403342e-02 8.317658e-02 8.219149e-02 8.107967e-02 7.984282e-02 7.848287e-02 7.700190e-02 7.540219e-02 7.368623e-02 7.185664e-02 6.991626e-02 6.786807e-02 6.571523e-02 6.346107e-02 6.110905e-02 5.866281e-02 5.612611e-02 5.350287e-02 5.079714e-02 4.801307e-02 4.515498e-02 4.222726e-02 3.923443e-02 3.618110e-02 3.307198e-02 2.991187e-02 2.670563e-02 2.345822e-02 2.017464e-02 1.685995e-02 1.351926e-02 1.015773e-02 6.780533e-03 3.392882e-03 5.291775e-18 -3.392882e-03 -6.780533e-03 -1.015773e-02 -1.351926e-02 -1.685995e-02 -2.017464e-02 -2.345822e-02 -2.670563e-02 -2.991187e-02 -3.307198e-02 -3.618110e-02 -3.923443e-02 -4.222726e-02 -4.515498e-02 -4.801307e-02 -5.079714e-02 -5.350287e-02 -5.612611e-02 -5.866281e-02 -6.110905e-02 -6.346107e-02 -6.571523e-02 -6.786807e-02 -6.991626e-02 -7.185664e-02 -7.368623e-02 -7.540219e-02 -7.700190e-02 -7.848287e-02 -7.984282e-02 -8.107967e-02 -8.219149e-02 -8.317658e-02 -8.403342e-02 -8.476069e-02 -8.535726e-02 -8.582222e-02 -8.615484e-02 -8.635462e-02 -8.642125e-02 
8.479048e-02 8.472511e-02 8.452910e-02 8.420275e-02 8.374657e-02 8.316126e-02 8.244771e-02 8.160704e-02 8.064054e-02 7.954970e-02 7.833619e-02 7.700190e-02 7.554887e-02 7.397936e-02 7.229577e-02 7.050071e-02 6.859694e-02 6.658740e-02 6.447519e-02 6.226356e-02 5.995592e-02 5.755584e-02 5.506701e-02 5.249327e-02 4.983859e-02 4.710707e-02 4.430290e-02 4.143043e-02 3.849407e-02 3.549836e-02 3.244791e-02 2.934743e-02 2.620170e-02 2.301557e-02 1.979394e-02 1.654180e-02 1.326415e-02 9.966053e-03 6.652584e-03 3.328859e-03 5.191920e-18 -3.328859e-03 -6.652584e-03 -9.966053e-03 -1.326415e-02 -1.654180e-02 -1.979394e-02 -2.301557e-02 -2.620170e-02 -2.934743e-02 -3.244791e-02 -3.549836e-02 -3.849407e-02 -4.143043e-02 -4.430290e-02 -4.710707e-02 -4.983859e-02 -5.249327e-02 -5.506701e-02 -5.755584e-02 -5.995592e-02 -6.226356e-02 -6.447519e-02 -6.658740e-02 -6.859694e-02 -7.050071e-02 -7.229577e-02 -7.397936e-02 -7.554887e-02 -7.700190e-02 -7.833619e-02 -7.954970e-02 -8.064054e-02 -8.160704e-02 -8.244771e-02 -8.316126e-02 -8.374657e-02 -8.420275e-02 -8.452910e-02 -8.472511e-02 -8.479048e-02 
8.302897e-02 8.296496e-02 8.277302e-02 8.245345e-02 8.200675e-02 8.143359e-02 8.073488e-02 7.991167e-02 7.896525e-02 7.789706e-02 7.670877e-02 7.540219e-02 7.397936e-02 7.244245e-02 7.079384e-02 6.903607e-02 6.717185e-02 6.520406e-02 6.313573e-02 6.097004e-02 5.871035e-02 5.636013e-02 5.392300e-02 5.140273e-02 4.880321e-02 4.612843e-02 4.338252e-02 4.056972e-02 3.769436e-02 3.476089e-02 3.177381e-02 2.873774e-02 2.565736e-02 2.253742e-02 1.938273e-02 1.619815e-02 1.298859e-02 9.759009e-03 6.514378e-03 3.259702e-03 5.084058e-18 -3.259702e-03 -6.514378e-03 -9.759009e-03 -1.298859e-02 -1.619815e-02 -1.938273e-02 -2.253742e-02 -2.565736e-02 -2.873774e-02 -3.177381e-02 -3.476089e-02 -3.769436e-02 -4.056972e-02 -4.338252e-02 -4.612843e-02 -4.880321e-02 -5.140273e-02 -5.392300e-02 -5.636013e-02 -5.871035e-02 -6.097004e-02 -6.313573e-02 -6.520406e-02 -6.717185e-02 -6.903607e-02 -7.079384e-02 -7.244245e-02 -7.397936e-02 -7.540219e-02 -7.670877e-02 -7.789706e-02 -7.896525e-02 -7.991167e-02 -8.073488e-02 -8.143359e-02 -8.200675e-02 -8.245345e-02 -8.277302e-02 -8.296496e-02 -8.302897e-02 
8.113944e-02 8.107688e-02 8.088931e-02 8.057702e-02 8.014048e-02 7.958037e-02 7.889755e-02 7.809308e-02 7.716819e-02 7.612432e-02 7.496307e-02 7.368623e-02 7.229577e-02 7.079384e-02 6.918275e-02 6.746498e-02 6.564319e-02 6.372018e-02 6.169891e-02 5.958252e-02 5.737425e-02 5.507751e-02 5.269585e-02 5.023294e-02 4.769257e-02 4.507866e-02 4.239524e-02 3.964645e-02 3.683653e-02 3.396982e-02 3.105072e-02 2.808374e-02 2.507347e-02 2.202453e-02 1.894163e-02 1.582952e-02 1.269300e-02 9.536919e-03 6.366127e-03 3.185519e-03 4.968358e-18 -3.185519e-03 -6.366127e-03 -9.536919e-03 -1.269300e-02 -1.582952e-02 -1.894163e-02 -2.202453e-02 -2.507347e-02 -2.808374e-02 -3.105072e-02 -3.396982e-02 -3.683653e-02 -3.964645e-02 -4.239524e-02 -4.507866e-02 -4.769257e-02 -5.023294e-02 -5.269585e-02 -5.507751e-02 -5.737425e-02 -5.958252e-02 -6.169891e-02 -6.372018e-02 -6.564319e-02 -6.746498e-02 -6.918275e-02 -7.079384e-02 -7.229577e-02 -7.368623e-02 -7.496307e-02 -7.612432e-02 -7.716819e-02 -7.809308e-02 -7.889755e-02 -7.958037e-02 -8.014048e-02 -8.057702e-02 -8.088931e-02 -8.107688e-02 -8.113944e-02 
7.912480e-02 7.906379e-02 7.888088e-02 7.857634e-02 7.815064e-02 7.760443e-02 7.693857e-02 7.615407e-02 7.525215e-02 7.423420e-02 7.310178e-02 7.185664e-02 7.050071e-02 6.903607e-02 6.746498e-02 6.578986e-02 6.401330e-02 6.213804e-02 6.016697e-02 5.810312e-02 5.594968e-02 5.370997e-02 5.138744e-02 4.898568e-02 4.650839e-02 4.395938e-02 4.134259e-02 3.866206e-02 3.592191e-02 3.312637e-02 3.027975e-02 2.738644e-02 2.445091e-02 2.147767e-02 1.847132e-02 1.543648e-02 1.237784e-02 9.300122e-03 6.208060e-03 3.106425e-03 4.844996e-18 -3.106425e-03 -6.208060e-03 -9.300122e-03 -1.237784e-02 -1.543648e-02 -1.847132e-02 -2.147767e-02 -2.445091e-02 -2.738644e-02 -3.027975e-02 -3.312637e-02 -3.592191e-02 -3.866206e-02 -4.134259e-02 -4.395938e-02 -4.650839e-02 -4.898568e-02 -5.138744e-02 -5.370997e-02 -5.594968e-02 -5.810312e-02 -6.016697e-02 -6.213804e-02 -6.401330e-02 -6.578986e-02 -6.746498e-02 -6.903607e-02 -7.050071e-02 -7.185664e-02 -7.310178e-02 -7.423420e-02 -7.525215e-02 -7.615407e-02 -7.693857e-02 -7.760443e-02 -7.815064e-02 -7.857634e-02 -7.888088e-02 -7.906379e-02 -7.912480e-02 
7.698815e-02 7.692879e-02 7.675082e-02 7.645450e-02 7.604029e-02 7.550884e-02 7.486096e-02 7.409764e-02 7.322008e-02 7.222961e-02 7.112777e-02 6.991626e-02 6.859694e-02 6.717185e-02 6.564319e-02 6.401330e-02 6.228472e-02 6.046009e-02 5.854225e-02 5.653413e-02 5.443884e-02 5.225961e-02 4.999980e-02 4.766290e-02 4.525250e-02 4.277232e-02 4.022620e-02 3.761804e-02 3.495189e-02 3.223184e-02 2.946209e-02 2.664691e-02 2.379065e-02 2.089770e-02 1.797253e-02 1.501964e-02 1.204360e-02 9.048986e-03 6.040420e-03 3.022540e-03 4.714164e-18 -3.022540e-03 -6.040420e-03 -9.048986e-03 -1.204360e-02 -1.501964e-02 -1.797253e-02 -2.089770e-02 -2.379065e-02 -2.664691e-02 -2.946209e-02 -3.223184e-02 -3.495189e-02 -3.761804e-02 -4.022620e-02 -4.277232e-02 -4.525250e-02 -4.766290e-02 -4.999980e-02 -5.225961e-02 -5.443884e-02 -5.653413e-02 -5.854225e-02 -6.046009e-02 -6.228472e-02 -6.401330e-02 -6.564319e-02 -6.717185e-02 -6.859694e-02 -6.991626e-02 -7.112777e-02 -7.222961e-02 -7.322008e-02 -7.409764e-02 -7.486096e-02 -7.550884e-02 -7.604029e-02 -7.645450e-02 -7.675082e-02 -7.692879e-02 -7.698815e-02 
7.473279e-02 7.467517e-02 7.450241e-02 7.421477e-02 7.381270e-02 7.329682e-02 7.266791e-02 7.192696e-02 7.107510e-02 7.011365e-02 6.904409e-02 6.786807e-02 6.658740e-02 6.520406e-02 6.372018e-02 6.213804e-02 6.046009e-02 5.868892e-02 5.682726e-02 5.487797e-02 5.284406e-02 5.072867e-02 4.853506e-02 4.626662e-02 4.392683e-02 4.151931e-02 3.904777e-02 3.651603e-02 3.392798e-02 3.128761e-02 2.859900e-02 2.586629e-02 2.309370e-02 2.028550e-02 1.744602e-02 1.457964e-02 1.169078e-02 8.783897e-03 5.863467e-03 2.933995e-03 4.576063e-18 -2.933995e-03 -5.863467e-03 -8.783897e-03 -1.169078e-02 -1.457964e-02 -1.744602e-02 -2.028550e-02 -2.309370e-02 -2.586629e-02 -2.859900e-02 -3.128761e-02 -3.392798e-02 -3.651603e-02 -3.904777e-02 -4.151931e-02 -4.392683e-02 -4.626662e-02 -4.853506e-02 -5.072867e-02 -5.284406e-02 -5.487797e-02 -5.682726e-02 -5.868892e-02 -6.046009e-02 -6.213804e-02 -6.372018e-02 -6.520406e-02 -6.658740e-02 -6.786807e-02 -6.904409e-02 -7.011365e-02 -7.107510e-02 -7.192696e-02 -7.266791e-02 -7.329682e-02 -7.381270e-02 -7.421477e-02 -7.450241e-02 -7.467517e-02 -7.473279e-02 
7.236220e-02 7.230641e-02 7.213913e-02 7.186061e-02 7.147130e-02 7.097178e-02 7.036282e-02 6.964537e-02 6.882054e-02 6.788958e-02 6.685395e-02 6.571523e-02 6.447519e-02 6.313573e-02 6.169891e-02 6.016697e-02 5.854225e-02 5.682726e-02 5.502464e-02 5.313719e-02 5.116780e-02 4.911951e-02 4.699549e-02 4.479900e-02 4.253343e-02 4.020228e-02 3.780914e-02 3.535771e-02 3.285175e-02 3.029514e-02 2.769181e-02 2.504579e-02 2.236115e-02 1.964203e-02 1.689262e-02 1.411716e-02 1.131994e-02 8.505264e-03 5.677472e-03 2.840926e-03 4.430907e-18 -2.840926e-03 -5.677472e-03 -8.505264e-03 -1.131994e-02 -1.411716e-02 -1.689262e-02 -1.964203e-02 -2.236115e-02 -2.504579e-02 -2.769181e-02 -3.029514e-02 -3.285175e-02 -3.535771e-02 -3.780914e-02 -4.020228e-02 -4.253343e-02 -4.479900e-02 -4.699549e-02 -4.911951e-02 -5.116780e-02 -5.313719e-02 -5.502464e-02 -5.682726e-02 -5.854225e-02 -6.016697e-02 -6.169891e-02 -6.313573e-02 -6.447519e-02 -6.571523e-02 -6.685395e-02 -6.788958e-02 -6.882054e-02 -6.964537e-02 -7.036282e-02 -7.097178e-02 -7.147130e-02 -7.186061e-02 -7.213913e-02 -7.230641e-02 -7.236220e-02 
6.988003e-02 6.982615e-02 6.966461e-02 6.939565e-02 6.901969e-02 6.853730e-02 6.794924e-02 6.725640e-02 6.645985e-02 6.556083e-02 6.456073e-02 6.346107e-02 6.226356e-02 6.097004e-02 5.958252e-02 5.810312e-02 5.653413e-02 5.487797e-02 5.313719e-02 5.131448e-02 4.941264e-02 4.743461e-02 4.538345e-02 4.326230e-02 4.107445e-02 3.882326e-02 3.651221e-02 3.414487e-02 3.172487e-02 2.925595e-02 2.674193e-02 2.418667e-02 2.159412e-02 1.896827e-02 1.631317e-02 1.363292e-02 1.093164e-02 8.213516e-03 5.482724e-03 2.743477e-03 4.278918e-18 -2.743477e-03 -5.482724e-03 -8.213516e-03 -1.093164e-02 -1.363292e-02 -1.631317e-02 -1.896827e-02 -2.159412e-02 -2.418667e-02 -2.674193e-02 -2.925595e-02 -3.172487e-02 -3.414487e-02 -3.651221e-02 -3.882326e-02 -4.107445e-02 -4.326230e-02 -4.538345e-02 -4.743461e-02 -4.941264e-02 -5.131448e-02 -5.313719e-02 -5.487797e-02 -5.653413e-02 -5.810312e-02 -5.958252e-02 -6.097004e-02 -6.226356e-02 -6.346107e-02 -6.456073e-02 -6.556083e-02 -6.645985e-02 -6.725640e-02 -6.794924e-02 -6.853730e-02 -6.901969e-02 -6.939565e-02 -6.966461e-02 -6.982615e-02 -6.988003e-02 
6.729011e-02 6.723823e-02 6.708267e-02 6.682368e-02 6.646165e-02 6.599715e-02 6.543088e-02 6.476372e-02 6.399669e-02 6.313100e-02 6.216795e-02 6.110905e-02 5.995592e-02 5.871035e-02 5.737425e-02 5.594968e-02 5.443884e-02 5.284406e-02 5.116780e-02 4.941264e-02 4.758129e-02 4.567657e-02 4.370143e-02 4.165890e-02 3.955213e-02 3.738438e-02 3.515898e-02 3.287938e-02 3.054907e-02 2.817166e-02 2.575081e-02 2.329025e-02 2.079379e-02 1.826526e-02 1.570856e-02 1.312765e-02 1.052649e-02 7.909104e-03 5.279521e-03 2.641797e-03 4.120331e-18 -2.641797e-03 -5.279521e-03 -7.909104e-03 -1.052649e-02 -1.312765e-02 -1.570856e-02 -1.826526e-02 -2.079379e-02 -2.329025e-02 -2.575081e-02 -2.817166e-02 -3.054907e-02 -3.287938e-02 -3.515898e-02 -3.738438e-02 -3.955213e-02 -4.165890e-02 -4.370143e-02 -4.567657e-02 -4.758129e-02 -4.941264e-02 -5.116780e-02 -5.284406e-02 -5.443884e-02 -5.594968e-02 -5.737425e-02 -5.871035e-02 -5.995592e-02 -6.110905e-02 -6.216795e-02 -6.313100e-02 -6.399669e-02 -6.476372e-02 -6.543088e-02 -6.599715e-02 -6.646165e-02 -6.682368e-02 -6.708267e-02 -6.723823e-02 -6.729011e-02 
6.459643e-02 6.454663e-02 6.439730e-02 6.414868e-02 6.380114e-02 6.335523e-02 6.281163e-02 6.217117e-02 6.143486e-02 6.060381e-02 5.967932e-02 5.866281e-02 5.755584e-02 5.636013e-02 5.507751e-02 5.370997e-02 5.225961e-02 5.072867e-02 4.911951e-02 4.743461e-02 4.567657e-02 4.384811e-02 4.195203e-02 3.999126e-02 3.796883e-02 3.588785e-02 3.375154e-02 3.156319e-02 2.932617e-02 2.704393e-02 2.471998e-02 2.235793e-02 1.996140e-02 1.753408e-02 1.507974e-02 1.260214e-02 1.010511e-02 7.592496e-03 5.068178e-03 2.536044e-03 3.955391e-18 -2.536044e-03 -5.068178e-03 -7.592496e-03 -1.010511e-02 -1.260214e-02 -1.507974e-02 -1.753408e-02 -1.996140e-02 -2.235793e-02 -2.471998e-02 -2.704393e-02 -2.932617e-02 -3.156319e-02 -3.375154e-02 -3.588785e-02 -3.796883e-02 -3.999126e-02 -4.195203e-02 -4.384811e-02 -4.567657e-02 -4.743461e-02 -4.911951e-02 -5.072867e-02 -5.225961e-02 -5.370997e-02 -5.507751e-02 -5.636013e-02 -5.755584e-02 -5.866281e-02 -5.967932e-02 -6.060381e-02 -6.143486e-02 -6.217117e-02 -6.281163e-02 -6.335523e-02 -6.380114e-02 -6.414868e-02 -6.439730e-02 -6.454663e-02 -6.459643e-02 
6.180315e-02 6.175551e-02 6.161263e-02 6.137476e-02 6.104225e-02 6.061562e-02 6.009553e-02 5.948277e-02 5.877829e-02 5.798318e-02 5.709867e-02 5.612611e-02 5.506701e-02 5.392300e-02 5.269585e-02 5.138744e-02 4.999980e-02 4.853506e-02 4.699549e-02 4.538345e-02 4.370143e-02 4.195203e-02 4.013794e-02 3.826196e-02 3.632698e-02 3.433599e-02 3.229206e-02 3.019833e-02 2.805804e-02 2.587449e-02 2.365104e-02 2.139113e-02 1.909822e-02 1.677588e-02 1.442766e-02 1.205720e-02 9.668143e-03 7.264182e-03 4.849020e-03 2.426380e-03 3.784352e-18 -2.426380e-03 -4.849020e-03 -7.264182e-03 -9.668143e-03 -1.205720e-02 -1.442766e-02 -1.677588e-02 -1.909822e-02 -2.139113e-02 -2.365104e-02 -2.587449e-02 -2.805804e-02 -3.019833e-02 -3.229206e-02 -3.433599e-02 -3.632698e-02 -3.826196e-02 -4.013794e-02 -4.195203e-02 -4.370143e-02 -4.538345e-02 -4.699549e-02 -4.853506e-02 -4.999980e-02 -5.138744e-02 -5.269585e-02 -5.392300e-02 -5.506701e-02 -5.612611e-02 -5.709867e-02 -5.798318e-02 -5.877829e-02 -5.948277e-02 -6.009553e-02 -6.061562e-02 -6.104225e-02 -6.137476e-02 -6.161263e-02 -6.175551e-02 -6.180315e-02 
5.891458e-02 5.886916e-02 5.873296e-02 5.850621e-02 5.818924e-02 5.778255e-02 5.728676e-02 5.670264e-02 5.603109e-02 5.527315e-02 5.442997e-02 5.350287e-02 5.249327e-02 5.140273e-02 5.023294e-02 4.898568e-02 4.766290e-02 4.626662e-02 4.479900e-02 4.326230e-02 4.165890e-02 3.999126e-02 3.826196e-02 3.647366e-02 3.462912e-02 3.273119e-02 3.078278e-02 2.878691e-02 2.674666e-02 2.466516e-02 2.254563e-02 2.039134e-02 1.820561e-02 1.599180e-02 1.375334e-02 1.149366e-02 9.216271e-03 6.924666e-03 4.622385e-03 2.312976e-03 3.607478e-18 -2.312976e-03 -4.622385e-03 -6.924666e-03 -9.216271e-03 -1.149366e-02 -1.375334e-02 -1.599180e-02 -1.820561e-02 -2.039134e-02 -2.254563e-02 -2.466516e-02 -2.674666e-02 -2.878691e-02 -3.078278e-02 -3.273119e-02 -3.462912e-02 -3.647366e-02 -3.826196e-02 -3.999126e-02 -4.165890e-02 -4.326230e-02 -4.479900e-02 -4.626662e-02 -4.766290e-02 -4.898568e-02 -5.023294e-02 -5.140273e-02 -5.249327e-02 -5.350287e-02 -5.442997e-02 -5.527315e-02 -5.603109e-02 -5.670264e-02 -5.728676e-02 -5.778255e-02 -5.818924e-02 -5.850621e-02 -5.873296e-02 -5.886916e-02 -5.891458e-02 
5.593516e-02 5.589204e-02 5.576273e-02 5.554745e-02 5.524651e-02 5.486038e-02 5.438967e-02 5.383509e-02 5.319750e-02 5.247788e-02 5.167735e-02 5.079714e-02 4.983859e-02 4.880321e-02 4.769257e-02 4.650839e-02 4.525250e-02 4.392683e-02 4.253343e-02 4.107445e-02 3.955213e-02 3.796883e-02 3.632698e-02 3.462912e-02 3.287786e-02 3.107591e-02 2.922604e-02 2.733111e-02 2.539403e-02 2.341780e-02 2.140546e-02 1.936011e-02 1.728492e-02 1.518307e-02 1.305780e-02 1.091241e-02 8.750187e-03 6.574473e-03 4.388622e-03 2.196004e-03 3.425041e-18 -2.196004e-03 -4.388622e-03 -6.574473e-03 -8.750187e-03 -1.091241e-02 -1.305780e-02 -1.518307e-02 -1.728492e-02 -1.936011e-02 -2.140546e-02 -2.341780e-02 -2.539403e-02 -2.733111e-02 -2.922604e-02 -3.107591e-02 -3.287786e-02 -3.462912e-02 -3.632698e-02 -3.796883e-02 -3.955213e-02 -4.107445e-02 -4.253343e-02 -4.392683e-02 -4.525250e-02 -4.650839e-02 -4.769257e-02 -4.880321e-02 -4.983859e-02 -5.079714e-02 -5.167735e-02 -5.247788e-02 -5.319750e-02 -5.383509e-02 -5.438967e-02 -5.486038e-02 -5.524651e-02 -5.554745e-02 -5.576273e-02 -5.589204e-02 -5.593516e-02 
5.286950e-02 5.282874e-02 5.270652e-02 5.250303e-02 5.221859e-02 5.185363e-02 5.140871e-02 5.088453e-02 5.028188e-02 4.960170e-02 4.884505e-02 4.801307e-02 4.710707e-02 4.612843e-02 4.507866e-02 4.395938e-02 4.277232e-02 4.151931e-02 4.020228e-02 3.882326e-02 3.738438e-02 3.588785e-02 3.433599e-02 3.273119e-02 3.107591e-02 2.937272e-02 2.762424e-02 2.583316e-02 2.400225e-02 2.213433e-02 2.023228e-02 1.829904e-02 1.633757e-02 1.435092e-02 1.234214e-02 1.031433e-02 8.270612e-03 6.214143e-03 4.148093e-03 2.075647e-03 3.237323e-18 -2.075647e-03 -4.148093e-03 -6.214143e-03 -8.270612e-03 -1.031433e-02 -1.234214e-02 -1.435092e-02 -1.633757e-02 -1.829904e-02 -2.023228e-02 -2.213433e-02 -2.400225e-02 -2.583316e-02 -2.762424e-02 -2.937272e-02 -3.107591e-02 -3.273119e-02 -3.433599e-02 -3.588785e-02 -3.738438e-02 -3.882326e-02 -4.020228e-02 -4.151931e-02 -4.277232e-02 -4.395938e-02 -4.507866e-02 -4.612843e-02 -4.710707e-02 -4.801307e-02 -4.884505e-02 -4.960170e-02 -5.028188e-02 -5.088453e-02 -5.140871e-02 -5.185363e-02 -5.221859e-02 -5.250303e-02 -5.270652e-02 -5.282874e-02 -5.286950e-02 
4.972231e-02 4.968398e-02 4.956904e-02 4.937766e-02 4.911015e-02 4.876691e-02 4.834848e-02 4.785550e-02 4.728873e-02 4.664904e-02 4.593743e-02 4.515498e-02 4.430290e-02 4.338252e-02 4.239524e-02 4.134259e-02 4.022620e-02 3.904777e-02 3.780914e-02 3.651221e-02 3.515898e-02 3.375154e-02 3.229206e-02 3.078278e-02 2.922604e-02 2.762424e-02 2.597984e-02 2.429538e-02 2.257346e-02 2.081673e-02 1.902791e-02 1.720974e-02 1.536504e-02 1.349665e-02 1.160744e-02 9.700342e-03 7.778283e-03 5.844231e-03 3.901168e-03 1.952089e-03 3.044614e-18 -1.952089e-03 -3.901168e-03 -5.844231e-03 -7.778283e-03 -9.700342e-03 -1.160744e-02 -1.349665e-02 -1.536504e-02 -1.720974e-02 -1.902791e-02 -2.081673e-02 -2.257346e-02 -2.429538e-02 -2.597984e-02 -2.762424e-02 -2.922604e-02 -3.078278e-02 -3.229206e-02 -3.375154e-02 -3.515898e-02 -3.651221e-02 -3.780914e-02 -3.904777e-02 -4.022620e-02 -4.134259e-02 -4.239524e-02 -4.338252e-02 -4.430290e-02 -4.515498e-02 -4.593743e-02 -4.664904e-02 -4.728873e-02 -4.785550e-02 -4.834848e-02 -4.876691e-02 -4.911015e-02 -4.937766e-02 -4.956904e-02 -4.968398e-02 -4.972231e-02 
4.649846e-02 4.646261e-02 4.635512e-02 4.617615e-02 4.592599e-02 4.560500e-02 4.521370e-02 4.475269e-02 4.422266e-02 4.362445e-02 4.295897e-02 4.222726e-02 4.143043e-02 4.056972e-02 3.964645e-02 3.866206e-02 3.761804e-02 3.651603e-02 3.535771e-02 3.414487e-02 3.287938e-02 3.156319e-02 3.019833e-02 2.878691e-02 2.733111e-02 2.583316e-02 2.429538e-02 2.272013e-02 2.110986e-02 1.946703e-02 1.779419e-02 1.609391e-02 1.436881e-02 1.262156e-02 1.085485e-02 9.071399e-03 7.273962e-03 5.465308e-03 3.648227e-03 1.825521e-03 2.847209e-18 -1.825521e-03 -3.648227e-03 -5.465308e-03 -7.273962e-03 -9.071399e-03 -1.085485e-02 -1.262156e-02 -1.436881e-02 -1.609391e-02 -1.779419e-02 -1.946703e-02 -2.110986e-02 -2.272013e-02 -2.429538e-02 -2.583316e-02 -2.733111e-02 -2.878691e-02 -3.019833e-02 -3.156319e-02 -3.287938e-02 -3.414487e-02 -3.535771e-02 -3.651603e-02 -3.761804e-02 -3.866206e-02 -3.964645e-02 -4.056972e-02 -4.143043e-02 -4.222726e-02 -4.295897e-02 -4.362445e-02 -4.422266e-02 -4.475269e-02 -4.521370e-02 -4.560500e-02 -4.592599e-02 -4.617615e-02 -4.635512e-02 -4.646261e-02 -4.649846e-02 
4.320291e-02 4.316960e-02 4.306973e-02 4.290345e-02 4.267101e-02 4.237278e-02 4.200921e-02 4.158087e-02 4.108841e-02 4.053259e-02 3.991428e-02 3.923443e-02 3.849407e-02 3.769436e-02 3.683653e-02 3.592191e-02 3.495189e-02 3.392798e-02 3.285175e-02 3.172487e-02 3.054907e-02 2.932617e-02 2.805804e-02 2.674666e-02 2.539403e-02 2.400225e-02 2.257346e-02 2.110986e-02 1.961371e-02 1.808732e-02 1.653304e-02 1.495326e-02 1.335043e-02 1.172702e-02 1.008552e-02 8.428469e-03 6.758424e-03 5.077957e-03 3.389661e-03 1.696138e-03 2.645415e-18 -1.696138e-03 -3.389661e-03 -5.077957e-03 -6.758424e-03 -8.428469e-03 -1.008552e-02 -1.172702e-02 -1.335043e-02 -1.495326e-02 -1.653304e-02 -1.808732e-02 -1.961371e-02 -2.110986e-02 -2.257346e-02 -2.400225e-02 -2.539403e-02 -2.674666e-02 -2.805804e-02 -2.932617e-02 -3.054907e-02 -3.172487e-02 -3.285175e-02 -3.392798e-02 -3.495189e-02 -3.592191e-02 -3.683653e-02 -3.769436e-02 -3.849407e-02 -3.923443e-02 -3.991428e-02 -4.053259e-02 -4.108841e-02 -4.158087e-02 -4.200921e-02 -4.237278e-02 -4.267101e-02 -4.290345e-02 -4.306973e-02 -4.316960e-02 -4.320291e-02 
3.984074e-02 3.981003e-02 3.971793e-02 3.956458e-02 3.935024e-02 3.907521e-02 3.873994e-02 3.834493e-02 3.789080e-02 3.737824e-02 3.680805e-02 3.618110e-02 3.549836e-02 3.476089e-02 3.396982e-02 3.312637e-02 3.223184e-02 3.128761e-02 3.029514e-02 2.925595e-02 2.817166e-02 2.704393e-02 2.587449e-02 2.466516e-02 2.341780e-02 2.213433e-02 2.081673e-02 1.946703e-02 1.808732e-02 1.667971e-02 1.524639e-02 1.378956e-02 1.231147e-02 1.081439e-02 9.300636e-03 7.772543e-03 6.232465e-03 4.682777e-03 3.125869e-03 1.564140e-03 2.439542e-18 -1.564140e-03 -3.125869e-03 -4.682777e-03 -6.232465e-03 -7.772543e-03 -9.300636e-03 -1.081439e-02 -1.231147e-02 -1.378956e-02 -1.524639e-02 -1.667971e-02 -1.808732e-02 -1.946703e-02 -2.081673e-02 -2.213433e-02 -2.341780e-02 -2.466516e-02 -2.587449e-02 -2.704393e-02 -2.817166e-02 -2.925595e-02 -3.029514e-02 -3.128761e-02 -3.223184e-02 -3.312637e-02 -3.396982e-02 -3.476089e-02 -3.549836e-02 -3.618110e-02 -3.680805e-02 -3.737824e-02 -3.789080e-02 -3.834493e-02 -3.873994e-02 -3.907521e-02 -3.935024e-02 -3.956458e-02 -3.971793e-02 -3.981003e-02 -3.984074e-02 
3.641714e-02 3.638907e-02 3.630488e-02 3.616472e-02 3.596879e-02 3.571740e-02 3.541093e-02 3.504987e-02 3.463476e-02 3.416625e-02 3.364505e-02 3.307198e-02 3.244791e-02 3.177381e-02 3.105072e-02 3.027975e-02 2.946209e-02 2.859900e-02 2.769181e-02 2.674193e-02 2.575081e-02 2.471998e-02 2.365104e-02 2.254563e-02 2.140546e-02 2.023228e-02 1.902791e-02 1.779419e-02 1.653304e-02 1.524639e-02 1.393624e-02 1.260459e-02 1.125352e-02 9.885086e-03 8.501413e-03 7.104632e-03 5.696896e-03 4.280376e-03 2.857256e-03 1.429730e-03 2.229907e-18 -1.429730e-03 -2.857256e-03 -4.280376e-03 -5.696896e-03 -7.104632e-03 -8.501413e-03 -9.885086e-03 -1.125352e-02 -1.260459e-02 -1.393624e-02 -1.524639e-02 -1.653304e-02 -1.779419e-02 -1.902791e-02 -2.023228e-02 -2.140546e-02 -2.254563e-02 -2.365104e-02 -2.471998e-02 -2.575081e-02 -2.674193e-02 -2.769181e-02 -2.859900e-02 -2.946209e-02 -3.027975e-02 -3.105072e-02 -3.177381e-02 -3.244791e-02 -3.307198e-02 -3.364505e-02 -3.416625e-02 -3.463476e-02 -3.504987e-02 -3.541093e-02 -3.571740e-02 -3.596879e-02 -3.616472e-02 -3.630488e-02 -3.638907e-02 -3.641714e-02 
3.293739e-02 3.291200e-02 3.283586e-02 3.270909e-02 3.253188e-02 3.230451e-02 3.202733e-02 3.170077e-02 3.132532e-02 3.090158e-02 3.043018e-02 2.991187e-02 2.934743e-02 2.873774e-02 2.808374e-02 2.738644e-02 2.664691e-02 2.586629e-02 2.504579e-02 2.418667e-02 2.329025e-02 2.235793e-02 2.139113e-02 2.039134e-02 1.936011e-02 1.829904e-02 1.720974e-02 1.609391e-02 1.495326e-02 1.378956e-02 1.260459e-02 1.140019e-02 1.017821e-02 8.940541e-03 7.689082e-03 6.425767e-03 5.152543e-03 3.871375e-03 2.584238e-03 1.293116e-03 2.016834e-18 -1.293116e-03 -2.584238e-03 -3.871375e-03 -5.152543e-03 -6.425767e-03 -7.689082e-03 -8.940541e-03 -1.017821e-02 -1.140019e-02 -1.260459e-02 -1.378956e-02 -1.495326e-02 -1.609391e-02 -1.720974e-02 -1.829904e-02 -1.936011e-02 -2.039134e-02 -2.139113e-02 -2.235793e-02 -2.329025e-02 -2.418667e-02 -2.504579e-02 -2.586629e-02 -2.664691e-02 -2.738644e-02 -2.808374e-02 -2.873774e-02 -2.934743e-02 -2.991187e-02 -3.043018e-02 -3.090158e-02 -3.132532e-02 -3.170077e-02 -3.202733e-02 -3.230451e-02 -3.253188e-02 -3.270909e-02 -3.283586e-02 -3.291200e-02 -3.293739e-02 
2.940686e-02 2.938418e-02 2.931620e-02 2.920302e-02 2.904481e-02 2.884181e-02 2.859434e-02 2.830278e-02 2.796758e-02 2.758926e-02 2.716839e-02 2.670563e-02 2.620170e-02 2.565736e-02 2.507347e-02 2.445091e-02 2.379065e-02 2.309370e-02 2.236115e-02 2.159412e-02 2.079379e-02 1.996140e-02 1.909822e-02 1.820561e-02 1.728492e-02 1.633757e-02 1.536504e-02 1.436881e-02 1.335043e-02 1.231147e-02 1.125352e-02 1.017821e-02 9.087218e-03 7.982210e-03 6.864894e-03 5.736993e-03 4.600246e-03 3.456405e-03 2.307235e-03 1.154508e-03 1.800651e-18 -1.154508e-03 -2.307235e-03 -3.456405e-03 -4.600246e-03 -5.736993e-03 -6.864894e-03 -7.982210e-03 -9.087218e-03 -1.017821e-02 -1.125352e-02 -1.231147e-02 -1.335043e-02 -1.436881e-02 -1.536504e-02 -1.633757e-02 -1.728492e-02 -1.820561e-02 -1.909822e-02 -1.996140e-02 -2.079379e-02 -2.159412e-02 -2.236115e-02 -2.309370e-02 -2.379065e-02 -2.445091e-02 -2.507347e-02 -2.565736e-02 -2.620170e-02 -2.670563e-02 -2.716839e-02 -2.758926e-02 -2.796758e-02 -2.830278e-02 -2.859434e-02 -2.884181e-02 -2.904481e-02 -2.920302e-02 -2.931620e-02 -2.938418e-02 -2.940686e-02 
2.583097e-02 2.581106e-02 2.575135e-02 2.565193e-02 2.551295e-02 2.533464e-02 2.511726e-02 2.486116e-02 2.456672e-02 2.423440e-02 2.386471e-02 2.345822e-02 2.301557e-02 2.253742e-02 2.202453e-02 2.147767e-02 2.089770e-02 2.028550e-02 1.964203e-02 1.896827e-02 1.826526e-02 1.753408e-02 1.677588e-02 1.599180e-02 1.518307e-02 1.435092e-02 1.349665e-02 1.262156e-02 1.172702e-02 1.081439e-02 9.885086e-03 8.940541e-03 7.982210e-03 7.011571e-03 6.030121e-03 5.039373e-03 4.040855e-03 3.036105e-03 2.026675e-03 1.014119e-03 1.581691e-18 -1.014119e-03 -2.026675e-03 -3.036105e-03 -4.040855e-03 -5.039373e-03 -6.030121e-03 -7.011571e-03 -7.982210e-03 -8.940541e-03 -9.885086e-03 -1.081439e-02 -1.172702e-02 -1.262156e-02 -1.349665e-02 -1.435092e-02 -1.518307e-02 -1.599180e-02 -1.677588e-02 -1.753408e-02 -1.826526e-02 -1.896827e-02 -1.964203e-02 -2.028550e-02 -2.089770e-02 -2.147767e-02 -2.202453e-02 -2.253742e-02 -2.301557e-02 -2.345822e-02 -2.386471e-02 -2.423440e-02 -2.456672e-02 -2.486116e-02 -2.511726e-02 -2.533464e-02 -2.551295e-02 -2.565193e-02 -2.575135e-02 -2.581106e-02 -2.583097e-02 
2.221526e-02 2.219814e-02 2.214678e-02 2.206128e-02 2.194176e-02 2.178840e-02 2.160145e-02 2.138120e-02 2.112797e-02 2.084217e-02 2.052423e-02 2.017464e-02 1.979394e-02 1.938273e-02 1.894163e-02 1.847132e-02 1.797253e-02 1.744602e-02 1.689262e-02 1.631317e-02 1.570856e-02 1.507974e-02 1.442766e-02 1.375334e-02 1.305780e-02 1.234214e-02 1.160744e-02 1.085485e-02 1.008552e-02 9.300636e-03 8.501413e-03 7.689082e-03 6.864894e-03 6.030121e-03 5.186050e-03 4.333983e-03 3.475233e-03 2.611124e-03 1.742989e-03 8.721672e-04 1.360293e-18 -8.721672e-04 -1.742989e-03 -2.611124e-03 -3.475233e-03 -4.333983e-03 -5.186050e-03 -6.030121e-03 -6.864894e-03 -7.689082e-03 -8.501413e-03 -9.300636e-03 -1.008552e-02 -1.085485e-02 -1.160744e-02 -1.234214e-02 -1.305780e-02 -1.375334e-02 -1.442766e-02 -1.507974e-02 -1.570856e-02 -1.631317e-02 -1.689262e-02 -1.744602e-02 -1.797253e-02 -1.847132e-02 -1.894163e-02 -1.938273e-02 -1.979394e-02 -2.017464e-02 -2.052423e-02 -2.084217e-02 -2.112797e-02 -2.138120e-02 -2.160145e-02 -2.178840e-02 -2.194176e-02 -2.206128e-02 -2.214678e-02 -2.219814e-02 -2.221526e-02 
1.856530e-02 1.855099e-02 1.850807e-02 1.843661e-02 1.833673e-02 1.820857e-02 1.805234e-02 1.786827e-02 1.765665e-02 1.741780e-02 1.715210e-02 1.685995e-02 1.654180e-02 1.619815e-02 1.582952e-02 1.543648e-02 1.501964e-02 1.457964e-02 1.411716e-02 1.363292e-02 1.312765e-02 1.260214e-02 1.205720e-02 1.149366e-02 1.091241e-02 1.031433e-02 9.700342e-03 9.071399e-03 8.428469e-03 7.772543e-03 7.104632e-03 6.425767e-03 5.736993e-03 5.039373e-03 4.333983e-03 3.621910e-03 2.904253e-03 2.182117e-03 1.456617e-03 7.288702e-04 1.136797e-18 -7.288702e-04 -1.456617e-03 -2.182117e-03 -2.904253e-03 -3.621910e-03 -4.333983e-03 -5.039373e-03 -5.736993e-03 -6.425767e-03 -7.104632e-03 -7.772543e-03 -8.428469e-03 -9.071399e-03 -9.700342e-03 -1.031433e-02 -1.091241e-02 -1.149366e-02 -1.205720e-02 -1.260214e-02 -1.312765e-02 -1.363292e-02 -1.411716e-02 -1.457964e-02 -1.501964e-02 -1.543648e-02 -1.582952e-02 -1.619815e-02 -1.654180e-02 -1.685995e-02 -1.715210e-02 -1.741780e-02 -1.765665e-02 -1.786827e-02 -1.805234e-02 -1.820857e-02 -1.833673e-02 -1.843661e-02 -1.850807e-02 -1.855099e-02 -1.856530e-02 
