9.516258e-02 9.399097e-02 9.050499e-02 8.479048e-02 7.698815e-02 6.729011e-02 5.593516e-02 4.320291e-02 2.940686e-02 1.488671e-02 5.827028e-18 -1.488671e-02 -2.940686e-02 -4.320291e-02 -5.593516e-02 -6.729011e-02 -7.698815e-02 -8.479048e-02 -9.050499e-02 -9.399097e-02 -9.516258e-02 
9.399097e-02 9.283379e-02 8.939073e-02 8.374657e-02 7.604029e-02 6.646165e-02 5.524651e-02 4.267101e-02 2.904481e-02 1.470343e-02 5.755287e-18 -1.470343e-02 -2.904481e-02 -4.267101e-02 -5.524651e-02 -6.646165e-02 -7.604029e-02 -8.374657e-02 -8.939073e-02 -9.283379e-02 -9.399097e-02 
9.050499e-02 8.939073e-02 8.607536e-02 8.064054e-02 7.322008e-02 6.399669e-02 5.319750e-02 4.108841e-02 2.796758e-02 1.415810e-02 5.541833e-18 -1.415810e-02 -2.796758e-02 -4.108841e-02 -5.319750e-02 -6.399669e-02 -7.322008e-02 -8.064054e-02 -8.607536e-02 -8.939073e-02 -9.050499e-02 
8.479048e-02 8.374657e-02 8.064054e-02 7.554887e-02 6.859694e-02 5.995592e-02 4.983859e-02 3.849407e-02 2.620170e-02 1.326415e-02 5.191920e-18 -1.326415e-02 -2.620170e-02 -3.849407e-02 -4.983859e-02 -5.995592e-02 -6.859694e-02 -7.554887e-02 -8.064054e-02 -8.374657e-02 -8.479048e-02 
7.698815e-02 7.604029e-02 7.322008e-02 6.859694e-02 6.228472e-02 5.443884e-02 4.525250e-02 3.495189e-02 2.379065e-02 1.204360e-02 4.714164e-18 -1.204360e-02 -2.379065e-02 -3.495189e-02 -4.525250e-02 -5.443884e-02 -6.228472e-02 -6.859694e-02 -7.322008e-02 -7.604029e-02 -7.698815e-02 
6.729011e-02 6.646165e-02 6.399669e-02 5.995592e-02 5.443884e-02 4.758129e-02 3.955213e-02 3.054907e-02 2.079379e-02 1.052649e-02 4.120331e-18 -1.052649e-02 -2.079379e-02 -3.054907e-02 -3.955213e-02 -4.758129e-02 -5.443884e-02 -5.995592e-02 -6.399669e-02 -6.646165e-02 -6.729011e-02 
5.593516e-02 5.524651e-02 5.319750e-02 4.983859e-02 4.525250e-02 3.955213e-02 3.287786e-02 2.539403e-02 1.728492e-02 8.750187e-03 3.425041e-18 -8.750187e-03 -1.728492e-02 -2.539403e-02 -3.287786e-02 -3.955213e-02 -4.525250e-02 -4.983859e-02 -5.319750e-02 -5.524651e-02 -5.593516e-02 
4.320291e-02 4.267101e-02 4.108841e-02 3.849407e-02 3.495189e-02 3.054907e-02 2.539403e-02 1.961371e-02 1.335043e-02 6.758424e-03 2.645415e-18 -6.758424e-03 -1.335043e-02 -1.961371e-02 -2.539403e-02 -3.054907e-02 -3.495189e-02 -3.849407e-02 -4.108841e-02 -4.267101e-02 -4.320291e-02 
2.940686e-02 2.904481e-02 2.796758e-02 2.620170e-02 2.379065e-02 2.079379e-02 1.728492e-02 1.335043e-02 9.087218e-03 4.600246e-03 1.800651e-18 -4.600246e-03 -9.087218e-03 -1.335043e-02 -1.728492e-02 -2.079379e-02 -2.379065e-02 -2.620170e-02 -2.796758e-02 -2.904481e-02 -2.940686e-02 
1.488671e-02 1.470343e-02 1.415810e-02 1.326415e-02 1.204360e-02 1.052649e-02 8.750187e-03 6.758424e-03 4.600246e-03 2.328794e-03 9.115479e-19 -2.328794e-03 -4.600246e-03 -6.758424e-03 -8.750187e-03 -1.052649e-02 -1.204360e-02 -1.326415e-02 -1.415810e-02 -1.470343e-02 -1.488671e-02 
5.827028e-18 5.755287e-18 5.541833e-18 5.191920e-18 4.714164e-18 4.120331e-18 3.425041e-18 2.645415e-18 1.800651e-18 9.115479e-19 3.568025e-34 -9.115479e-19 -1.800651e-18 -2.645415e-18 -3.425041e-18 -4.120331e-18 -4.714164e-18 -5.191920e-18 -5.541833e-18 -5.755287e-18 -5.827028e-18 
-1.488671e-02 -1.470343e-02 -1.415810e-02 -1.326415e-02 -1.204360e-02 -1.052649e-02 -8.750187e-03 -6.758424e-03 -4.600246e-03 -2.328794e-03 -9.115479e-19 2.328794e-03 4.600246e-03 6.758424e-03 8.750187e-03 1.052649e-02 1.204360e-02 1.326415e-02 1.415810e-02 1.470343e-02 1.488671e-02 
-2.940686e-02 -2.904481e-02 -2.796758e-02 -2.620170e-02 -2.379065e-02 -2.079379e-02 -1.728492e-02 -1.335043e-02 -9.087218e-03 -4.600246e-03 -1.800651e-18 4.600246e-03 9.087218e-03 1.335043e-02 1.728492e-02 2.079379e-02 2.379065e-02 2.620170e-02 2.796758e-02 2.904481e-02 2.940686e-02 
-4.320291e-02 -4.267101e-02 -4.108841e-02 -3.849407e-02 -3.495189e-02 -3.054907e-02 -2.539403e-02 -1.961371e-02 -1.335043e-02 -6.758424e-03 -2.645415e-18 6.758424e-03 1.335043e-02 1.961371e-02 2.539403e-02 3.054907e-02 3.495189e-02 3.849407e-02 4.108841e-02 4.267101e-02 4.320291e-02 
-5.593516e-02 -5.524651e-02 -5.319750e-02 -4.983859e-02 -4.525250e-02 -3.955213e-02 -3.287786e-02 -2.539403e-02 -1.728492e-02 -8.750187e-03 -3.425041e-18 8.750187e-03 1.728492e-02 2.539403e-02 3.287786e-02 3.955213e-02 4.525250e-02 4.983859e-02 5.319750e-02 5.524651e-02 5.593516e-02 
-6.729011e-02 -6.646165e-02 -6.399669e-02 -5.995592e-02 -5.443884e-02 -4.758129e-02 -3.955213e-02 -3.054907e-02 -2.079379e-02 -1.052649e-02 -4.120331e-18 1.052649e-02 2.079379e-02 3.054907e-02 3.955213e-02 4.758129e-02 5.443884e-02 5.995592e-02 6.399669e-02 6.646165e-02 6.729011e-02 
-7.698815e-02 -7.604029e-02 -7.322008e-02 -6.859694e-02 -6.228472e-02 -5.443884e-02 -4.525250e-02 -3.495189e-02 -2.379065e-02 -1.204360e-02 -4.714164e-18 1.204360e-02 2.379065e-02 3.495189e-02 4.525250e-02 5.443884e-02 6.228472e-02 6.859694e-02 7.322008e-02 7.604029e-02 7.698815e-02 
-8.479048e-02 -8.374657e-02 -8.064054e-02 -7.554887e-02 -6.859694e-02 -5.995592e-02 -4.983859e-02 -3.849407e-02 -2.620170e-02 -1.326415e-02 -5.191920e-18 1.326415e-02 2.620170e-02 3.849407e-02 4.983859e-02 5.995592e-02 6.859694e-02 7.554887e-02 8.064054e-02 8.374657e-02 8.479048e-02 
-9.050499e-02 -8.939073e-02 -8.607536e-02 -8.064054e-02 -7.322008e-02 -6.399669e-02 -5.319750e-02 -4.108841e-02 -2.796758e-02 -1.415810e-02 -5.541833e-18 1.415810e-02 2.796758e-02 4.108841e-02 5.319750e-02 6.399669e-02 7.322008e-02 8.064054e-02 8.607536e-02 8.939073e-02 9.050499e-02 
-9.399097e-02 -9.283379e-02 -8.939073e-02 -8.374657e-02 -7.604029e-02 -6.646165e-02 -5.524651e-02 -4.267101e-02 -2.904481e-02 -1.470343e-02 -5.755287e-18 1.470343e-02 2.904481e-02 4.267101e-02 5.524651e-02 6.646165e-02 7.604029e-02 8.374657e-02 8.939073e-02 9.283379e-02 9.399097e-02 
-9.516258e-02 -9.399097e-02 -9.050499e-02 -8.479048e-02 -7.698815e-02 -6.729011e-02 -5.593516e-02 -4.320291e-02 -2.940686e-02 -1.488671e-02 -5.827028e-18 1.488671e-02 2.940686e-02 4.320291e-02 5.593516e-02 6.729011e-02 7.698815e-02 8.479048e-02 9.050499e-02 9.399097e-02 9.516258e-02 
