9.052010e-01 9.034148e-01 8.980632e-01 8.891674e-01 8.767624e-01 8.608973e-01 8.416346e-01 8.190503e-01 7.932336e-01 7.642864e-01 7.323230e-01 6.974693e-01 6.598631e-01 6.196527e-01 5.769968e-01 5.320638e-01 4.850309e-01 4.360839e-01 3.854158e-01 3.332267e-01 2.797225e-01 2.251143e-01 1.696177e-01 1.134518e-01 5.683804e-02 -6.869505e-16 -5.683804e-02 -1.134518e-01 -1.696177e-01 -2.251143e-01 -2.797225e-01 -3.332267e-01 -3.854158e-01 -4.360839e-01 -4.850309e-01 -5.320638e-01 -5.769968e-01 -6.196527e-01 -6.598631e-01 -6.974693e-01 -7.323230e-01 -7.642864e-01 -7.932336e-01 -8.190503e-01 -8.416346e-01 -8.608973e-01 -8.767624e-01 -8.891674e-01 -8.980632e-01 -9.034148e-01 -9.052010e-01 
9.034148e-01 9.016321e-01 8.962911e-01 8.874128e-01 8.750323e-01 8.591985e-01 8.399738e-01 8.174341e-01 7.916684e-01 7.627783e-01 7.308779e-01 6.960930e-01 6.585610e-01 6.184300e-01 5.758582e-01 5.310139e-01 4.840738e-01 4.352234e-01 3.846553e-01 3.325692e-01 2.791705e-01 2.246701e-01 1.692830e-01 1.132279e-01 5.672588e-02 -9.853229e-16 -5.672588e-02 -1.132279e-01 -1.692830e-01 -2.246701e-01 -2.791705e-01 -3.325692e-01 -3.846553e-01 -4.352234e-01 -4.840738e-01 -5.310139e-01 -5.758582e-01 -6.184300e-01 -6.585610e-01 -6.960930e-01 -7.308779e-01 -7.627783e-01 -7.916684e-01 -8.174341e-01 -8.399738e-01 -8.591985e-01 -8.750323e-01 -8.874128e-01 -8.962911e-01 -9.016321e-01 -9.034148e-01 
8.980632e-01 8.962911e-01 8.909817e-01 8.821560e-01 8.698489e-01 8.541088e-01 8.349980e-01 8.125919e-01 7.869788e-01 7.582598e-01 7.265484e-01 6.919696e-01 6.546599e-01 6.147666e-01 5.724470e-01 5.278683e-01 4.812063e-01 4.326452e-01 3.823767e-01 3.305991e-01 2.775168e-01 2.233392e-01 1.682803e-01 1.125572e-01 5.638985e-02 -7.494005e-16 -5.638985e-02 -1.125572e-01 -1.682803e-01 -2.233392e-01 -2.775168e-01 -3.305991e-01 -3.823767e-01 -4.326452e-01 -4.812063e-01 -5.278683e-01 -5.724470e-01 -6.147666e-01 -6.546599e-01 -6.919696e-01 -7.265484e-01 -7.582598e-01 -7.869788e-01 -8.125919e-01 -8.349980e-01 -8.541088e-01 -8.698489e-01 -8.821560e-01 -8.909817e-01 -8.962911e-01 -8.980632e-01 
8.891674e-01 8.874128e-01 8.821560e-01 8.734178e-01 8.612325e-01 8.456484e-01 8.267269e-01 8.045427e-01 7.791833e-01 7.507488e-01 7.193515e-01 6.851152e-01 6.481751e-01 6.086769e-01 5.667766e-01 5.226395e-01 4.764397e-01 4.283596e-01 3.785890e-01 3.273243e-01 2.747678e-01 2.211269e-01 1.666133e-01 1.114422e-01 5.583128e-02 -3.538836e-16 -5.583128e-02 -1.114422e-01 -1.666133e-01 -2.211269e-01 -2.747678e-01 -3.273243e-01 -3.785890e-01 -4.283596e-01 -4.764397e-01 -5.226395e-01 -5.667766e-01 -6.086769e-01 -6.481751e-01 -6.851152e-01 -7.193515e-01 -7.507488e-01 -7.791833e-01 -8.045427e-01 -8.267269e-01 -8.456484e-01 -8.612325e-01 -8.734178e-01 -8.821560e-01 -8.874128e-01 -8.891674e-01 
8.767624e-01 8.750323e-01 8.698489e-01 8.612325e-01 8.492173e-01 8.338506e-01 8.151931e-01 7.933183e-01 7.683128e-01 7.402750e-01 7.093157e-01 6.755570e-01 6.391323e-01 6.001852e-01 5.588694e-01 5.153480e-01 4.697928e-01 4.223835e-01 3.733073e-01 3.227578e-01 2.709345e-01 2.180419e-01 1.642889e-01 1.098875e-01 5.505237e-02 -1.360023e-15 -5.505237e-02 -1.098875e-01 -1.642889e-01 -2.180419e-01 -2.709345e-01 -3.227578e-01 -3.733073e-01 -4.223835e-01 -4.697928e-01 -5.153480e-01 -5.588694e-01 -6.001852e-01 -6.391323e-01 -6.755570e-01 -7.093157e-01 -7.402750e-01 -7.683128e-01 -7.933183e-01 -8.151931e-01 -8.338506e-01 -8.492173e-01 -8.612325e-01 -8.698489e-01 -8.750323e-01 -8.767624e-01 
8.608973e-01 8.591985e-01 8.541088e-01 8.456484e-01 8.338506e-01 8.187620e-01 8.004420e-01 7.789631e-01 7.544100e-01 7.268796e-01 6.964805e-01 6.633327e-01 6.275671e-01 5.893247e-01 5.487566e-01 5.060227e-01 4.612918e-01 4.147404e-01 3.665522e-01 3.169174e-01 2.660319e-01 2.140964e-01 1.613161e-01 1.078990e-01 5.405619e-02 -7.910339e-16 -5.405619e-02 -1.078990e-01 -1.613161e-01 -2.140964e-01 -2.660319e-01 -3.169174e-01 -3.665522e-01 -4.147404e-01 -4.612918e-01 -5.060227e-01 -5.487566e-01 -5.893247e-01 -6.275671e-01 -6.633327e-01 -6.964805e-01 -7.268796e-01 -7.544100e-01 -7.789631e-01 -8.004420e-01 -8.187620e-01 -8.338506e-01 -8.456484e-01 -8.541088e-01 -8.591985e-01 -8.608973e-01 
8.416346e-01 8.399738e-01 8.349980e-01 8.267269e-01 8.151931e-01 8.004420e-01 7.825320e-01 7.615337e-01 7.375300e-01 7.106156e-01 6.808967e-01 6.484906e-01 6.135252e-01 5.761385e-01 5.364781e-01 4.947004e-01 4.509704e-01 4.054605e-01 3.583506e-01 3.098263e-01 2.600794e-01 2.093060e-01 1.577066e-01 1.054848e-01 5.284667e-02 -6.106227e-16 -5.284667e-02 -1.054848e-01 -1.577066e-01 -2.093060e-01 -2.600794e-01 -3.098263e-01 -3.583506e-01 -4.054605e-01 -4.509704e-01 -4.947004e-01 -5.364781e-01 -5.761385e-01 -6.135252e-01 -6.484906e-01 -6.808967e-01 -7.106156e-01 -7.375300e-01 -7.615337e-01 -7.825320e-01 -8.004420e-01 -8.151931e-01 -8.267269e-01 -8.349980e-01 -8.399738e-01 -8.416346e-01 
8.190503e-01 8.174341e-01 8.125919e-01 8.045427e-01 7.933183e-01 7.789631e-01 7.615337e-01 7.410989e-01 7.177393e-01 6.915471e-01 6.626256e-01 6.310891e-01 5.970620e-01 5.606785e-01 5.220823e-01 4.814257e-01 4.388691e-01 3.945805e-01 3.487347e-01 3.015125e-01 2.531005e-01 2.036895e-01 1.534747e-01 1.026542e-01 5.142859e-02 -3.677614e-16 -5.142859e-02 -1.026542e-01 -1.534747e-01 -2.036895e-01 -2.531005e-01 -3.015125e-01 -3.487347e-01 -3.945805e-01 -4.388691e-01 -4.814257e-01 -5.220823e-01 -5.606785e-01 -5.970620e-01 -6.310891e-01 -6.626256e-01 -6.915471e-01 -7.177393e-01 -7.410989e-01 -7.615337e-01 -7.789631e-01 -7.933183e-01 -8.045427e-01 -8.125919e-01 -8.174341e-01 -8.190503e-01 
7.932336e-01 7.916684e-01 7.869788e-01 7.791833e-01 7.683128e-01 7.544100e-01 7.375300e-01 7.177393e-01 6.951159e-01 6.697493e-01 6.417395e-01 6.111970e-01 5.782424e-01 5.430058e-01 5.056262e-01 4.662510e-01 4.250358e-01 3.821432e-01 3.377425e-01 2.920088e-01 2.451227e-01 1.972692e-01 1.486372e-01 9.941854e-02 4.980755e-02 -1.207368e-15 -4.980755e-02 -9.941854e-02 -1.486372e-01 -1.972692e-01 -2.451227e-01 -2.920088e-01 -3.377425e-01 -3.821432e-01 -4.250358e-01 -4.662510e-01 -5.056262e-01 -5.430058e-01 -5.782424e-01 -6.111970e-01 -6.417395e-01 -6.697493e-01 -6.951159e-01 -7.177393e-01 -7.375300e-01 -7.544100e-01 -7.683128e-01 -7.791833e-01 -7.869788e-01 -7.916684e-01 -7.932336e-01 
7.642864e-01 7.627783e-01 7.582598e-01 7.507488e-01 7.402750e-01 7.268796e-01 7.106156e-01 6.915471e-01 6.697493e-01 6.453084e-01 6.183207e-01 5.888928e-01 5.571408e-01 5.231901e-01 4.871745e-01 4.492363e-01 4.095252e-01 3.681978e-01 3.254173e-01 2.813526e-01 2.361775e-01 1.900703e-01 1.432130e-01 9.579049e-02 4.798994e-02 -4.787837e-16 -4.798994e-02 -9.579049e-02 -1.432130e-01 -1.900703e-01 -2.361775e-01 -2.813526e-01 -3.254173e-01 -3.681978e-01 -4.095252e-01 -4.492363e-01 -4.871745e-01 -5.231901e-01 -5.571408e-01 -5.888928e-01 -6.183207e-01 -6.453084e-01 -6.697493e-01 -6.915471e-01 -7.106156e-01 -7.268796e-01 -7.402750e-01 -7.507488e-01 -7.582598e-01 -7.627783e-01 -7.642864e-01 
7.323230e-01 7.308779e-01 7.265484e-01 7.193515e-01 7.093157e-01 6.964805e-01 6.808967e-01 6.626256e-01 6.417395e-01 6.183207e-01 5.924617e-01 5.642645e-01 5.338405e-01 5.013096e-01 4.668002e-01 4.304486e-01 3.923983e-01 3.527993e-01 3.118080e-01 2.695861e-01 2.263002e-01 1.821213e-01 1.372236e-01 9.178440e-02 4.598294e-02 -6.591949e-16 -4.598294e-02 -9.178440e-02 -1.372236e-01 -1.821213e-01 -2.263002e-01 -2.695861e-01 -3.118080e-01 -3.527993e-01 -3.923983e-01 -4.304486e-01 -4.668002e-01 -5.013096e-01 -5.338405e-01 -5.642645e-01 -5.924617e-01 -6.183207e-01 -6.417395e-01 -6.626256e-01 -6.808967e-01 -6.964805e-01 -7.093157e-01 -7.193515e-01 -7.265484e-01 -7.308779e-01 -7.323230e-01 
6.974693e-01 6.960930e-01 6.919696e-01 6.851152e-01 6.755570e-01 6.633327e-01 6.484906e-01 6.310891e-01 6.111970e-01 5.888928e-01 5.642645e-01 5.374094e-01 5.084333e-01 4.774506e-01 4.445837e-01 4.099622e-01 3.737228e-01 3.360084e-01 2.969680e-01 2.567556e-01 2.155299e-01 1.734536e-01 1.306927e-01 8.741609e-02 4.379446e-02 -6.245005e-16 -4.379446e-02 -8.741609e-02 -1.306927e-01 -1.734536e-01 -2.155299e-01 -2.567556e-01 -2.969680e-01 -3.360084e-01 -3.737228e-01 -4.099622e-01 -4.445837e-01 -4.774506e-01 -5.084333e-01 -5.374094e-01 -5.642645e-01 -5.888928e-01 -6.111970e-01 -6.310891e-01 -6.484906e-01 -6.633327e-01 -6.755570e-01 -6.851152e-01 -6.919696e-01 -6.960930e-01 -6.974693e-01 
6.598631e-01 6.585610e-01 6.546599e-01 6.481751e-01 6.391323e-01 6.275671e-01 6.135252e-01 5.970620e-01 5.782424e-01 5.571408e-01 5.338405e-01 5.084333e-01 4.810195e-01 4.517074e-01 4.206126e-01 3.878578e-01 3.535723e-01 3.178915e-01 2.809560e-01 2.429118e-01 2.039089e-01 1.641013e-01 1.236460e-01 8.270278e-02 4.143315e-02 -6.106227e-16 -4.143315e-02 -8.270278e-02 -1.236460e-01 -1.641013e-01 -2.039089e-01 -2.429118e-01 -2.809560e-01 -3.178915e-01 -3.535723e-01 -3.878578e-01 -4.206126e-01 -4.517074e-01 -4.810195e-01 -5.084333e-01 -5.338405e-01 -5.571408e-01 -5.782424e-01 -5.970620e-01 -6.135252e-01 -6.275671e-01 -6.391323e-01 -6.481751e-01 -6.546599e-01 -6.585610e-01 -6.598631e-01 
6.196527e-01 6.184300e-01 6.147666e-01 6.086769e-01 6.001852e-01 5.893247e-01 5.761385e-01 5.606785e-01 5.430058e-01 5.231901e-01 5.013096e-01 4.774506e-01 4.517074e-01 4.241815e-01 3.949815e-01 3.642227e-01 3.320265e-01 2.985200e-01 2.638353e-01 2.281094e-01 1.914832e-01 1.541014e-01 1.161113e-01 7.766308e-02 3.890831e-02 -5.516421e-16 -3.890831e-02 -7.766308e-02 -1.161113e-01 -1.541014e-01 -1.914832e-01 -2.281094e-01 -2.638353e-01 -2.985200e-01 -3.320265e-01 -3.642227e-01 -3.949815e-01 -4.241815e-01 -4.517074e-01 -4.774506e-01 -5.013096e-01 -5.231901e-01 -5.430058e-01 -5.606785e-01 -5.761385e-01 -5.893247e-01 -6.001852e-01 -6.086769e-01 -6.147666e-01 -6.184300e-01 -6.196527e-01 
5.769968e-01 5.758582e-01 5.724470e-01 5.667766e-01 5.588694e-01 5.487566e-01 5.364781e-01 5.220823e-01 5.056262e-01 4.871745e-01 4.668002e-01 4.445837e-01 4.206126e-01 3.949815e-01 3.677916e-01 3.391502e-01 3.091703e-01 2.779703e-01 2.456733e-01 2.124067e-01 1.783018e-01 1.434933e-01 1.081184e-01 7.231688e-02 3.622993e-02 -4.822531e-16 -3.622993e-02 -7.231688e-02 -1.081184e-01 -1.434933e-01 -1.783018e-01 -2.124067e-01 -2.456733e-01 -2.779703e-01 -3.091703e-01 -3.391502e-01 -3.677916e-01 -3.949815e-01 -4.206126e-01 -4.445837e-01 -4.668002e-01 -4.871745e-01 -5.056262e-01 -5.220823e-01 -5.364781e-01 -5.487566e-01 -5.588694e-01 -5.667766e-01 -5.724470e-01 -5.758582e-01 -5.769968e-01 
5.320638e-01 5.310139e-01 5.278683e-01 5.226395e-01 5.153480e-01 5.060227e-01 4.947004e-01 4.814257e-01 4.662510e-01 4.492363e-01 4.304486e-01 4.099622e-01 3.878578e-01 3.642227e-01 3.391502e-01 3.127392e-01 2.850940e-01 2.563237e-01 2.265417e-01 1.958657e-01 1.644167e-01 1.323189e-01 9.969881e-02 6.668527e-02 3.340856e-02 -6.973588e-16 -3.340856e-02 -6.668527e-02 -9.969881e-02 -1.323189e-01 -1.644167e-01 -1.958657e-01 -2.265417e-01 -2.563237e-01 -2.850940e-01 -3.127392e-01 -3.391502e-01 -3.642227e-01 -3.878578e-01 -4.099622e-01 -4.304486e-01 -4.492363e-01 -4.662510e-01 -4.814257e-01 -4.947004e-01 -5.060227e-01 -5.153480e-01 -5.226395e-01 -5.278683e-01 -5.310139e-01 -5.320638e-01 
4.850309e-01 4.840738e-01 4.812063e-01 4.764397e-01 4.697928e-01 4.612918e-01 4.509704e-01 4.388691e-01 4.250358e-01 4.095252e-01 3.923983e-01 3.737228e-01 3.535723e-01 3.320265e-01 3.091703e-01 2.850940e-01 2.598926e-01 2.336654e-01 2.065161e-01 1.785518e-01 1.498828e-01 1.206223e-01 9.088573e-02 6.079049e-02 3.045534e-02 -1.387779e-16 -3.045534e-02 -6.079049e-02 -9.088573e-02 -1.206223e-01 -1.498828e-01 -1.785518e-01 -2.065161e-01 -2.336654e-01 -2.598926e-01 -2.850940e-01 -3.091703e-01 -3.320265e-01 -3.535723e-01 -3.737228e-01 -3.923983e-01 -4.095252e-01 -4.250358e-01 -4.388691e-01 -4.509704e-01 -4.612918e-01 -4.697928e-01 -4.764397e-01 -4.812063e-01 -4.840738e-01 -4.850309e-01 
4.360839e-01 4.352234e-01 4.326452e-01 4.283596e-01 4.223835e-01 4.147404e-01 4.054605e-01 3.945805e-01 3.821432e-01 3.681978e-01 3.527993e-01 3.360084e-01 3.178915e-01 2.985200e-01 2.779703e-01 2.563237e-01 2.336654e-01 2.100850e-01 1.856755e-01 1.605332e-01 1.347573e-01 1.084497e-01 8.171397e-02 5.465580e-02 2.738193e-02 -5.516421e-16 -2.738193e-02 -5.465580e-02 -8.171397e-02 -1.084497e-01 -1.347573e-01 -1.605332e-01 -1.856755e-01 -2.100850e-01 -2.336654e-01 -2.563237e-01 -2.779703e-01 -2.985200e-01 -3.178915e-01 -3.360084e-01 -3.527993e-01 -3.681978e-01 -3.821432e-01 -3.945805e-01 -4.054605e-01 -4.147404e-01 -4.223835e-01 -4.283596e-01 -4.326452e-01 -4.352234e-01 -4.360839e-01 
3.854158e-01 3.846553e-01 3.823767e-01 3.785890e-01 3.733073e-01 3.665522e-01 3.583506e-01 3.487347e-01 3.377425e-01 3.254173e-01 3.118080e-01 2.969680e-01 2.809560e-01 2.638353e-01 2.456733e-01 2.265417e-01 2.065161e-01 1.856755e-01 1.641021e-01 1.418810e-01 1.191000e-01 9.584902e-02 7.221972e-02 4.830541e-02 2.420046e-02 -3.712308e-16 -2.420046e-02 -4.830541e-02 -7.221972e-02 -9.584902e-02 -1.191000e-01 -1.418810e-01 -1.641021e-01 -1.856755e-01 -2.065161e-01 -2.265417e-01 -2.456733e-01 -2.638353e-01 -2.809560e-01 -2.969680e-01 -3.118080e-01 -3.254173e-01 -3.377425e-01 -3.487347e-01 -3.583506e-01 -3.665522e-01 -3.733073e-01 -3.785890e-01 -3.823767e-01 -3.846553e-01 -3.854158e-01 
3.332267e-01 3.325692e-01 3.305991e-01 3.273243e-01 3.227578e-01 3.169174e-01 3.098263e-01 3.015125e-01 2.920088e-01 2.813526e-01 2.695861e-01 2.567556e-01 2.429118e-01 2.281094e-01 2.124067e-01 1.958657e-01 1.785518e-01 1.605332e-01 1.418810e-01 1.226689e-01 1.029727e-01 8.287011e-02 6.244046e-02 4.176438e-02 2.092348e-02 -2.463307e-16 -2.092348e-02 -4.176438e-02 -6.244046e-02 -8.287011e-02 -1.029727e-01 -1.226689e-01 -1.418810e-01 -1.605332e-01 -1.785518e-01 -1.958657e-01 -2.124067e-01 -2.281094e-01 -2.429118e-01 -2.567556e-01 -2.695861e-01 -2.813526e-01 -2.920088e-01 -3.015125e-01 -3.098263e-01 -3.169174e-01 -3.227578e-01 -3.273243e-01 -3.305991e-01 -3.325692e-01 -3.332267e-01 
2.797225e-01 2.791705e-01 2.775168e-01 2.747678e-01 2.709345e-01 2.660319e-01 2.600794e-01 2.531005e-01 2.451227e-01 2.361775e-01 2.263002e-01 2.155299e-01 2.039089e-01 1.914832e-01 1.783018e-01 1.644167e-01 1.498828e-01 1.347573e-01 1.191000e-01 1.029727e-01 8.643900e-02 6.956415e-02 5.241477e-02 3.505852e-02 1.756392e-02 -2.862294e-16 -1.756392e-02 -3.505852e-02 -5.241477e-02 -6.956415e-02 -8.643900e-02 -1.029727e-01 -1.191000e-01 -1.347573e-01 -1.498828e-01 -1.644167e-01 -1.783018e-01 -1.914832e-01 -2.039089e-01 -2.155299e-01 -2.263002e-01 -2.361775e-01 -2.451227e-01 -2.531005e-01 -2.600794e-01 -2.660319e-01 -2.709345e-01 -2.747678e-01 -2.775168e-01 -2.791705e-01 -2.797225e-01 
2.251143e-01 2.246701e-01 2.233392e-01 2.211269e-01 2.180419e-01 2.140964e-01 2.093060e-01 2.036895e-01 1.972692e-01 1.900703e-01 1.821213e-01 1.734536e-01 1.641013e-01 1.541014e-01 1.434933e-01 1.323189e-01 1.206223e-01 1.084497e-01 9.584902e-02 8.287011e-02 6.956415e-02 5.598366e-02 4.218222e-02 2.821431e-02 1.413505e-02 -1.942890e-16 -1.413505e-02 -2.821431e-02 -4.218222e-02 -5.598366e-02 -6.956415e-02 -8.287011e-02 -9.584902e-02 -1.084497e-01 -1.206223e-01 -1.323189e-01 -1.434933e-01 -1.541014e-01 -1.641013e-01 -1.734536e-01 -1.821213e-01 -1.900703e-01 -1.972692e-01 -2.036895e-01 -2.093060e-01 -2.140964e-01 -2.180419e-01 -2.211269e-01 -2.233392e-01 -2.246701e-01 -2.251143e-01 
1.696177e-01 1.692830e-01 1.682803e-01 1.666133e-01 1.642889e-01 1.613161e-01 1.577066e-01 1.534747e-01 1.486372e-01 1.432130e-01 1.372236e-01 1.306927e-01 1.236460e-01 1.161113e-01 1.081184e-01 9.969881e-02 9.088573e-02 8.171397e-02 7.221972e-02 6.244046e-02 5.241477e-02 4.218222e-02 3.178320e-02 2.125874e-02 1.065039e-02 -1.353084e-16 -1.065039e-02 -2.125874e-02 -3.178320e-02 -4.218222e-02 -5.241477e-02 -6.244046e-02 -7.221972e-02 -8.171397e-02 -9.088573e-02 -9.969881e-02 -1.081184e-01 -1.161113e-01 -1.236460e-01 -1.306927e-01 -1.372236e-01 -1.432130e-01 -1.486372e-01 -1.534747e-01 -1.577066e-01 -1.613161e-01 -1.642889e-01 -1.666133e-01 -1.682803e-01 -1.692830e-01 -1.696177e-01 
1.134518e-01 1.132279e-01 1.125572e-01 1.114422e-01 1.098875e-01 1.078990e-01 1.054848e-01 1.026542e-01 9.941854e-02 9.579049e-02 9.178440e-02 8.741609e-02 8.270278e-02 7.766308e-02 7.231688e-02 6.668527e-02 6.079049e-02 5.465580e-02 4.830541e-02 4.176438e-02 3.505852e-02 2.821431e-02 2.125874e-02 1.421928e-02 7.123695e-03 -1.474515e-16 -7.123695e-03 -1.421928e-02 -2.125874e-02 -2.821431e-02 -3.505852e-02 -4.176438e-02 -4.830541e-02 -5.465580e-02 -6.079049e-02 -6.668527e-02 -7.231688e-02 -7.766308e-02 -8.270278e-02 -8.741609e-02 -9.178440e-02 -9.579049e-02 -9.941854e-02 -1.026542e-01 -1.054848e-01 -1.078990e-01 -1.098875e-01 -1.114422e-01 -1.125572e-01 -1.132279e-01 -1.134518e-01 
5.683804e-02 5.672588e-02 5.638985e-02 5.583128e-02 5.505237e-02 5.405619e-02 5.284667e-02 5.142859e-02 4.980755e-02 4.798994e-02 4.598294e-02 4.379446e-02 4.143315e-02 3.890831e-02 3.622993e-02 3.340856e-02 3.045534e-02 2.738193e-02 2.420046e-02 2.092348e-02 1.756392e-02 1.413505e-02 1.065039e-02 7.123695e-03 3.568890e-03 -2.602085e-17 -3.568890e-03 -7.123695e-03 -1.065039e-02 -1.413505e-02 -1.756392e-02 -2.092348e-02 -2.420046e-02 -2.738193e-02 -3.045534e-02 -3.340856e-02 -3.622993e-02 -3.890831e-02 -4.143315e-02 -4.379446e-02 -4.598294e-02 -4.798994e-02 -4.980755e-02 -5.142859e-02 -5.284667e-02 -5.405619e-02 -5.505237e-02 -5.583128e-02 -5.638985e-02 -5.672588e-02 -5.683804e-02 
-8.342315e-16 -8.539565e-16 -8.492035e-16 -8.381146e-16 -8.026418e-16 -7.879681e-16 -7.537533e-16 -7.200946e-16 -7.149423e-16 -6.807569e-16 -6.363030e-16 -6.075052e-16 -5.879345e-16 -5.446839e-16 -4.968494e-16 -4.882585e-16 -4.285529e-16 -3.855927e-16 -3.486196e-16 -2.951548e-16 -2.492684e-16 -1.894713e-16 -1.428962e-16 -1.004807e-16 -4.828147e-17 2.036863e-18 5.286651e-17 1.020357e-16 1.506894e-16 1.983636e-16 2.515964e-16 2.909938e-16 3.368581e-16 3.877825e-16 4.452097e-16 4.801678e-16 5.359274e-16 5.591107e-16 6.139012e-16 6.350375e-16 6.649276e-16 6.929742e-16 7.392857e-16 7.436781e-16 7.474765e-16 7.619011e-16 7.921975e-16 8.191805e-16 8.132079e-16 8.407489e-16 8.490666e-16 
-5.683804e-02 -5.672588e-02 -5.638985e-02 -5.583128e-02 -5.505237e-02 -5.405619e-02 -5.284667e-02 -5.142859e-02 -4.980755e-02 -4.798994e-02 -4.598294e-02 -4.379446e-02 -4.143315e-02 -3.890831e-02 -3.622993e-02 -3.340856e-02 -3.045534e-02 -2.738193e-02 -2.420046e-02 -2.092348e-02 -1.756392e-02 -1.413505e-02 -1.065039e-02 -7.123695e-03 -3.568890e-03 8.239937e-17 3.568890e-03 7.123695e-03 1.065039e-02 1.413505e-02 1.756392e-02 2.092348e-02 2.420046e-02 2.738193e-02 3.045534e-02 3.340856e-02 3.622993e-02 3.890831e-02 4.143315e-02 4.379446e-02 4.598294e-02 4.798994e-02 4.980755e-02 5.142859e-02 5.284667e-02 5.405619e-02 5.505237e-02 5.583128e-02 5.638985e-02 5.672588e-02 5.683804e-02 
-1.134518e-01 -1.132279e-01 -1.125572e-01 -1.114422e-01 -1.098875e-01 -1.078990e-01 -1.054848e-01 -1.026542e-01 -9.941854e-02 -9.579049e-02 -9.178440e-02 -8.741609e-02 -8.270278e-02 -7.766308e-02 -7.231688e-02 -6.668527e-02 -6.079049e-02 -5.465580e-02 -4.830541e-02 -4.176438e-02 -3.505852e-02 -2.821431e-02 -2.125874e-02 -1.421928e-02 -7.123695e-03 6.245005e-17 7.123695e-03 1.421928e-02 2.125874e-02 2.821431e-02 3.505852e-02 4.176438e-02 4.830541e-02 5.465580e-02 6.079049e-02 6.668527e-02 7.231688e-02 7.766308e-02 8.270278e-02 8.741609e-02 9.178440e-02 9.579049e-02 9.941854e-02 1.026542e-01 1.054848e-01 1.078990e-01 1.098875e-01 1.114422e-01 1.125572e-01 1.132279e-01 1.134518e-01 
-1.696177e-01 -1.692830e-01 -1.682803e-01 -1.666133e-01 -1.642889e-01 -1.613161e-01 -1.577066e-01 -1.534747e-01 -1.486372e-01 -1.432130e-01 -1.372236e-01 -1.306927e-01 -1.236460e-01 -1.161113e-01 -1.081184e-01 -9.969881e-02 -9.088573e-02 -8.171397e-02 -7.221972e-02 -6.244046e-02 -5.241477e-02 -4.218222e-02 -3.178320e-02 -2.125874e-02 -1.065039e-02 7.806256e-17 1.065039e-02 2.125874e-02 3.178320e-02 4.218222e-02 5.241477e-02 6.244046e-02 7.221972e-02 8.171397e-02 9.088573e-02 9.969881e-02 1.081184e-01 1.161113e-01 1.236460e-01 1.306927e-01 1.372236e-01 1.432130e-01 1.486372e-01 1.534747e-01 1.577066e-01 1.613161e-01 1.642889e-01 1.666133e-01 1.682803e-01 1.692830e-01 1.696177e-01 
-2.251143e-01 -2.246701e-01 -2.233392e-01 -2.211269e-01 -2.180419e-01 -2.140964e-01 -2.093060e-01 -2.036895e-01 -1.972692e-01 -1.900703e-01 -1.821213e-01 -1.734536e-01 -1.641013e-01 -1.541014e-01 -1.434933e-01 -1.323189e-01 -1.206223e-01 -1.084497e-01 -9.584902e-02 -8.287011e-02 -6.956415e-02 -5.598366e-02 -4.218222e-02 -2.821431e-02 -1.413505e-02 3.278627e-16 1.413505e-02 2.821431e-02 4.218222e-02 5.598366e-02 6.956415e-02 8.287011e-02 9.584902e-02 1.084497e-01 1.206223e-01 1.323189e-01 1.434933e-01 1.541014e-01 1.641013e-01 1.734536e-01 1.821213e-01 1.900703e-01 1.972692e-01 2.036895e-01 2.093060e-01 2.140964e-01 2.180419e-01 2.211269e-01 2.233392e-01 2.246701e-01 2.251143e-01 
-2.797225e-01 -2.791705e-01 -2.775168e-01 -2.747678e-01 -2.709345e-01 -2.660319e-01 -2.600794e-01 -2.531005e-01 -2.451227e-01 -2.361775e-01 -2.263002e-01 -2.155299e-01 -2.039089e-01 -1.914832e-01 -1.783018e-01 -1.644167e-01 -1.498828e-01 -1.347573e-01 -1.191000e-01 -1.029727e-01 -8.643900e-02 -6.956415e-02 -5.241477e-02 -3.505852e-02 -1.756392e-02 1.006140e-16 1.756392e-02 3.505852e-02 5.241477e-02 6.956415e-02 8.643900e-02 1.029727e-01 1.191000e-01 1.347573e-01 1.498828e-01 1.644167e-01 1.783018e-01 1.914832e-01 2.039089e-01 2.155299e-01 2.263002e-01 2.361775e-01 2.451227e-01 2.531005e-01 2.600794e-01 2.660319e-01 2.709345e-01 2.747678e-01 2.775168e-01 2.791705e-01 2.797225e-01 
-3.332267e-01 -3.325692e-01 -3.305991e-01 -3.273243e-01 -3.227578e-01 -3.169174e-01 -3.098263e-01 -3.015125e-01 -2.920088e-01 -2.813526e-01 -2.695861e-01 -2.567556e-01 -2.429118e-01 -2.281094e-01 -2.124067e-01 -1.958657e-01 -1.785518e-01 -1.605332e-01 -1.418810e-01 -1.226689e-01 -1.029727e-01 -8.287011e-02 -6.244046e-02 -4.176438e-02 -2.092348e-02 2.428613e-16 2.092348e-02 4.176438e-02 6.244046e-02 8.287011e-02 1.029727e-01 1.226689e-01 1.418810e-01 1.605332e-01 1.785518e-01 1.958657e-01 2.124067e-01 2.281094e-01 2.429118e-01 2.567556e-01 2.695861e-01 2.813526e-01 2.920088e-01 3.015125e-01 3.098263e-01 3.169174e-01 3.227578e-01 3.273243e-01 3.305991e-01 3.325692e-01 3.332267e-01 
-3.854158e-01 -3.846553e-01 -3.823767e-01 -3.785890e-01 -3.733073e-01 -3.665522e-01 -3.583506e-01 -3.487347e-01 -3.377425e-01 -3.254173e-01 -3.118080e-01 -2.969680e-01 -2.809560e-01 -2.638353e-01 -2.456733e-01 -2.265417e-01 -2.065161e-01 -1.856755e-01 -1.641021e-01 -1.418810e-01 -1.191000e-01 -9.584902e-02 -7.221972e-02 -4.830541e-02 -2.420046e-02 4.787837e-16 2.420046e-02 4.830541e-02 7.221972e-02 9.584902e-02 1.191000e-01 1.418810e-01 1.641021e-01 1.856755e-01 2.065161e-01 2.265417e-01 2.456733e-01 2.638353e-01 2.809560e-01 2.969680e-01 3.118080e-01 3.254173e-01 3.377425e-01 3.487347e-01 3.583506e-01 3.665522e-01 3.733073e-01 3.785890e-01 3.823767e-01 3.846553e-01 3.854158e-01 
-4.360839e-01 -4.352234e-01 -4.326452e-01 -4.283596e-01 -4.223835e-01 -4.147404e-01 -4.054605e-01 -3.945805e-01 -3.821432e-01 -3.681978e-01 -3.527993e-01 -3.360084e-01 -3.178915e-01 -2.985200e-01 -2.779703e-01 -2.563237e-01 -2.336654e-01 -2.100850e-01 -1.856755e-01 -1.605332e-01 -1.347573e-01 -1.084497e-01 -8.171397e-02 -5.465580e-02 -2.738193e-02 4.475587e-16 2.738193e-02 5.465580e-02 8.171397e-02 1.084497e-01 1.347573e-01 1.605332e-01 1.856755e-01 2.100850e-01 2.336654e-01 2.563237e-01 2.779703e-01 2.985200e-01 3.178915e-01 3.360084e-01 3.527993e-01 3.681978e-01 3.821432e-01 3.945805e-01 4.054605e-01 4.147404e-01 4.223835e-01 4.283596e-01 4.326452e-01 4.352234e-01 4.360839e-01 
-4.850309e-01 -4.840738e-01 -4.812063e-01 -4.764397e-01 -4.697928e-01 -4.612918e-01 -4.509704e-01 -4.388691e-01 -4.250358e-01 -4.095252e-01 -3.923983e-01 -3.737228e-01 -3.535723e-01 -3.320265e-01 -3.091703e-01 -2.850940e-01 -2.598926e-01 -2.336654e-01 -2.065161e-01 -1.785518e-01 -1.498828e-01 -1.206223e-01 -9.088573e-02 -6.079049e-02 -3.045534e-02 4.093947e-16 3.045534e-02 6.079049e-02 9.088573e-02 1.206223e-01 1.498828e-01 1.785518e-01 2.065161e-01 2.336654e-01 2.598926e-01 2.850940e-01 3.091703e-01 3.320265e-01 3.535723e-01 3.737228e-01 3.923983e-01 4.095252e-01 4.250358e-01 4.388691e-01 4.509704e-01 4.612918e-01 4.697928e-01 4.764397e-01 4.812063e-01 4.840738e-01 4.850309e-01 
-5.320638e-01 -5.310139e-01 -5.278683e-01 -5.226395e-01 -5.153480e-01 -5.060227e-01 -4.947004e-01 -4.814257e-01 -4.662510e-01 -4.492363e-01 -4.304486e-01 -4.099622e-01 -3.878578e-01 -3.642227e-01 -3.391502e-01 -3.127392e-01 -2.850940e-01 -2.563237e-01 -2.265417e-01 -1.958657e-01 -1.644167e-01 -1.323189e-01 -9.969881e-02 -6.668527e-02 -3.340856e-02 5.585810e-16 3.340856e-02 6.668527e-02 9.969881e-02 1.323189e-01 1.644167e-01 1.958657e-01 2.265417e-01 2.563237e-01 2.850940e-01 3.127392e-01 3.391502e-01 3.642227e-01 3.878578e-01 4.099622e-01 4.304486e-01 4.492363e-01 4.662510e-01 4.814257e-01 4.947004e-01 5.060227e-01 5.153480e-01 5.226395e-01 5.278683e-01 5.310139e-01 5.320638e-01 
-5.769968e-01 -5.758582e-01 -5.724470e-01 -5.667766e-01 -5.588694e-01 -5.487566e-01 -5.364781e-01 -5.220823e-01 -5.056262e-01 -4.871745e-01 -4.668002e-01 -4.445837e-01 -4.206126e-01 -3.949815e-01 -3.677916e-01 -3.391502e-01 -3.091703e-01 -2.779703e-01 -2.456733e-01 -2.124067e-01 -1.783018e-01 -1.434933e-01 -1.081184e-01 -7.231688e-02 -3.622993e-02 4.406198e-16 3.622993e-02 7.231688e-02 1.081184e-01 1.434933e-01 1.783018e-01 2.124067e-01 2.456733e-01 2.779703e-01 3.091703e-01 3.391502e-01 3.677916e-01 3.949815e-01 4.206126e-01 4.445837e-01 4.668002e-01 4.871745e-01 5.056262e-01 5.220823e-01 5.364781e-01 5.487566e-01 5.588694e-01 5.667766e-01 5.724470e-01 5.758582e-01 5.769968e-01 
-6.196527e-01 -6.184300e-01 -6.147666e-01 -6.086769e-01 -6.001852e-01 -5.893247e-01 -5.761385e-01 -5.606785e-01 -5.430058e-01 -5.231901e-01 -5.013096e-01 -4.774506e-01 -4.517074e-01 -4.241815e-01 -3.949815e-01 -3.642227e-01 -3.320265e-01 -2.985200e-01 -2.638353e-01 -2.281094e-01 -1.914832e-01 -1.541014e-01 -1.161113e-01 -7.766308e-02 -3.890831e-02 3.053113e-16 3.890831e-02 7.766308e-02 1.161113e-01 1.541014e-01 1.914832e-01 2.281094e-01 2.638353e-01 2.985200e-01 3.320265e-01 3.642227e-01 3.949815e-01 4.241815e-01 4.517074e-01 4.774506e-01 5.013096e-01 5.231901e-01 5.430058e-01 5.606785e-01 5.761385e-01 5.893247e-01 6.001852e-01 6.086769e-01 6.147666e-01 6.184300e-01 6.196527e-01 
-6.598631e-01 -6.585610e-01 -6.546599e-01 -6.481751e-01 -6.391323e-01 -6.275671e-01 -6.135252e-01 -5.970620e-01 -5.782424e-01 -5.571408e-01 -5.338405e-01 -5.084333e-01 -4.810195e-01 -4.517074e-01 -4.206126e-01 -3.878578e-01 -3.535723e-01 -3.178915e-01 -2.809560e-01 -2.429118e-01 -2.039089e-01 -1.641013e-01 -1.236460e-01 -8.270278e-02 -4.143315e-02 8.118506e-16 4.143315e-02 8.270278e-02 1.236460e-01 1.641013e-01 2.039089e-01 2.429118e-01 2.809560e-01 3.178915e-01 3.535723e-01 3.878578e-01 4.206126e-01 4.517074e-01 4.810195e-01 5.084333e-01 5.338405e-01 5.571408e-01 5.782424e-01 5.970620e-01 6.135252e-01 6.275671e-01 6.391323e-01 6.481751e-01 6.546599e-01 6.585610e-01 6.598631e-01 
-6.974693e-01 -6.960930e-01 -6.919696e-01 -6.851152e-01 -6.755570e-01 -6.633327e-01 -6.484906e-01 -6.310891e-01 -6.111970e-01 -5.888928e-01 -5.642645e-01 -5.374094e-01 -5.084333e-01 -4.774506e-01 -4.445837e-01 -4.099622e-01 -3.737228e-01 -3.360084e-01 -2.969680e-01 -2.567556e-01 -2.155299e-01 -1.734536e-01 -1.306927e-01 -8.741609e-02 -4.379446e-02 7.077672e-16 4.379446e-02 8.741609e-02 1.306927e-01 1.734536e-01 2.155299e-01 2.567556e-01 2.969680e-01 3.360084e-01 3.737228e-01 4.099622e-01 4.445837e-01 4.774506e-01 5.084333e-01 5.374094e-01 5.642645e-01 5.888928e-01 6.111970e-01 6.310891e-01 6.484906e-01 6.633327e-01 6.755570e-01 6.851152e-01 6.919696e-01 6.960930e-01 6.974693e-01 
-7.323230e-01 -7.308779e-01 -7.265484e-01 -7.193515e-01 -7.093157e-01 -6.964805e-01 -6.808967e-01 -6.626256e-01 -6.417395e-01 -6.183207e-01 -5.924617e-01 -5.642645e-01 -5.338405e-01 -5.013096e-01 -4.668002e-01 -4.304486e-01 -3.923983e-01 -3.527993e-01 -3.118080e-01 -2.695861e-01 -2.263002e-01 -1.821213e-01 -1.372236e-01 -9.178440e-02 -4.598294e-02 5.828671e-16 4.598294e-02 9.178440e-02 1.372236e-01 1.821213e-01 2.263002e-01 2.695861e-01 3.118080e-01 3.527993e-01 3.923983e-01 4.304486e-01 4.668002e-01 5.013096e-01 5.338405e-01 5.642645e-01 5.924617e-01 6.183207e-01 6.417395e-01 6.626256e-01 6.808967e-01 6.964805e-01 7.093157e-01 7.193515e-01 7.265484e-01 7.308779e-01 7.323230e-01 
-7.642864e-01 -7.627783e-01 -7.582598e-01 -7.507488e-01 -7.402750e-01 -7.268796e-01 -7.106156e-01 -6.915471e-01 -6.697493e-01 -6.453084e-01 -6.183207e-01 -5.888928e-01 -5.571408e-01 -5.231901e-01 -4.871745e-01 -4.492363e-01 -4.095252e-01 -3.681978e-01 -3.254173e-01 -2.813526e-01 -2.361775e-01 -1.900703e-01 -1.432130e-01 -9.579049e-02 -4.798994e-02 9.089951e-16 4.798994e-02 9.579049e-02 1.432130e-01 1.900703e-01 2.361775e-01 2.813526e-01 3.254173e-01 3.681978e-01 4.095252e-01 4.492363e-01 4.871745e-01 5.231901e-01 5.571408e-01 5.888928e-01 6.183207e-01 6.453084e-01 6.697493e-01 6.915471e-01 7.106156e-01 7.268796e-01 7.402750e-01 7.507488e-01 7.582598e-01 7.627783e-01 7.642864e-01 
-7.932336e-01 -7.916684e-01 -7.869788e-01 -7.791833e-01 -7.683128e-01 -7.544100e-01 -7.375300e-01 -7.177393e-01 -6.951159e-01 -6.697493e-01 -6.417395e-01 -6.111970e-01 -5.782424e-01 -5.430058e-01 -5.056262e-01 -4.662510e-01 -4.250358e-01 -3.821432e-01 -3.377425e-01 -2.920088e-01 -2.451227e-01 -1.972692e-01 -1.486372e-01 -9.941854e-02 -4.980755e-02 3.747003e-16 4.980755e-02 9.941854e-02 1.486372e-01 1.972692e-01 2.451227e-01 2.920088e-01 3.377425e-01 3.821432e-01 4.250358e-01 4.662510e-01 5.056262e-01 5.430058e-01 5.782424e-01 6.111970e-01 6.417395e-01 6.697493e-01 6.951159e-01 7.177393e-01 7.375300e-01 7.544100e-01 7.683128e-01 7.791833e-01 7.869788e-01 7.916684e-01 7.932336e-01 
-8.190503e-01 -8.174341e-01 -8.125919e-01 -8.045427e-01 -7.933183e-01 -7.789631e-01 -7.615337e-01 -7.410989e-01 -7.177393e-01 -6.915471e-01 -6.626256e-01 -6.310891e-01 -5.970620e-01 -5.606785e-01 -5.220823e-01 -4.814257e-01 -4.388691e-01 -3.945805e-01 -3.487347e-01 -3.015125e-01 -2.531005e-01 -2.036895e-01 -1.534747e-01 -1.026542e-01 -5.142859e-02 9.020562e-16 5.142859e-02 1.026542e-01 1.534747e-01 2.036895e-01 2.531005e-01 3.015125e-01 3.487347e-01 3.945805e-01 4.388691e-01 4.814257e-01 5.220823e-01 5.606785e-01 5.970620e-01 6.310891e-01 6.626256e-01 6.915471e-01 7.177393e-01 7.410989e-01 7.615337e-01 7.789631e-01 7.933183e-01 8.045427e-01 8.125919e-01 8.174341e-01 8.190503e-01 
-8.416346e-01 -8.399738e-01 -8.349980e-01 -8.267269e-01 -8.151931e-01 -8.004420e-01 -7.825320e-01 -7.615337e-01 -7.375300e-01 -7.106156e-01 -6.808967e-01 -6.484906e-01 -6.135252e-01 -5.761385e-01 -5.364781e-01 -4.947004e-01 -4.509704e-01 -4.054605e-01 -3.583506e-01 -3.098263e-01 -2.600794e-01 -2.093060e-01 -1.577066e-01 -1.054848e-01 -5.284667e-02 5.967449e-16 5.284667e-02 1.054848e-01 1.577066e-01 2.093060e-01 2.600794e-01 3.098263e-01 3.583506e-01 4.054605e-01 4.509704e-01 4.947004e-01 5.364781e-01 5.761385e-01 6.135252e-01 6.484906e-01 6.808967e-01 7.106156e-01 7.375300e-01 7.615337e-01 7.825320e-01 8.004420e-01 8.151931e-01 8.267269e-01 8.349980e-01 8.399738e-01 8.416346e-01 
-8.608973e-01 -8.591985e-01 -8.541088e-01 -8.456484e-01 -8.338506e-01 -8.187620e-01 -8.004420e-01 -7.789631e-01 -7.544100e-01 -7.268796e-01 -6.964805e-01 -6.633327e-01 -6.275671e-01 -5.893247e-01 -5.487566e-01 -5.060227e-01 -4.612918e-01 -4.147404e-01 -3.665522e-01 -3.169174e-01 -2.660319e-01 -2.140964e-01 -1.613161e-01 -1.078990e-01 -5.405619e-02 1.137979e-15 5.405619e-02 1.078990e-01 1.613161e-01 2.140964e-01 2.660319e-01 3.169174e-01 3.665522e-01 4.147404e-01 4.612918e-01 5.060227e-01 5.487566e-01 5.893247e-01 6.275671e-01 6.633327e-01 6.964805e-01 7.268796e-01 7.544100e-01 7.789631e-01 8.004420e-01 8.187620e-01 8.338506e-01 8.456484e-01 8.541088e-01 8.591985e-01 8.608973e-01 
-8.767624e-01 -8.750323e-01 -8.698489e-01 -8.612325e-01 -8.492173e-01 -8.338506e-01 -8.151931e-01 -7.933183e-01 -7.683128e-01 -7.402750e-01 -7.093157e-01 -6.755570e-01 -6.391323e-01 -6.001852e-01 -5.588694e-01 -5.153480e-01 -4.697928e-01 -4.223835e-01 -3.733073e-01 -3.227578e-01 -2.709345e-01 -2.180419e-01 -1.642889e-01 -1.098875e-01 -5.505237e-02 3.538836e-16 5.505237e-02 1.098875e-01 1.642889e-01 2.180419e-01 2.709345e-01 3.227578e-01 3.733073e-01 4.223835e-01 4.697928e-01 5.153480e-01 5.588694e-01 6.001852e-01 6.391323e-01 6.755570e-01 7.093157e-01 7.402750e-01 7.683128e-01 7.933183e-01 8.151931e-01 8.338506e-01 8.492173e-01 8.612325e-01 8.698489e-01 8.750323e-01 8.767624e-01 
-8.891674e-01 -8.874128e-01 -8.821560e-01 -8.734178e-01 -8.612325e-01 -8.456484e-01 -8.267269e-01 -8.045427e-01 -7.791833e-01 -7.507488e-01 -7.193515e-01 -6.851152e-01 -6.481751e-01 -6.086769e-01 -5.667766e-01 -5.226395e-01 -4.764397e-01 -4.283596e-01 -3.785890e-01 -3.273243e-01 -2.747678e-01 -2.211269e-01 -1.666133e-01 -1.114422e-01 -5.583128e-02 8.743006e-16 5.583128e-02 1.114422e-01 1.666133e-01 2.211269e-01 2.747678e-01 3.273243e-01 3.785890e-01 4.283596e-01 4.764397e-01 5.226395e-01 5.667766e-01 6.086769e-01 6.481751e-01 6.851152e-01 7.193515e-01 7.507488e-01 7.791833e-01 8.045427e-01 8.267269e-01 8.456484e-01 8.612325e-01 8.734178e-01 8.821560e-01 8.874128e-01 8.891674e-01 
-8.980632e-01 -8.962911e-01 -8.909817e-01 -8.821560e-01 -8.698489e-01 -8.541088e-01 -8.349980e-01 -8.125919e-01 -7.869788e-01 -7.582598e-01 -7.265484e-01 -6.919696e-01 -6.546599e-01 -6.147666e-01 -5.724470e-01 -5.278683e-01 -4.812063e-01 -4.326452e-01 -3.823767e-01 -3.305991e-01 -2.775168e-01 -2.233392e-01 -1.682803e-01 -1.125572e-01 -5.638985e-02 1.054712e-15 5.638985e-02 1.125572e-01 1.682803e-01 2.233392e-01 2.775168e-01 3.305991e-01 3.823767e-01 4.326452e-01 4.812063e-01 5.278683e-01 5.724470e-01 6.147666e-01 6.546599e-01 6.919696e-01 7.265484e-01 7.582598e-01 7.869788e-01 8.125919e-01 8.349980e-01 8.541088e-01 8.698489e-01 8.821560e-01 8.909817e-01 8.962911e-01 8.980632e-01 
-9.034148e-01 -9.016321e-01 -8.962911e-01 -8.874128e-01 -8.750323e-01 -8.591985e-01 -8.399738e-01 -8.174341e-01 -7.916684e-01 -7.627783e-01 -7.308779e-01 -6.960930e-01 -6.585610e-01 -6.184300e-01 -5.758582e-01 -5.310139e-01 -4.840738e-01 -4.352234e-01 -3.846553e-01 -3.325692e-01 -2.791705e-01 -2.246701e-01 -1.692830e-01 -1.132279e-01 -5.672588e-02 4.579670e-16 5.672588e-02 1.132279e-01 1.692830e-01 2.246701e-01 2.791705e-01 3.325692e-01 3.846553e-01 4.352234e-01 4.840738e-01 5.310139e-01 5.758582e-01 6.184300e-01 6.585610e-01 6.960930e-01 7.308779e-01 7.627783e-01 7.916684e-01 8.174341e-01 8.399738e-01 8.591985e-01 8.750323e-01 8.874128e-01 8.962911e-01 9.016321e-01 9.034148e-01 
-9.052010e-01 -9.034148e-01 -8.980632e-01 -8.891674e-01 -8.767624e-01 -8.608973e-01 -8.416346e-01 -8.190503e-01 -7.932336e-01 -7.642864e-01 -7.323230e-01 -6.974693e-01 -6.598631e-01 -6.196527e-01 -5.769968e-01 -5.320638e-01 -4.850309e-01 -4.360839e-01 -3.854158e-01 -3.332267e-01 -2.797225e-01 -2.251143e-01 -1.696177e-01 -1.134518e-01 -5.683804e-02 1.082467e-15 5.683804e-02 1.134518e-01 1.696177e-01 2.251143e-01 2.797225e-01 3.332267e-01 3.854158e-01 4.360839e-01 4.850309e-01 5.320638e-01 5.769968e-01 6.196527e-01 6.598631e-01 6.974693e-01 7.323230e-01 7.642864e-01 7.932336e-01 8.190503e-01 8.416346e-01 8.608973e-01 8.767624e-01 8.891674e-01 8.980632e-01 9.034148e-01 9.052010e-01 
