9.069887e-01 8.958205e-01 8.625908e-01 8.081178e-01 7.337425e-01 6.412959e-01 5.330539e-01 4.116810e-01 2.801651e-01 1.417433e-01 -1.768507e-04 -1.421021e-01 -2.805386e-01 -4.120784e-01 -5.334825e-01 -6.417607e-01 -7.342451e-01 -8.086560e-01 -8.631583e-01 -8.964072e-01 -9.075821e-01 
8.958205e-01 8.847898e-01 8.519692e-01 7.981669e-01 7.247073e-01 6.333990e-01 5.264897e-01 4.066112e-01 2.767144e-01 1.399970e-01 -1.758906e-04 -1.403537e-01 -2.770858e-01 -4.070059e-01 -5.269151e-01 -6.338598e-01 -7.252053e-01 -7.986997e-01 -8.525306e-01 -8.853699e-01 -8.964072e-01 
8.625908e-01 8.519692e-01 8.203661e-01 7.685593e-01 6.978244e-01 6.099027e-01 5.069587e-01 3.915264e-01 2.664475e-01 1.348008e-01 -1.731090e-04 -1.351517e-01 -2.668123e-01 -3.919134e-01 -5.073746e-01 -6.103521e-01 -6.983087e-01 -7.690763e-01 -8.209098e-01 -8.525306e-01 -8.631583e-01 
8.081178e-01 7.981669e-01 7.685593e-01 7.200239e-01 6.537555e-01 5.713855e-01 4.749416e-01 3.667980e-01 2.496169e-01 1.262826e-01 -1.687899e-04 -1.266245e-01 -2.499715e-01 -3.671730e-01 -4.753431e-01 -5.718173e-01 -6.542189e-01 -7.205168e-01 -7.690763e-01 -7.986997e-01 -8.086560e-01 
7.337425e-01 7.247073e-01 6.978244e-01 6.537555e-01 5.935854e-01 5.187954e-01 4.312266e-01 3.330347e-01 2.266367e-01 1.146518e-01 -1.633702e-04 -1.149824e-01 -2.269787e-01 -3.333947e-01 -4.316101e-01 -5.192056e-01 -5.940232e-01 -6.542189e-01 -6.983087e-01 -7.252053e-01 -7.342451e-01 
6.412959e-01 6.333990e-01 6.099027e-01 5.713855e-01 5.187954e-01 4.534271e-01 3.768897e-01 2.910673e-01 1.980725e-01 1.001944e-01 -1.573913e-04 -1.005126e-01 -1.984005e-01 -2.914110e-01 -3.772536e-01 -4.538138e-01 -5.192056e-01 -5.718173e-01 -6.103521e-01 -6.338598e-01 -6.417607e-01 
5.330539e-01 5.264897e-01 5.069587e-01 4.749416e-01 4.312266e-01 3.768897e-01 3.132685e-01 2.419289e-01 1.646272e-01 8.326612e-02 -1.514416e-04 -8.357190e-02 -1.649414e-01 -2.422565e-01 -3.136131e-01 -3.772536e-01 -4.316101e-01 -4.753431e-01 -5.073746e-01 -5.269151e-01 -5.334825e-01 
4.116810e-01 4.066112e-01 3.915264e-01 3.667980e-01 3.330347e-01 2.910673e-01 2.419289e-01 1.868291e-01 1.271239e-01 6.428323e-02 -1.460985e-04 -6.457790e-02 -1.274258e-01 -1.871422e-01 -2.422565e-01 -2.914110e-01 -3.333947e-01 -3.671730e-01 -3.919134e-01 -4.070059e-01 -4.120784e-01 
2.801651e-01 2.767144e-01 2.664475e-01 2.496169e-01 2.266367e-01 1.980725e-01 1.646272e-01 1.271239e-01 8.648572e-02 4.371282e-02 -1.418740e-04 -4.399871e-02 -8.677784e-02 -1.274258e-01 -1.649414e-01 -1.984005e-01 -2.269787e-01 -2.499715e-01 -2.668123e-01 -2.770858e-01 -2.805386e-01 
1.417433e-01 1.399970e-01 1.348008e-01 1.262826e-01 1.146518e-01 1.001944e-01 8.326612e-02 6.428323e-02 4.371282e-02 2.206105e-02 -1.391688e-04 -2.234132e-02 -4.399871e-02 -6.457790e-02 -8.357190e-02 -1.005126e-01 -1.149824e-01 -1.266245e-01 -1.351517e-01 -1.403537e-01 -1.421021e-01 
-1.768507e-04 -1.758906e-04 -1.731090e-04 -1.687899e-04 -1.633702e-04 -1.573913e-04 -1.514416e-04 -1.460985e-04 -1.418740e-04 -1.391688e-04 -1.382380e-04 -1.391688e-04 -1.418740e-04 -1.460985e-04 -1.514416e-04 -1.573913e-04 -1.633702e-04 -1.687899e-04 -1.731090e-04 -1.758906e-04 -1.768507e-04 
-1.421021e-01 -1.403537e-01 -1.351517e-01 -1.266245e-01 -1.149824e-01 -1.005126e-01 -8.357190e-02 -6.457790e-02 -4.399871e-02 -2.234132e-02 -1.391688e-04 2.206105e-02 4.371282e-02 6.428323e-02 8.326612e-02 1.001944e-01 1.146518e-01 1.262826e-01 1.348008e-01 1.399970e-01 1.417433e-01 
-2.805386e-01 -2.770858e-01 -2.668123e-01 -2.499715e-01 -2.269787e-01 -1.984005e-01 -1.649414e-01 -1.274258e-01 -8.677784e-02 -4.399871e-02 -1.418740e-04 4.371282e-02 8.648572e-02 1.271239e-01 1.646272e-01 1.980725e-01 2.266367e-01 2.496169e-01 2.664475e-01 2.767144e-01 2.801651e-01 
-4.120784e-01 -4.070059e-01 -3.919134e-01 -3.671730e-01 -3.333947e-01 -2.914110e-01 -2.422565e-01 -1.871422e-01 -1.274258e-01 -6.457790e-02 -1.460985e-04 6.428323e-02 1.271239e-01 1.868291e-01 2.419289e-01 2.910673e-01 3.330347e-01 3.667980e-01 3.915264e-01 4.066112e-01 4.116810e-01 
-5.334825e-01 -5.269151e-01 -5.073746e-01 -4.753431e-01 -4.316101e-01 -3.772536e-01 -3.136131e-01 -2.422565e-01 -1.649414e-01 -8.357190e-02 -1.514416e-04 8.326612e-02 1.646272e-01 2.419289e-01 3.132685e-01 3.768897e-01 4.312266e-01 4.749416e-01 5.069587e-01 5.264897e-01 5.330539e-01 
-6.417607e-01 -6.338598e-01 -6.103521e-01 -5.718173e-01 -5.192056e-01 -4.538138e-01 -3.772536e-01 -2.914110e-01 -1.984005e-01 -1.005126e-01 -1.573913e-04 1.001944e-01 1.980725e-01 2.910673e-01 3.768897e-01 4.534271e-01 5.187954e-01 5.713855e-01 6.099027e-01 6.333990e-01 6.412959e-01 
-7.342451e-01 -7.252053e-01 -6.983087e-01 -6.542189e-01 -5.940232e-01 -5.192056e-01 -4.316101e-01 -3.333947e-01 -2.269787e-01 -1.149824e-01 -1.633702e-04 1.146518e-01 2.266367e-01 3.330347e-01 4.312266e-01 5.187954e-01 5.935854e-01 6.537555e-01 6.978244e-01 7.247073e-01 7.337425e-01 
-8.086560e-01 -7.986997e-01 -7.690763e-01 -7.205168e-01 -6.542189e-01 -5.718173e-01 -4.753431e-01 -3.671730e-01 -2.499715e-01 -1.266245e-01 -1.687899e-04 1.262826e-01 2.496169e-01 3.667980e-01 4.749416e-01 5.713855e-01 6.537555e-01 7.200239e-01 7.685593e-01 7.981669e-01 8.081178e-01 
-8.631583e-01 -8.525306e-01 -8.209098e-01 -7.690763e-01 -6.983087e-01 -6.103521e-01 -5.073746e-01 -3.919134e-01 -2.668123e-01 -1.351517e-01 -1.731090e-04 1.348008e-01 2.664475e-01 3.915264e-01 5.069587e-01 6.099027e-01 6.978244e-01 7.685593e-01 8.203661e-01 8.519692e-01 8.625908e-01 
-8.964072e-01 -8.853699e-01 -8.525306e-01 -7.986997e-01 -7.252053e-01 -6.338598e-01 -5.269151e-01 -4.070059e-01 -2.770858e-01 -1.403537e-01 -1.758906e-04 1.399970e-01 2.767144e-01 4.066112e-01 5.264897e-01 6.333990e-01 7.247073e-01 7.981669e-01 8.519692e-01 8.847898e-01 8.958205e-01 
-9.075821e-01 -8.964072e-01 -8.631583e-01 -8.086560e-01 -7.342451e-01 -6.417607e-01 -5.334825e-01 -4.120784e-01 -2.805386e-01 -1.421021e-01 -1.768507e-04 1.417433e-01 2.801651e-01 4.116810e-01 5.330539e-01 6.412959e-01 7.337425e-01 8.081178e-01 8.625908e-01 8.958205e-01 9.069887e-01 
