9.049793e-01 9.042816e-01 9.021896e-01 8.987064e-01 8.938375e-01 8.875904e-01 8.799747e-01 8.710021e-01 8.606865e-01 8.490438e-01 8.360919e-01 8.218508e-01 8.063425e-01 7.895908e-01 7.716217e-01 7.524628e-01 7.321436e-01 7.106956e-01 6.881517e-01 6.645467e-01 6.399170e-01 6.143006e-01 5.877370e-01 5.602672e-01 5.319335e-01 5.027796e-01 4.728504e-01 4.421921e-01 4.108520e-01 3.788784e-01 3.463206e-01 3.132288e-01 2.796540e-01 2.456480e-01 2.112632e-01 1.765527e-01 1.415700e-01 1.063689e-01 7.100386e-02 3.552932e-02 -1.040834e-17 -3.552932e-02 -7.100386e-02 -1.063689e-01 -1.415700e-01 -1.765527e-01 -2.112632e-01 -2.456480e-01 -2.796540e-01 -3.132288e-01 -3.463206e-01 -3.788784e-01 -4.108520e-01 -4.421921e-01 -4.728504e-01 -5.027796e-01 -5.319335e-01 -5.602672e-01 -5.877370e-01 -6.143006e-01 -6.399170e-01 -6.645467e-01 -6.881517e-01 -7.106956e-01 -7.321436e-01 -7.524628e-01 -7.716217e-01 -7.895908e-01 -8.063425e-01 -8.218508e-01 -8.360919e-01 -8.490438e-01 -8.606865e-01 -8.710021e-01 -8.799747e-01 -8.875904e-01 -8.938375e-01 -8.987064e-01 -9.021896e-01 -9.042816e-01 -9.049793e-01 
9.042816e-01 9.035844e-01 9.014940e-01 8.980135e-01 8.931484e-01 8.869061e-01 8.792962e-01 8.703306e-01 8.600229e-01 8.483892e-01 8.354473e-01 8.212172e-01 8.057208e-01 7.889821e-01 7.710268e-01 7.518827e-01 7.315792e-01 7.101477e-01 6.876211e-01 6.640343e-01 6.394237e-01 6.138270e-01 5.872839e-01 5.598353e-01 5.315234e-01 5.023919e-01 4.724858e-01 4.418512e-01 4.105353e-01 3.785863e-01 3.460536e-01 3.129873e-01 2.794384e-01 2.454586e-01 2.111003e-01 1.764166e-01 1.414608e-01 1.062869e-01 7.094912e-02 3.550193e-02 5.169476e-16 -3.550193e-02 -7.094912e-02 -1.062869e-01 -1.414608e-01 -1.764166e-01 -2.111003e-01 -2.454586e-01 -2.794384e-01 -3.129873e-01 -3.460536e-01 -3.785863e-01 -4.105353e-01 -4.418512e-01 -4.724858e-01 -5.023919e-01 -5.315234e-01 -5.598353e-01 -5.872839e-01 -6.138270e-01 -6.394237e-01 -6.640343e-01 -6.876211e-01 -7.101477e-01 -7.315792e-01 -7.518827e-01 -7.710268e-01 -7.889821e-01 -8.057208e-01 -8.212172e-01 -8.354473e-01 -8.483892e-01 -8.600229e-01 -8.703306e-01 -8.792962e-01 -8.869061e-01 -8.931484e-01 -8.980135e-01 -9.014940e-01 -9.035844e-01 -9.042816e-01 
9.021896e-01 9.014940e-01 8.994084e-01 8.959360e-01 8.910821e-01 8.848542e-01 8.772620e-01 8.683171e-01 8.580333e-01 8.464264e-01 8.335145e-01 8.193173e-01 8.038568e-01 7.871568e-01 7.692431e-01 7.501432e-01 7.298867e-01 7.085047e-01 6.860303e-01 6.624981e-01 6.379444e-01 6.124069e-01 5.859253e-01 5.585401e-01 5.302937e-01 5.012297e-01 4.713928e-01 4.408290e-01 4.095855e-01 3.777104e-01 3.452530e-01 3.122632e-01 2.787919e-01 2.448907e-01 2.106120e-01 1.760085e-01 1.411335e-01 1.060410e-01 7.078498e-02 3.541980e-02 -3.469447e-18 -3.541980e-02 -7.078498e-02 -1.060410e-01 -1.411335e-01 -1.760085e-01 -2.106120e-01 -2.448907e-01 -2.787919e-01 -3.122632e-01 -3.452530e-01 -3.777104e-01 -4.095855e-01 -4.408290e-01 -4.713928e-01 -5.012297e-01 -5.302937e-01 -5.585401e-01 -5.859253e-01 -6.124069e-01 -6.379444e-01 -6.624981e-01 -6.860303e-01 -7.085047e-01 -7.298867e-01 -7.501432e-01 -7.692431e-01 -7.871568e-01 -8.038568e-01 -8.193173e-01 -8.335145e-01 -8.464264e-01 -8.580333e-01 -8.683171e-01 -8.772620e-01 -8.848542e-01 -8.910821e-01 -8.959360e-01 -8.994084e-01 -9.014940e-01 -9.021896e-01 
8.987064e-01 8.980135e-01 8.959360e-01 8.924770e-01 8.876418e-01 8.814380e-01 8.738751e-01 8.649647e-01 8.547206e-01 8.431586e-01 8.302965e-01 8.161541e-01 8.007533e-01 7.841178e-01 7.662732e-01 7.472471e-01 7.270688e-01 7.057694e-01 6.833817e-01 6.599403e-01 6.354814e-01 6.100426e-01 5.836631e-01 5.563837e-01 5.282464e-01 4.992945e-01 4.695728e-01 4.391270e-01 4.080042e-01 3.762522e-01 3.439201e-01 3.110576e-01 2.777156e-01 2.439453e-01 2.097988e-01 1.753289e-01 1.405887e-01 1.056316e-01 7.051169e-02 3.528305e-02 8.673617e-17 -3.528305e-02 -7.051169e-02 -1.056316e-01 -1.405887e-01 -1.753289e-01 -2.097988e-01 -2.439453e-01 -2.777156e-01 -3.110576e-01 -3.439201e-01 -3.762522e-01 -4.080042e-01 -4.391270e-01 -4.695728e-01 -4.992945e-01 -5.282464e-01 -5.563837e-01 -5.836631e-01 -6.100426e-01 -6.354814e-01 -6.599403e-01 -6.833817e-01 -7.057694e-01 -7.270688e-01 -7.472471e-01 -7.662732e-01 -7.841178e-01 -8.007533e-01 -8.161541e-01 -8.302965e-01 -8.431586e-01 -8.547206e-01 -8.649647e-01 -8.738751e-01 -8.814380e-01 -8.876418e-01 -8.924770e-01 -8.959360e-01 -8.980135e-01 -8.987064e-01 
8.938375e-01 8.931484e-01 8.910821e-01 8.876418e-01 8.828329e-01 8.766627e-01 8.691407e-01 8.602786e-01 8.500900e-01 8.385906e-01 8.257982e-01 8.117324e-01 7.964151e-01 7.798697e-01 7.621218e-01 7.431987e-01 7.231297e-01 7.019457e-01 6.796794e-01 6.563650e-01 6.320386e-01 6.067376e-01 5.805010e-01 5.533694e-01 5.253845e-01 4.965895e-01 4.670288e-01 4.367480e-01 4.057937e-01 3.742138e-01 3.420568e-01 3.093724e-01 2.762110e-01 2.426237e-01 2.086622e-01 1.743790e-01 1.398270e-01 1.050593e-01 7.012968e-02 3.509190e-02 1.387779e-16 -3.509190e-02 -7.012968e-02 -1.050593e-01 -1.398270e-01 -1.743790e-01 -2.086622e-01 -2.426237e-01 -2.762110e-01 -3.093724e-01 -3.420568e-01 -3.742138e-01 -4.057937e-01 -4.367480e-01 -4.670288e-01 -4.965895e-01 -5.253845e-01 -5.533694e-01 -5.805010e-01 -6.067376e-01 -6.320386e-01 -6.563650e-01 -6.796794e-01 -7.019457e-01 -7.231297e-01 -7.431987e-01 -7.621218e-01 -7.798697e-01 -7.964151e-01 -8.117324e-01 -8.257982e-01 -8.385906e-01 -8.500900e-01 -8.602786e-01 -8.691407e-01 -8.766627e-01 -8.828329e-01 -8.876418e-01 -8.910821e-01 -8.931484e-01 -8.938375e-01 
8.875904e-01 8.869061e-01 8.848542e-01 8.814380e-01 8.766627e-01 8.705356e-01 8.630662e-01 8.542660e-01 8.441486e-01 8.327296e-01 8.200266e-01 8.060592e-01 7.908488e-01 7.744191e-01 7.567952e-01 7.380044e-01 7.180757e-01 6.970398e-01 6.749290e-01 6.517776e-01 6.276212e-01 6.024970e-01 5.764438e-01 5.495018e-01 5.217125e-01 4.931188e-01 4.637647e-01 4.336955e-01 4.029576e-01 3.715984e-01 3.396661e-01 3.072102e-01 2.742805e-01 2.409279e-01 2.072039e-01 1.731603e-01 1.388497e-01 1.043251e-01 6.963954e-02 3.484664e-02 4.614364e-16 -3.484664e-02 -6.963954e-02 -1.043251e-01 -1.388497e-01 -1.731603e-01 -2.072039e-01 -2.409279e-01 -2.742805e-01 -3.072102e-01 -3.396661e-01 -3.715984e-01 -4.029576e-01 -4.336955e-01 -4.637647e-01 -4.931188e-01 -5.217125e-01 -5.495018e-01 -5.764438e-01 -6.024970e-01 -6.276212e-01 -6.517776e-01 -6.749290e-01 -6.970398e-01 -7.180757e-01 -7.380044e-01 -7.567952e-01 -7.744191e-01 -7.908488e-01 -8.060592e-01 -8.200266e-01 -8.327296e-01 -8.441486e-01 -8.542660e-01 -8.630662e-01 -8.705356e-01 -8.766627e-01 -8.814380e-01 -8.848542e-01 -8.869061e-01 -8.875904e-01 
8.799747e-01 8.792962e-01 8.772620e-01 8.738751e-01 8.691407e-01 8.630662e-01 8.556609e-01 8.469362e-01 8.369056e-01 8.255846e-01 8.129906e-01 7.991430e-01 7.840632e-01 7.677744e-01 7.503017e-01 7.316722e-01 7.119145e-01 6.910590e-01 6.691380e-01 6.461852e-01 6.222361e-01 5.973275e-01 5.714978e-01 5.447870e-01 5.172361e-01 4.888877e-01 4.597855e-01 4.299743e-01 3.995001e-01 3.684100e-01 3.367517e-01 3.045742e-01 2.719271e-01 2.388607e-01 2.054260e-01 1.716745e-01 1.376584e-01 1.034299e-01 6.904202e-02 3.454764e-02 1.838807e-16 -3.454764e-02 -6.904202e-02 -1.034299e-01 -1.376584e-01 -1.716745e-01 -2.054260e-01 -2.388607e-01 -2.719271e-01 -3.045742e-01 -3.367517e-01 -3.684100e-01 -3.995001e-01 -4.299743e-01 -4.597855e-01 -4.888877e-01 -5.172361e-01 -5.447870e-01 -5.714978e-01 -5.973275e-01 -6.222361e-01 -6.461852e-01 -6.691380e-01 -6.910590e-01 -7.119145e-01 -7.316722e-01 -7.503017e-01 -7.677744e-01 -7.840632e-01 -7.991430e-01 -8.129906e-01 -8.255846e-01 -8.369056e-01 -8.469362e-01 -8.556609e-01 -8.630662e-01 -8.691407e-01 -8.738751e-01 -8.772620e-01 -8.792962e-01 -8.799747e-01 
8.710021e-01 8.703306e-01 8.683171e-01 8.649647e-01 8.602786e-01 8.542660e-01 8.469362e-01 8.383005e-01 8.283722e-01 8.171666e-01 8.047010e-01 7.909946e-01 7.760685e-01 7.599458e-01 7.426514e-01 7.242118e-01 7.046555e-01 6.840127e-01 6.623152e-01 6.395964e-01 6.158915e-01 5.912369e-01 5.656706e-01 5.392321e-01 5.119622e-01 4.839028e-01 4.550973e-01 4.255901e-01 3.954267e-01 3.646535e-01 3.333181e-01 3.014687e-01 2.691544e-01 2.364252e-01 2.033314e-01 1.699241e-01 1.362547e-01 1.023753e-01 6.833804e-02 3.419538e-02 1.006140e-16 -3.419538e-02 -6.833804e-02 -1.023753e-01 -1.362547e-01 -1.699241e-01 -2.033314e-01 -2.364252e-01 -2.691544e-01 -3.014687e-01 -3.333181e-01 -3.646535e-01 -3.954267e-01 -4.255901e-01 -4.550973e-01 -4.839028e-01 -5.119622e-01 -5.392321e-01 -5.656706e-01 -5.912369e-01 -6.158915e-01 -6.395964e-01 -6.623152e-01 -6.840127e-01 -7.046555e-01 -7.242118e-01 -7.426514e-01 -7.599458e-01 -7.760685e-01 -7.909946e-01 -8.047010e-01 -8.171666e-01 -8.283722e-01 -8.383005e-01 -8.469362e-01 -8.542660e-01 -8.602786e-01 -8.649647e-01 -8.683171e-01 -8.703306e-01 -8.710021e-01 
8.606865e-01 8.600229e-01 8.580333e-01 8.547206e-01 8.500900e-01 8.441486e-01 8.369056e-01 8.283722e-01 8.185615e-01 8.074886e-01 7.951706e-01 7.816265e-01 7.668773e-01 7.509455e-01 7.338559e-01 7.156346e-01 6.963100e-01 6.759117e-01 6.544711e-01 6.320215e-01 6.085972e-01 5.842346e-01 5.589712e-01 5.328458e-01 5.058988e-01 4.781718e-01 4.497074e-01 4.205497e-01 3.907435e-01 3.603348e-01 3.293705e-01 2.978983e-01 2.659667e-01 2.336251e-01 2.009233e-01 1.679116e-01 1.346410e-01 1.011628e-01 6.752868e-02 3.379039e-02 4.163336e-16 -3.379039e-02 -6.752868e-02 -1.011628e-01 -1.346410e-01 -1.679116e-01 -2.009233e-01 -2.336251e-01 -2.659667e-01 -2.978983e-01 -3.293705e-01 -3.603348e-01 -3.907435e-01 -4.205497e-01 -4.497074e-01 -4.781718e-01 -5.058988e-01 -5.328458e-01 -5.589712e-01 -5.842346e-01 -6.085972e-01 -6.320215e-01 -6.544711e-01 -6.759117e-01 -6.963100e-01 -7.156346e-01 -7.338559e-01 -7.509455e-01 -7.668773e-01 -7.816265e-01 -7.951706e-01 -8.074886e-01 -8.185615e-01 -8.283722e-01 -8.369056e-01 -8.441486e-01 -8.500900e-01 -8.547206e-01 -8.580333e-01 -8.600229e-01 -8.606865e-01 
8.490438e-01 8.483892e-01 8.464264e-01 8.431586e-01 8.385906e-01 8.327296e-01 8.255846e-01 8.171666e-01 8.074886e-01 7.965655e-01 7.844141e-01 7.710533e-01 7.565035e-01 7.407873e-01 7.239288e-01 7.059541e-01 6.868908e-01 6.667684e-01 6.456179e-01 6.234719e-01 6.003646e-01 5.763315e-01 5.514098e-01 5.256378e-01 4.990554e-01 4.717034e-01 4.436241e-01 4.148608e-01 3.854578e-01 3.554604e-01 3.249150e-01 2.938685e-01 2.623689e-01 2.304648e-01 1.982053e-01 1.656402e-01 1.328197e-01 9.979439e-02 6.661521e-02 3.333330e-02 -6.140921e-16 -3.333330e-02 -6.661521e-02 -9.979439e-02 -1.328197e-01 -1.656402e-01 -1.982053e-01 -2.304648e-01 -2.623689e-01 -2.938685e-01 -3.249150e-01 -3.554604e-01 -3.854578e-01 -4.148608e-01 -4.436241e-01 -4.717034e-01 -4.990554e-01 -5.256378e-01 -5.514098e-01 -5.763315e-01 -6.003646e-01 -6.234719e-01 -6.456179e-01 -6.667684e-01 -6.868908e-01 -7.059541e-01 -7.239288e-01 -7.407873e-01 -7.565035e-01 -7.710533e-01 -7.844141e-01 -7.965655e-01 -8.074886e-01 -8.171666e-01 -8.255846e-01 -8.327296e-01 -8.385906e-01 -8.431586e-01 -8.464264e-01 -8.483892e-01 -8.490438e-01 
8.360919e-01 8.354473e-01 8.335145e-01 8.302965e-01 8.257982e-01 8.200266e-01 8.129906e-01 8.047010e-01 7.951706e-01 7.844141e-01 7.724482e-01 7.592911e-01 7.449633e-01 7.294868e-01 7.128855e-01 6.951850e-01 6.764125e-01 6.565971e-01 6.357692e-01 6.139611e-01 5.912062e-01 5.675398e-01 5.429982e-01 5.176194e-01 4.914425e-01 4.645078e-01 4.368568e-01 4.085322e-01 3.795778e-01 3.500380e-01 3.199585e-01 2.893857e-01 2.583666e-01 2.269492e-01 1.951818e-01 1.631134e-01 1.307936e-01 9.827206e-02 6.559901e-02 3.282481e-02 8.777701e-16 -3.282481e-02 -6.559901e-02 -9.827206e-02 -1.307936e-01 -1.631134e-01 -1.951818e-01 -2.269492e-01 -2.583666e-01 -2.893857e-01 -3.199585e-01 -3.500380e-01 -3.795778e-01 -4.085322e-01 -4.368568e-01 -4.645078e-01 -4.914425e-01 -5.176194e-01 -5.429982e-01 -5.675398e-01 -5.912062e-01 -6.139611e-01 -6.357692e-01 -6.565971e-01 -6.764125e-01 -6.951850e-01 -7.128855e-01 -7.294868e-01 -7.449633e-01 -7.592911e-01 -7.724482e-01 -7.844141e-01 -7.951706e-01 -8.047010e-01 -8.129906e-01 -8.200266e-01 -8.257982e-01 -8.302965e-01 -8.335145e-01 -8.354473e-01 -8.360919e-01 
8.218508e-01 8.212172e-01 8.193173e-01 8.161541e-01 8.117324e-01 8.060592e-01 7.991430e-01 7.909946e-01 7.816265e-01 7.710533e-01 7.592911e-01 7.463582e-01 7.322744e-01 7.170615e-01 7.007430e-01 6.833440e-01 6.648913e-01 6.454133e-01 6.249402e-01 6.035035e-01 5.811363e-01 5.578729e-01 5.337494e-01 5.088028e-01 4.830718e-01 4.565958e-01 4.294159e-01 4.015738e-01 3.731124e-01 3.440758e-01 3.145087e-01 2.844566e-01 2.539659e-01 2.230835e-01 1.918573e-01 1.603351e-01 1.285658e-01 9.659820e-02 6.448167e-02 3.226571e-02 1.283695e-16 -3.226571e-02 -6.448167e-02 -9.659820e-02 -1.285658e-01 -1.603351e-01 -1.918573e-01 -2.230835e-01 -2.539659e-01 -2.844566e-01 -3.145087e-01 -3.440758e-01 -3.731124e-01 -4.015738e-01 -4.294159e-01 -4.565958e-01 -4.830718e-01 -5.088028e-01 -5.337494e-01 -5.578729e-01 -5.811363e-01 -6.035035e-01 -6.249402e-01 -6.454133e-01 -6.648913e-01 -6.833440e-01 -7.007430e-01 -7.170615e-01 -7.322744e-01 -7.463582e-01 -7.592911e-01 -7.710533e-01 -7.816265e-01 -7.909946e-01 -7.991430e-01 -8.060592e-01 -8.117324e-01 -8.161541e-01 -8.193173e-01 -8.212172e-01 -8.218508e-01 
8.063425e-01 8.057208e-01 8.038568e-01 8.007533e-01 7.964151e-01 7.908488e-01 7.840632e-01 7.760685e-01 7.668773e-01 7.565035e-01 7.449633e-01 7.322744e-01 7.184564e-01 7.035306e-01 6.875200e-01 6.704493e-01 6.523448e-01 6.332344e-01 6.131476e-01 5.921154e-01 5.701702e-01 5.473459e-01 5.236775e-01 4.992017e-01 4.739562e-01 4.479799e-01 4.213128e-01 3.939961e-01 3.660718e-01 3.375831e-01 3.085739e-01 2.790889e-01 2.491735e-01 2.188740e-01 1.882369e-01 1.573096e-01 1.261398e-01 9.477540e-02 6.326490e-02 3.165686e-02 1.318390e-16 -3.165686e-02 -6.326490e-02 -9.477540e-02 -1.261398e-01 -1.573096e-01 -1.882369e-01 -2.188740e-01 -2.491735e-01 -2.790889e-01 -3.085739e-01 -3.375831e-01 -3.660718e-01 -3.939961e-01 -4.213128e-01 -4.479799e-01 -4.739562e-01 -4.992017e-01 -5.236775e-01 -5.473459e-01 -5.701702e-01 -5.921154e-01 -6.131476e-01 -6.332344e-01 -6.523448e-01 -6.704493e-01 -6.875200e-01 -7.035306e-01 -7.184564e-01 -7.322744e-01 -7.449633e-01 -7.565035e-01 -7.668773e-01 -7.760685e-01 -7.840632e-01 -7.908488e-01 -7.964151e-01 -8.007533e-01 -8.038568e-01 -8.057208e-01 -8.063425e-01 
7.895908e-01 7.889821e-01 7.871568e-01 7.841178e-01 7.798697e-01 7.744191e-01 7.677744e-01 7.599458e-01 7.509455e-01 7.407873e-01 7.294868e-01 7.170615e-01 7.035306e-01 6.889149e-01 6.732369e-01 6.565208e-01 6.387924e-01 6.200791e-01 6.004096e-01 5.798143e-01 5.583250e-01 5.359749e-01 5.127982e-01 4.888309e-01 4.641099e-01 4.386732e-01 4.125601e-01 3.858109e-01 3.584667e-01 3.305699e-01 3.021633e-01 2.732909e-01 2.439970e-01 2.143269e-01 1.843263e-01 1.540415e-01 1.235192e-01 9.280645e-02 6.195058e-02 3.099919e-02 3.226586e-16 -3.099919e-02 -6.195058e-02 -9.280645e-02 -1.235192e-01 -1.540415e-01 -1.843263e-01 -2.143269e-01 -2.439970e-01 -2.732909e-01 -3.021633e-01 -3.305699e-01 -3.584667e-01 -3.858109e-01 -4.125601e-01 -4.386732e-01 -4.641099e-01 -4.888309e-01 -5.127982e-01 -5.359749e-01 -5.583250e-01 -5.798143e-01 -6.004096e-01 -6.200791e-01 -6.387924e-01 -6.565208e-01 -6.732369e-01 -6.889149e-01 -7.035306e-01 -7.170615e-01 -7.294868e-01 -7.407873e-01 -7.509455e-01 -7.599458e-01 -7.677744e-01 -7.744191e-01 -7.798697e-01 -7.841178e-01 -7.871568e-01 -7.889821e-01 -7.895908e-01 
7.716217e-01 7.710268e-01 7.692431e-01 7.662732e-01 7.621218e-01 7.567952e-01 7.503017e-01 7.426514e-01 7.338559e-01 7.239288e-01 7.128855e-01 7.007430e-01 6.875200e-01 6.732369e-01 6.579157e-01 6.415800e-01 6.242551e-01 6.059676e-01 5.867458e-01 5.666192e-01 5.456189e-01 5.237774e-01 5.011282e-01 4.777063e-01 4.535479e-01 4.286901e-01 4.031712e-01 3.770308e-01 3.503089e-01 3.230469e-01 2.952868e-01 2.670714e-01 2.384442e-01 2.094493e-01 1.801315e-01 1.505359e-01 1.207082e-01 9.069441e-02 6.054074e-02 3.029373e-02 -1.873501e-16 -3.029373e-02 -6.054074e-02 -9.069441e-02 -1.207082e-01 -1.505359e-01 -1.801315e-01 -2.094493e-01 -2.384442e-01 -2.670714e-01 -2.952868e-01 -3.230469e-01 -3.503089e-01 -3.770308e-01 -4.031712e-01 -4.286901e-01 -4.535479e-01 -4.777063e-01 -5.011282e-01 -5.237774e-01 -5.456189e-01 -5.666192e-01 -5.867458e-01 -6.059676e-01 -6.242551e-01 -6.415800e-01 -6.579157e-01 -6.732369e-01 -6.875200e-01 -7.007430e-01 -7.128855e-01 -7.239288e-01 -7.338559e-01 -7.426514e-01 -7.503017e-01 -7.567952e-01 -7.621218e-01 -7.662732e-01 -7.692431e-01 -7.710268e-01 -7.716217e-01 
7.524628e-01 7.518827e-01 7.501432e-01 7.472471e-01 7.431987e-01 7.380044e-01 7.316722e-01 7.242118e-01 7.156346e-01 7.059541e-01 6.951850e-01 6.833440e-01 6.704493e-01 6.565208e-01 6.415800e-01 6.256500e-01 6.087552e-01 5.909218e-01 5.721772e-01 5.525504e-01 5.320715e-01 5.107723e-01 4.886855e-01 4.658452e-01 4.422865e-01 4.180459e-01 3.931607e-01 3.676693e-01 3.416110e-01 3.150259e-01 2.879550e-01 2.604402e-01 2.325238e-01 2.042488e-01 1.756590e-01 1.467982e-01 1.177111e-01 8.844252e-02 5.903755e-02 2.954155e-02 1.249001e-16 -2.954155e-02 -5.903755e-02 -8.844252e-02 -1.177111e-01 -1.467982e-01 -1.756590e-01 -2.042488e-01 -2.325238e-01 -2.604402e-01 -2.879550e-01 -3.150259e-01 -3.416110e-01 -3.676693e-01 -3.931607e-01 -4.180459e-01 -4.422865e-01 -4.658452e-01 -4.886855e-01 -5.107723e-01 -5.320715e-01 -5.525504e-01 -5.721772e-01 -5.909218e-01 -6.087552e-01 -6.256500e-01 -6.415800e-01 -6.565208e-01 -6.704493e-01 -6.833440e-01 -6.951850e-01 -7.059541e-01 -7.156346e-01 -7.242118e-01 -7.316722e-01 -7.380044e-01 -7.431987e-01 -7.472471e-01 -7.501432e-01 -7.518827e-01 -7.524628e-01 
7.321436e-01 7.315792e-01 7.298867e-01 7.270688e-01 7.231297e-01 7.180757e-01 7.119145e-01 7.046555e-01 6.963100e-01 6.868908e-01 6.764125e-01 6.648913e-01 6.523448e-01 6.387924e-01 6.242551e-01 6.087552e-01 5.923167e-01 5.749648e-01 5.567264e-01 5.376296e-01 5.177037e-01 4.969797e-01 4.754893e-01 4.532657e-01 4.303432e-01 4.067572e-01 3.825440e-01 3.577409e-01 3.323863e-01 3.065191e-01 2.801792e-01 2.534074e-01 2.262448e-01 1.987334e-01 1.709155e-01 1.428341e-01 1.145325e-01 8.605426e-02 5.744333e-02 2.874382e-02 6.487866e-16 -2.874382e-02 -5.744333e-02 -8.605426e-02 -1.145325e-01 -1.428341e-01 -1.709155e-01 -1.987334e-01 -2.262448e-01 -2.534074e-01 -2.801792e-01 -3.065191e-01 -3.323863e-01 -3.577409e-01 -3.825440e-01 -4.067572e-01 -4.303432e-01 -4.532657e-01 -4.754893e-01 -4.969797e-01 -5.177037e-01 -5.376296e-01 -5.567264e-01 -5.749648e-01 -5.923167e-01 -6.087552e-01 -6.242551e-01 -6.387924e-01 -6.523448e-01 -6.648913e-01 -6.764125e-01 -6.868908e-01 -6.963100e-01 -7.046555e-01 -7.119145e-01 -7.180757e-01 -7.231297e-01 -7.270688e-01 -7.298867e-01 -7.315792e-01 -7.321436e-01 
7.106956e-01 7.101477e-01 7.085047e-01 7.057694e-01 7.019457e-01 6.970398e-01 6.910590e-01 6.840127e-01 6.759117e-01 6.667684e-01 6.565971e-01 6.454133e-01 6.332344e-01 6.200791e-01 6.059676e-01 5.909218e-01 5.749648e-01 5.581213e-01 5.404172e-01 5.218798e-01 5.025377e-01 4.824207e-01 4.615599e-01 4.399873e-01 4.177364e-01 3.948413e-01 3.713374e-01 3.472610e-01 3.226490e-01 2.975396e-01 2.719714e-01 2.459839e-01 2.196170e-01 1.929115e-01 1.659086e-01 1.386498e-01 1.111773e-01 8.353331e-02 5.576053e-02 2.790178e-02 1.387779e-17 -2.790178e-02 -5.576053e-02 -8.353331e-02 -1.111773e-01 -1.386498e-01 -1.659086e-01 -1.929115e-01 -2.196170e-01 -2.459839e-01 -2.719714e-01 -2.975396e-01 -3.226490e-01 -3.472610e-01 -3.713374e-01 -3.948413e-01 -4.177364e-01 -4.399873e-01 -4.615599e-01 -4.824207e-01 -5.025377e-01 -5.218798e-01 -5.404172e-01 -5.581213e-01 -5.749648e-01 -5.909218e-01 -6.059676e-01 -6.200791e-01 -6.332344e-01 -6.454133e-01 -6.565971e-01 -6.667684e-01 -6.759117e-01 -6.840127e-01 -6.910590e-01 -6.970398e-01 -7.019457e-01 -7.057694e-01 -7.085047e-01 -7.101477e-01 -7.106956e-01 
6.881517e-01 6.876211e-01 6.860303e-01 6.833817e-01 6.796794e-01 6.749290e-01 6.691380e-01 6.623152e-01 6.544711e-01 6.456179e-01 6.357692e-01 6.249402e-01 6.131476e-01 6.004096e-01 5.867458e-01 5.721772e-01 5.567264e-01 5.404172e-01 5.232746e-01 5.053253e-01 4.865967e-01 4.671179e-01 4.469188e-01 4.260305e-01 4.044854e-01 3.823166e-01 3.595583e-01 3.362455e-01 3.124143e-01 2.881014e-01 2.633442e-01 2.381810e-01 2.126506e-01 1.867922e-01 1.606458e-01 1.342517e-01 1.076506e-01 8.088356e-02 5.399176e-02 2.701671e-02 -1.387779e-16 -2.701671e-02 -5.399176e-02 -8.088356e-02 -1.076506e-01 -1.342517e-01 -1.606458e-01 -1.867922e-01 -2.126506e-01 -2.381810e-01 -2.633442e-01 -2.881014e-01 -3.124143e-01 -3.362455e-01 -3.595583e-01 -3.823166e-01 -4.044854e-01 -4.260305e-01 -4.469188e-01 -4.671179e-01 -4.865967e-01 -5.053253e-01 -5.232746e-01 -5.404172e-01 -5.567264e-01 -5.721772e-01 -5.867458e-01 -6.004096e-01 -6.131476e-01 -6.249402e-01 -6.357692e-01 -6.456179e-01 -6.544711e-01 -6.623152e-01 -6.691380e-01 -6.749290e-01 -6.796794e-01 -6.833817e-01 -6.860303e-01 -6.876211e-01 -6.881517e-01 
6.645467e-01 6.640343e-01 6.624981e-01 6.599403e-01 6.563650e-01 6.517776e-01 6.461852e-01 6.395964e-01 6.320215e-01 6.234719e-01 6.139611e-01 6.035035e-01 5.921154e-01 5.798143e-01 5.666192e-01 5.525504e-01 5.376296e-01 5.218798e-01 5.053253e-01 4.879916e-01 4.699055e-01 4.510948e-01 4.315885e-01 4.114168e-01 3.906107e-01 3.692024e-01 3.472247e-01 3.247116e-01 3.016979e-01 2.782189e-01 2.543110e-01 2.300109e-01 2.053562e-01 1.803849e-01 1.551353e-01 1.296466e-01 1.039580e-01 7.810909e-02 5.213973e-02 2.608998e-02 7.667478e-16 -2.608998e-02 -5.213973e-02 -7.810909e-02 -1.039580e-01 -1.296466e-01 -1.551353e-01 -1.803849e-01 -2.053562e-01 -2.300109e-01 -2.543110e-01 -2.782189e-01 -3.016979e-01 -3.247116e-01 -3.472247e-01 -3.692024e-01 -3.906107e-01 -4.114168e-01 -4.315885e-01 -4.510948e-01 -4.699055e-01 -4.879916e-01 -5.053253e-01 -5.218798e-01 -5.376296e-01 -5.525504e-01 -5.666192e-01 -5.798143e-01 -5.921154e-01 -6.035035e-01 -6.139611e-01 -6.234719e-01 -6.320215e-01 -6.395964e-01 -6.461852e-01 -6.517776e-01 -6.563650e-01 -6.599403e-01 -6.624981e-01 -6.640343e-01 -6.645467e-01 
6.399170e-01 6.394237e-01 6.379444e-01 6.354814e-01 6.320386e-01 6.276212e-01 6.222361e-01 6.158915e-01 6.085972e-01 6.003646e-01 5.912062e-01 5.811363e-01 5.701702e-01 5.583250e-01 5.456189e-01 5.320715e-01 5.177037e-01 5.025377e-01 4.865967e-01 4.699055e-01 4.524897e-01 4.343761e-01 4.155929e-01 3.961687e-01 3.761338e-01 3.555188e-01 3.343557e-01 3.126770e-01 2.905162e-01 2.679075e-01 2.448856e-01 2.214862e-01 1.977452e-01 1.736994e-01 1.493857e-01 1.248416e-01 1.001051e-01 7.521418e-02 5.020731e-02 2.512302e-02 -3.469447e-16 -2.512302e-02 -5.020731e-02 -7.521418e-02 -1.001051e-01 -1.248416e-01 -1.493857e-01 -1.736994e-01 -1.977452e-01 -2.214862e-01 -2.448856e-01 -2.679075e-01 -2.905162e-01 -3.126770e-01 -3.343557e-01 -3.555188e-01 -3.761338e-01 -3.961687e-01 -4.155929e-01 -4.343761e-01 -4.524897e-01 -4.699055e-01 -4.865967e-01 -5.025377e-01 -5.177037e-01 -5.320715e-01 -5.456189e-01 -5.583250e-01 -5.701702e-01 -5.811363e-01 -5.912062e-01 -6.003646e-01 -6.085972e-01 -6.158915e-01 -6.222361e-01 -6.276212e-01 -6.320386e-01 -6.354814e-01 -6.379444e-01 -6.394237e-01 -6.399170e-01 
6.143006e-01 6.138270e-01 6.124069e-01 6.100426e-01 6.067376e-01 6.024970e-01 5.973275e-01 5.912369e-01 5.842346e-01 5.763315e-01 5.675398e-01 5.578729e-01 5.473459e-01 5.359749e-01 5.237774e-01 5.107723e-01 4.969797e-01 4.824207e-01 4.671179e-01 4.510948e-01 4.343761e-01 4.169877e-01 3.989563e-01 3.803098e-01 3.610769e-01 3.412871e-01 3.209712e-01 3.001603e-01 2.788867e-01 2.571829e-01 2.350827e-01 2.126199e-01 1.898293e-01 1.667460e-01 1.434056e-01 1.198441e-01 9.609779e-02 7.220330e-02 4.819747e-02 2.411733e-02 5.898060e-17 -2.411733e-02 -4.819747e-02 -7.220330e-02 -9.609779e-02 -1.198441e-01 -1.434056e-01 -1.667460e-01 -1.898293e-01 -2.126199e-01 -2.350827e-01 -2.571829e-01 -2.788867e-01 -3.001603e-01 -3.209712e-01 -3.412871e-01 -3.610769e-01 -3.803098e-01 -3.989563e-01 -4.169877e-01 -4.343761e-01 -4.510948e-01 -4.671179e-01 -4.824207e-01 -4.969797e-01 -5.107723e-01 -5.237774e-01 -5.359749e-01 -5.473459e-01 -5.578729e-01 -5.675398e-01 -5.763315e-01 -5.842346e-01 -5.912369e-01 -5.973275e-01 -6.024970e-01 -6.067376e-01 -6.100426e-01 -6.124069e-01 -6.138270e-01 -6.143006e-01 
5.877370e-01 5.872839e-01 5.859253e-01 5.836631e-01 5.805010e-01 5.764438e-01 5.714978e-01 5.656706e-01 5.589712e-01 5.514098e-01 5.429982e-01 5.337494e-01 5.236775e-01 5.127982e-01 5.011282e-01 4.886855e-01 4.754893e-01 4.615599e-01 4.469188e-01 4.315885e-01 4.155929e-01 3.989563e-01 3.817047e-01 3.638645e-01 3.454632e-01 3.265292e-01 3.070918e-01 2.871808e-01 2.668270e-01 2.460618e-01 2.249172e-01 2.034258e-01 1.816207e-01 1.595356e-01 1.372045e-01 1.146618e-01 9.194233e-02 6.908108e-02 4.611332e-02 2.307445e-02 2.810252e-16 -2.307445e-02 -4.611332e-02 -6.908108e-02 -9.194233e-02 -1.146618e-01 -1.372045e-01 -1.595356e-01 -1.816207e-01 -2.034258e-01 -2.249172e-01 -2.460618e-01 -2.668270e-01 -2.871808e-01 -3.070918e-01 -3.265292e-01 -3.454632e-01 -3.638645e-01 -3.817047e-01 -3.989563e-01 -4.155929e-01 -4.315885e-01 -4.469188e-01 -4.615599e-01 -4.754893e-01 -4.886855e-01 -5.011282e-01 -5.127982e-01 -5.236775e-01 -5.337494e-01 -5.429982e-01 -5.514098e-01 -5.589712e-01 -5.656706e-01 -5.714978e-01 -5.764438e-01 -5.805010e-01 -5.836631e-01 -5.859253e-01 -5.872839e-01 -5.877370e-01 
5.602672e-01 5.598353e-01 5.585401e-01 5.563837e-01 5.533694e-01 5.495018e-01 5.447870e-01 5.392321e-01 5.328458e-01 5.256378e-01 5.176194e-01 5.088028e-01 4.992017e-01 4.888309e-01 4.777063e-01 4.658452e-01 4.532657e-01 4.399873e-01 4.260305e-01 4.114168e-01 3.961687e-01 3.803098e-01 3.638645e-01 3.468580e-01 3.293168e-01 3.112678e-01 2.927388e-01 2.737585e-01 2.543560e-01 2.345613e-01 2.144050e-01 1.939180e-01 1.731321e-01 1.520792e-01 1.307918e-01 1.093027e-01 8.764510e-02 6.585235e-02 4.395806e-02 2.199599e-02 2.393918e-16 -2.199599e-02 -4.395806e-02 -6.585235e-02 -8.764510e-02 -1.093027e-01 -1.307918e-01 -1.520792e-01 -1.731321e-01 -1.939180e-01 -2.144050e-01 -2.345613e-01 -2.543560e-01 -2.737585e-01 -2.927388e-01 -3.112678e-01 -3.293168e-01 -3.468580e-01 -3.638645e-01 -3.803098e-01 -3.961687e-01 -4.114168e-01 -4.260305e-01 -4.399873e-01 -4.532657e-01 -4.658452e-01 -4.777063e-01 -4.888309e-01 -4.992017e-01 -5.088028e-01 -5.176194e-01 -5.256378e-01 -5.328458e-01 -5.392321e-01 -5.447870e-01 -5.495018e-01 -5.533694e-01 -5.563837e-01 -5.585401e-01 -5.598353e-01 -5.602672e-01 
5.319335e-01 5.315234e-01 5.302937e-01 5.282464e-01 5.253845e-01 5.217125e-01 5.172361e-01 5.119622e-01 5.058988e-01 4.990554e-01 4.914425e-01 4.830718e-01 4.739562e-01 4.641099e-01 4.535479e-01 4.422865e-01 4.303432e-01 4.177364e-01 4.044854e-01 3.906107e-01 3.761338e-01 3.610769e-01 3.454632e-01 3.293168e-01 3.126627e-01 2.955264e-01 2.779345e-01 2.599140e-01 2.414928e-01 2.226991e-01 2.035621e-01 1.841113e-01 1.643765e-01 1.443883e-01 1.241774e-01 1.037751e-01 8.321273e-02 6.252208e-02 4.173502e-02 2.088361e-02 -3.330669e-16 -2.088361e-02 -4.173502e-02 -6.252208e-02 -8.321273e-02 -1.037751e-01 -1.241774e-01 -1.443883e-01 -1.643765e-01 -1.841113e-01 -2.035621e-01 -2.226991e-01 -2.414928e-01 -2.599140e-01 -2.779345e-01 -2.955264e-01 -3.126627e-01 -3.293168e-01 -3.454632e-01 -3.610769e-01 -3.761338e-01 -3.906107e-01 -4.044854e-01 -4.177364e-01 -4.303432e-01 -4.422865e-01 -4.535479e-01 -4.641099e-01 -4.739562e-01 -4.830718e-01 -4.914425e-01 -4.990554e-01 -5.058988e-01 -5.119622e-01 -5.172361e-01 -5.217125e-01 -5.253845e-01 -5.282464e-01 -5.302937e-01 -5.315234e-01 -5.319335e-01 
5.027796e-01 5.023919e-01 5.012297e-01 4.992945e-01 4.965895e-01 4.931188e-01 4.888877e-01 4.839028e-01 4.781718e-01 4.717034e-01 4.645078e-01 4.565958e-01 4.479799e-01 4.386732e-01 4.286901e-01 4.180459e-01 4.067572e-01 3.948413e-01 3.823166e-01 3.692024e-01 3.555188e-01 3.412871e-01 3.265292e-01 3.112678e-01 2.955264e-01 2.793294e-01 2.627016e-01 2.456688e-01 2.282571e-01 2.104936e-01 1.924054e-01 1.740206e-01 1.553674e-01 1.364747e-01 1.173716e-01 9.808743e-02 7.865205e-02 5.909540e-02 3.944763e-02 1.973903e-02 8.291978e-16 -1.973903e-02 -3.944763e-02 -5.909540e-02 -7.865205e-02 -9.808743e-02 -1.173716e-01 -1.364747e-01 -1.553674e-01 -1.740206e-01 -1.924054e-01 -2.104936e-01 -2.282571e-01 -2.456688e-01 -2.627016e-01 -2.793294e-01 -2.955264e-01 -3.112678e-01 -3.265292e-01 -3.412871e-01 -3.555188e-01 -3.692024e-01 -3.823166e-01 -3.948413e-01 -4.067572e-01 -4.180459e-01 -4.286901e-01 -4.386732e-01 -4.479799e-01 -4.565958e-01 -4.645078e-01 -4.717034e-01 -4.781718e-01 -4.839028e-01 -4.888877e-01 -4.931188e-01 -4.965895e-01 -4.992945e-01 -5.012297e-01 -5.023919e-01 -5.027796e-01 
4.728504e-01 4.724858e-01 4.713928e-01 4.695728e-01 4.670288e-01 4.637647e-01 4.597855e-01 4.550973e-01 4.497074e-01 4.436241e-01 4.368568e-01 4.294159e-01 4.213128e-01 4.125601e-01 4.031712e-01 3.931607e-01 3.825440e-01 3.713374e-01 3.595583e-01 3.472247e-01 3.343557e-01 3.209712e-01 3.070918e-01 2.927388e-01 2.779345e-01 2.627016e-01 2.470637e-01 2.310447e-01 2.146696e-01 1.979634e-01 1.809520e-01 1.636616e-01 1.461188e-01 1.283507e-01 1.103847e-01 9.224854e-02 7.397010e-02 5.557760e-02 3.709941e-02 1.856402e-02 -1.283695e-16 -1.856402e-02 -3.709941e-02 -5.557760e-02 -7.397010e-02 -9.224854e-02 -1.103847e-01 -1.283507e-01 -1.461188e-01 -1.636616e-01 -1.809520e-01 -1.979634e-01 -2.146696e-01 -2.310447e-01 -2.470637e-01 -2.627016e-01 -2.779345e-01 -2.927388e-01 -3.070918e-01 -3.209712e-01 -3.343557e-01 -3.472247e-01 -3.595583e-01 -3.713374e-01 -3.825440e-01 -3.931607e-01 -4.031712e-01 -4.125601e-01 -4.213128e-01 -4.294159e-01 -4.368568e-01 -4.436241e-01 -4.497074e-01 -4.550973e-01 -4.597855e-01 -4.637647e-01 -4.670288e-01 -4.695728e-01 -4.713928e-01 -4.724858e-01 -4.728504e-01 
4.421921e-01 4.418512e-01 4.408290e-01 4.391270e-01 4.367480e-01 4.336955e-01 4.299743e-01 4.255901e-01 4.205497e-01 4.148608e-01 4.085322e-01 4.015738e-01 3.939961e-01 3.858109e-01 3.770308e-01 3.676693e-01 3.577409e-01 3.472610e-01 3.362455e-01 3.247116e-01 3.126770e-01 3.001603e-01 2.871808e-01 2.737585e-01 2.599140e-01 2.456688e-01 2.310447e-01 2.160645e-01 2.007510e-01 1.851280e-01 1.692196e-01 1.530502e-01 1.366449e-01 1.200288e-01 1.032277e-01 8.626740e-02 6.917409e-02 5.197411e-02 3.469399e-02 1.736038e-02 -1.075529e-16 -1.736038e-02 -3.469399e-02 -5.197411e-02 -6.917409e-02 -8.626740e-02 -1.032277e-01 -1.200288e-01 -1.366449e-01 -1.530502e-01 -1.692196e-01 -1.851280e-01 -2.007510e-01 -2.160645e-01 -2.310447e-01 -2.456688e-01 -2.599140e-01 -2.737585e-01 -2.871808e-01 -3.001603e-01 -3.126770e-01 -3.247116e-01 -3.362455e-01 -3.472610e-01 -3.577409e-01 -3.676693e-01 -3.770308e-01 -3.858109e-01 -3.939961e-01 -4.015738e-01 -4.085322e-01 -4.148608e-01 -4.205497e-01 -4.255901e-01 -4.299743e-01 -4.336955e-01 -4.367480e-01 -4.391270e-01 -4.408290e-01 -4.418512e-01 -4.421921e-01 
4.108520e-01 4.105353e-01 4.095855e-01 4.080042e-01 4.057937e-01 4.029576e-01 3.995001e-01 3.954267e-01 3.907435e-01 3.854578e-01 3.795778e-01 3.731124e-01 3.660718e-01 3.584667e-01 3.503089e-01 3.416110e-01 3.323863e-01 3.226490e-01 3.124143e-01 3.016979e-01 2.905162e-01 2.788867e-01 2.668270e-01 2.543560e-01 2.414928e-01 2.282571e-01 2.146696e-01 2.007510e-01 1.865229e-01 1.720072e-01 1.572263e-01 1.422029e-01 1.269603e-01 1.115219e-01 9.591150e-02 8.015325e-02 6.427141e-02 4.829048e-02 3.223508e-02 1.612997e-02 3.538836e-16 -1.612997e-02 -3.223508e-02 -4.829048e-02 -6.427141e-02 -8.015325e-02 -9.591150e-02 -1.115219e-01 -1.269603e-01 -1.422029e-01 -1.572263e-01 -1.720072e-01 -1.865229e-01 -2.007510e-01 -2.146696e-01 -2.282571e-01 -2.414928e-01 -2.543560e-01 -2.668270e-01 -2.788867e-01 -2.905162e-01 -3.016979e-01 -3.124143e-01 -3.226490e-01 -3.323863e-01 -3.416110e-01 -3.503089e-01 -3.584667e-01 -3.660718e-01 -3.731124e-01 -3.795778e-01 -3.854578e-01 -3.907435e-01 -3.954267e-01 -3.995001e-01 -4.029576e-01 -4.057937e-01 -4.080042e-01 -4.095855e-01 -4.105353e-01 -4.108520e-01 
3.788784e-01 3.785863e-01 3.777104e-01 3.762522e-01 3.742138e-01 3.715984e-01 3.684100e-01 3.646535e-01 3.603348e-01 3.554604e-01 3.500380e-01 3.440758e-01 3.375831e-01 3.305699e-01 3.230469e-01 3.150259e-01 3.065191e-01 2.975396e-01 2.881014e-01 2.782189e-01 2.679075e-01 2.571829e-01 2.460618e-01 2.345613e-01 2.226991e-01 2.104936e-01 1.979634e-01 1.851280e-01 1.720072e-01 1.586211e-01 1.449905e-01 1.311363e-01 1.170799e-01 1.028429e-01 8.844741e-02 7.391551e-02 5.926964e-02 4.453238e-02 2.972646e-02 1.487470e-02 -1.370432e-16 -1.487470e-02 -2.972646e-02 -4.453238e-02 -5.926964e-02 -7.391551e-02 -8.844741e-02 -1.028429e-01 -1.170799e-01 -1.311363e-01 -1.449905e-01 -1.586211e-01 -1.720072e-01 -1.851280e-01 -1.979634e-01 -2.104936e-01 -2.226991e-01 -2.345613e-01 -2.460618e-01 -2.571829e-01 -2.679075e-01 -2.782189e-01 -2.881014e-01 -2.975396e-01 -3.065191e-01 -3.150259e-01 -3.230469e-01 -3.305699e-01 -3.375831e-01 -3.440758e-01 -3.500380e-01 -3.554604e-01 -3.603348e-01 -3.646535e-01 -3.684100e-01 -3.715984e-01 -3.742138e-01 -3.762522e-01 -3.777104e-01 -3.785863e-01 -3.788784e-01 
3.463206e-01 3.460536e-01 3.452530e-01 3.439201e-01 3.420568e-01 3.396661e-01 3.367517e-01 3.333181e-01 3.293705e-01 3.249150e-01 3.199585e-01 3.145087e-01 3.085739e-01 3.021633e-01 2.952868e-01 2.879550e-01 2.801792e-01 2.719714e-01 2.633442e-01 2.543110e-01 2.448856e-01 2.350827e-01 2.249172e-01 2.144050e-01 2.035621e-01 1.924054e-01 1.809520e-01 1.692196e-01 1.572263e-01 1.449905e-01 1.325312e-01 1.198675e-01 1.070189e-01 9.400542e-02 8.084694e-02 6.756380e-02 5.417648e-02 4.070562e-02 2.717200e-02 1.359648e-02 2.203099e-16 -1.359648e-02 -2.717200e-02 -4.070562e-02 -5.417648e-02 -6.756380e-02 -8.084694e-02 -9.400542e-02 -1.070189e-01 -1.198675e-01 -1.325312e-01 -1.449905e-01 -1.572263e-01 -1.692196e-01 -1.809520e-01 -1.924054e-01 -2.035621e-01 -2.144050e-01 -2.249172e-01 -2.350827e-01 -2.448856e-01 -2.543110e-01 -2.633442e-01 -2.719714e-01 -2.801792e-01 -2.879550e-01 -2.952868e-01 -3.021633e-01 -3.085739e-01 -3.145087e-01 -3.199585e-01 -3.249150e-01 -3.293705e-01 -3.333181e-01 -3.367517e-01 -3.396661e-01 -3.420568e-01 -3.439201e-01 -3.452530e-01 -3.460536e-01 -3.463206e-01 
3.132288e-01 3.129873e-01 3.122632e-01 3.110576e-01 3.093724e-01 3.072102e-01 3.045742e-01 3.014687e-01 2.978983e-01 2.938685e-01 2.893857e-01 2.844566e-01 2.790889e-01 2.732909e-01 2.670714e-01 2.604402e-01 2.534074e-01 2.459839e-01 2.381810e-01 2.300109e-01 2.214862e-01 2.126199e-01 2.034258e-01 1.939180e-01 1.841113e-01 1.740206e-01 1.636616e-01 1.530502e-01 1.422029e-01 1.311363e-01 1.198675e-01 1.084138e-01 9.679302e-02 8.502296e-02 7.312181e-02 6.110790e-02 4.899978e-02 3.681610e-02 2.457565e-02 1.229730e-02 8.153200e-17 -1.229730e-02 -2.457565e-02 -3.681610e-02 -4.899978e-02 -6.110790e-02 -7.312181e-02 -8.502296e-02 -9.679302e-02 -1.084138e-01 -1.198675e-01 -1.311363e-01 -1.422029e-01 -1.530502e-01 -1.636616e-01 -1.740206e-01 -1.841113e-01 -1.939180e-01 -2.034258e-01 -2.126199e-01 -2.214862e-01 -2.300109e-01 -2.381810e-01 -2.459839e-01 -2.534074e-01 -2.604402e-01 -2.670714e-01 -2.732909e-01 -2.790889e-01 -2.844566e-01 -2.893857e-01 -2.938685e-01 -2.978983e-01 -3.014687e-01 -3.045742e-01 -3.072102e-01 -3.093724e-01 -3.110576e-01 -3.122632e-01 -3.129873e-01 -3.132288e-01 
2.796540e-01 2.794384e-01 2.787919e-01 2.777156e-01 2.762110e-01 2.742805e-01 2.719271e-01 2.691544e-01 2.659667e-01 2.623689e-01 2.583666e-01 2.539659e-01 2.491735e-01 2.439970e-01 2.384442e-01 2.325238e-01 2.262448e-01 2.196170e-01 2.126506e-01 2.053562e-01 1.977452e-01 1.898293e-01 1.816207e-01 1.731321e-01 1.643765e-01 1.553674e-01 1.461188e-01 1.366449e-01 1.269603e-01 1.170799e-01 1.070189e-01 9.679302e-02 8.641783e-02 7.590940e-02 6.528393e-02 5.455779e-02 4.374752e-02 3.286980e-02 2.194140e-02 1.097916e-02 2.602085e-17 -1.097916e-02 -2.194140e-02 -3.286980e-02 -4.374752e-02 -5.455779e-02 -6.528393e-02 -7.590940e-02 -8.641783e-02 -9.679302e-02 -1.070189e-01 -1.170799e-01 -1.269603e-01 -1.366449e-01 -1.461188e-01 -1.553674e-01 -1.643765e-01 -1.731321e-01 -1.816207e-01 -1.898293e-01 -1.977452e-01 -2.053562e-01 -2.126506e-01 -2.196170e-01 -2.262448e-01 -2.325238e-01 -2.384442e-01 -2.439970e-01 -2.491735e-01 -2.539659e-01 -2.583666e-01 -2.623689e-01 -2.659667e-01 -2.691544e-01 -2.719271e-01 -2.742805e-01 -2.762110e-01 -2.777156e-01 -2.787919e-01 -2.794384e-01 -2.796540e-01 
2.456480e-01 2.454586e-01 2.448907e-01 2.439453e-01 2.426237e-01 2.409279e-01 2.388607e-01 2.364252e-01 2.336251e-01 2.304648e-01 2.269492e-01 2.230835e-01 2.188740e-01 2.143269e-01 2.094493e-01 2.042488e-01 1.987334e-01 1.929115e-01 1.867922e-01 1.803849e-01 1.736994e-01 1.667460e-01 1.595356e-01 1.520792e-01 1.443883e-01 1.364747e-01 1.283507e-01 1.200288e-01 1.115219e-01 1.028429e-01 9.400542e-02 8.502296e-02 7.590940e-02 6.667880e-02 5.734538e-02 4.792355e-02 3.842781e-02 2.887283e-02 1.927332e-02 9.644095e-03 1.301043e-16 -9.644095e-03 -1.927332e-02 -2.887283e-02 -3.842781e-02 -4.792355e-02 -5.734538e-02 -6.667880e-02 -7.590940e-02 -8.502296e-02 -9.400542e-02 -1.028429e-01 -1.115219e-01 -1.200288e-01 -1.283507e-01 -1.364747e-01 -1.443883e-01 -1.520792e-01 -1.595356e-01 -1.667460e-01 -1.736994e-01 -1.803849e-01 -1.867922e-01 -1.929115e-01 -1.987334e-01 -2.042488e-01 -2.094493e-01 -2.143269e-01 -2.188740e-01 -2.230835e-01 -2.269492e-01 -2.304648e-01 -2.336251e-01 -2.364252e-01 -2.388607e-01 -2.409279e-01 -2.426237e-01 -2.439453e-01 -2.448907e-01 -2.454586e-01 -2.456480e-01 
2.112632e-01 2.111003e-01 2.106120e-01 2.097988e-01 2.086622e-01 2.072039e-01 2.054260e-01 2.033314e-01 2.009233e-01 1.982053e-01 1.951818e-01 1.918573e-01 1.882369e-01 1.843263e-01 1.801315e-01 1.756590e-01 1.709155e-01 1.659086e-01 1.606458e-01 1.551353e-01 1.493857e-01 1.434056e-01 1.372045e-01 1.307918e-01 1.241774e-01 1.173716e-01 1.103847e-01 1.032277e-01 9.591150e-02 8.844741e-02 8.084694e-02 7.312181e-02 6.528393e-02 5.734538e-02 4.931842e-02 4.121541e-02 3.304885e-02 2.483133e-02 1.657552e-02 8.294155e-03 4.423545e-17 -8.294155e-03 -1.657552e-02 -2.483133e-02 -3.304885e-02 -4.121541e-02 -4.931842e-02 -5.734538e-02 -6.528393e-02 -7.312181e-02 -8.084694e-02 -8.844741e-02 -9.591150e-02 -1.032277e-01 -1.103847e-01 -1.173716e-01 -1.241774e-01 -1.307918e-01 -1.372045e-01 -1.434056e-01 -1.493857e-01 -1.551353e-01 -1.606458e-01 -1.659086e-01 -1.709155e-01 -1.756590e-01 -1.801315e-01 -1.843263e-01 -1.882369e-01 -1.918573e-01 -1.951818e-01 -1.982053e-01 -2.009233e-01 -2.033314e-01 -2.054260e-01 -2.072039e-01 -2.086622e-01 -2.097988e-01 -2.106120e-01 -2.111003e-01 -2.112632e-01 
1.765527e-01 1.764166e-01 1.760085e-01 1.753289e-01 1.743790e-01 1.731603e-01 1.716745e-01 1.699241e-01 1.679116e-01 1.656402e-01 1.631134e-01 1.603351e-01 1.573096e-01 1.540415e-01 1.505359e-01 1.467982e-01 1.428341e-01 1.386498e-01 1.342517e-01 1.296466e-01 1.248416e-01 1.198441e-01 1.146618e-01 1.093027e-01 1.037751e-01 9.808743e-02 9.224854e-02 8.626740e-02 8.015325e-02 7.391551e-02 6.756380e-02 6.110790e-02 5.455779e-02 4.792355e-02 4.121541e-02 3.444372e-02 2.761893e-02 2.075155e-02 1.385217e-02 6.931427e-03 7.632783e-17 -6.931427e-03 -1.385217e-02 -2.075155e-02 -2.761893e-02 -3.444372e-02 -4.121541e-02 -4.792355e-02 -5.455779e-02 -6.110790e-02 -6.756380e-02 -7.391551e-02 -8.015325e-02 -8.626740e-02 -9.224854e-02 -9.808743e-02 -1.037751e-01 -1.093027e-01 -1.146618e-01 -1.198441e-01 -1.248416e-01 -1.296466e-01 -1.342517e-01 -1.386498e-01 -1.428341e-01 -1.467982e-01 -1.505359e-01 -1.540415e-01 -1.573096e-01 -1.603351e-01 -1.631134e-01 -1.656402e-01 -1.679116e-01 -1.699241e-01 -1.716745e-01 -1.731603e-01 -1.743790e-01 -1.753289e-01 -1.760085e-01 -1.764166e-01 -1.765527e-01 
