9.053748e-01 9.025837e-01 8.942277e-01 8.803583e-01 8.610610e-01 8.364548e-01 8.066913e-01 7.719540e-01 7.324572e-01 6.884443e-01 6.401867e-01 5.879818e-01 5.321515e-01 4.730401e-01 4.110118e-01 3.464492e-01 2.797502e-01 2.113260e-01 1.415986e-01 7.099760e-02 -4.158926e-05 -7.108105e-02 -1.416828e-01 -2.114117e-01 -2.798377e-01 -3.465391e-01 -4.111045e-01 -4.731360e-01 -5.322510e-01 -5.880851e-01 -6.402939e-01 -6.885557e-01 -7.325726e-01 -7.720734e-01 -8.068143e-01 -8.365811e-01 -8.611903e-01 -8.804900e-01 -8.943611e-01 -9.027182e-01 -9.055096e-01 
9.025837e-01 8.998013e-01 8.914710e-01 8.776444e-01 8.584066e-01 8.338762e-01 8.042044e-01 7.695743e-01 7.301992e-01 6.863220e-01 6.382131e-01 5.861692e-01 5.305110e-01 4.715818e-01 4.097447e-01 3.453811e-01 2.788877e-01 2.106745e-01 1.411620e-01 7.077866e-02 -4.153461e-05 -7.086200e-02 -1.412461e-01 -2.107600e-01 -2.789751e-01 -3.454709e-01 -4.098373e-01 -4.716775e-01 -5.306103e-01 -5.862722e-01 -6.383202e-01 -6.864331e-01 -7.303144e-01 -7.696933e-01 -8.043272e-01 -8.340022e-01 -8.585355e-01 -8.777757e-01 -8.916041e-01 -8.999354e-01 -9.027182e-01 
8.942277e-01 8.914710e-01 8.832179e-01 8.695193e-01 8.504595e-01 8.261562e-01 7.967592e-01 7.624496e-01 7.234391e-01 6.799681e-01 6.323046e-01 5.807424e-01 5.255995e-01 4.672158e-01 4.059512e-01 3.421835e-01 2.763057e-01 2.087240e-01 1.398549e-01 7.012320e-02 -4.137207e-05 -7.020621e-02 -1.399388e-01 -2.088091e-01 -2.763927e-01 -3.422728e-01 -4.060433e-01 -4.673111e-01 -5.256983e-01 -5.808449e-01 -6.324110e-01 -6.800785e-01 -7.235535e-01 -7.625679e-01 -7.968810e-01 -8.262814e-01 -8.505875e-01 -8.696495e-01 -8.833499e-01 -8.916041e-01 -8.943611e-01 
8.803583e-01 8.776444e-01 8.695193e-01 8.560331e-01 8.372690e-01 8.133426e-01 7.844015e-01 7.506240e-01 7.122185e-01 6.694217e-01 6.224975e-01 5.717350e-01 5.174474e-01 4.599692e-01 3.996548e-01 3.368760e-01 2.720200e-01 2.054864e-01 1.376855e-01 6.903525e-02 -4.110582e-05 -6.911772e-02 -1.377688e-01 -2.055710e-01 -2.721063e-01 -3.369647e-01 -3.997461e-01 -4.600636e-01 -5.175452e-01 -5.718365e-01 -6.226028e-01 -6.695310e-01 -7.123317e-01 -7.507409e-01 -7.845219e-01 -8.134662e-01 -8.373953e-01 -8.561617e-01 -8.696495e-01 -8.777757e-01 -8.804900e-01 
8.610610e-01 8.584066e-01 8.504595e-01 8.372690e-01 8.189161e-01 7.955142e-01 7.672075e-01 7.341704e-01 6.966067e-01 6.547480e-01 6.088523e-01 5.592025e-01 5.061048e-01 4.498865e-01 3.908941e-01 3.294914e-01 2.660570e-01 2.009818e-01 1.346670e-01 6.752151e-02 -4.074271e-05 -6.760326e-02 -1.347495e-01 -2.010655e-01 -2.661425e-01 -3.295792e-01 -3.909845e-01 -4.499798e-01 -5.062015e-01 -5.593027e-01 -6.089562e-01 -6.548557e-01 -6.967182e-01 -7.342855e-01 -7.673259e-01 -7.956357e-01 -8.190403e-01 -8.373953e-01 -8.505875e-01 -8.585355e-01 -8.611903e-01 
8.364548e-01 8.338762e-01 8.261562e-01 8.133426e-01 7.955142e-01 7.727810e-01 7.452832e-01 7.131902e-01 6.766999e-01 6.360374e-01 5.914531e-01 5.432222e-01 4.916418e-01 4.370299e-01 3.797233e-01 3.200753e-01 2.584535e-01 1.952378e-01 1.308181e-01 6.559132e-02 -4.029203e-05 -6.567215e-02 -1.308996e-01 -1.953206e-01 -2.585380e-01 -3.201619e-01 -3.798125e-01 -4.371219e-01 -4.917369e-01 -5.433208e-01 -5.915553e-01 -6.361431e-01 -6.768093e-01 -7.133030e-01 -7.453992e-01 -7.729000e-01 -7.956357e-01 -8.134662e-01 -8.262814e-01 -8.340022e-01 -8.365811e-01 
8.066913e-01 8.042044e-01 7.967592e-01 7.844015e-01 7.672075e-01 7.452832e-01 7.187638e-01 6.878127e-01 6.526208e-01 6.134051e-01 5.704073e-01 5.238925e-01 4.741474e-01 4.214787e-01 3.662112e-01 3.086855e-01 2.492563e-01 1.882900e-01 1.261624e-01 6.325656e-02 -3.976527e-05 -6.333633e-02 -1.262429e-01 -1.883717e-01 -2.493396e-01 -3.087708e-01 -3.662989e-01 -4.215692e-01 -4.742409e-01 -5.239892e-01 -5.705074e-01 -6.135086e-01 -6.527278e-01 -6.879229e-01 -7.188770e-01 -7.453992e-01 -7.673259e-01 -7.845219e-01 -7.968810e-01 -8.043272e-01 -8.068143e-01 
7.719540e-01 7.695743e-01 7.624496e-01 7.506240e-01 7.341704e-01 7.131902e-01 6.878127e-01 6.581944e-01 6.245179e-01 5.869908e-01 5.458445e-01 5.013326e-01 4.537295e-01 4.033288e-01 3.504411e-01 2.953925e-01 2.385223e-01 1.801812e-01 1.207288e-01 6.053162e-02 -3.917581e-05 -6.061020e-02 -1.208080e-01 -1.802615e-01 -2.386042e-01 -2.954763e-01 -3.505272e-01 -4.034175e-01 -4.538211e-01 -5.014272e-01 -5.459423e-01 -5.870918e-01 -6.246221e-01 -6.583017e-01 -6.879229e-01 -7.133030e-01 -7.342855e-01 -7.507409e-01 -7.625679e-01 -7.696933e-01 -7.720734e-01 
7.324572e-01 7.301992e-01 7.234391e-01 7.122185e-01 6.966067e-01 6.766999e-01 6.526208e-01 6.245179e-01 5.925644e-01 5.569573e-01 5.179162e-01 4.756816e-01 4.305141e-01 3.826920e-01 3.325102e-01 2.802780e-01 2.263175e-01 1.709612e-01 1.145506e-01 5.743329e-02 -3.853852e-05 -5.751058e-02 -1.146285e-01 -1.710402e-01 -2.263979e-01 -2.803602e-01 -3.325946e-01 -3.827788e-01 -4.306036e-01 -4.757740e-01 -5.180115e-01 -5.570557e-01 -5.926658e-01 -6.246221e-01 -6.527278e-01 -6.768093e-01 -6.967182e-01 -7.123317e-01 -7.235535e-01 -7.303144e-01 -7.325726e-01 
6.884443e-01 6.863220e-01 6.799681e-01 6.694217e-01 6.547480e-01 6.360374e-01 6.134051e-01 5.869908e-01 5.569573e-01 5.234898e-01 4.867945e-01 4.470977e-01 4.046442e-01 3.596956e-01 3.125290e-01 2.634353e-01 2.127171e-01 1.606871e-01 1.076660e-01 5.398066e-02 -3.786936e-05 -5.405660e-02 -1.077425e-01 -1.607646e-01 -2.127960e-01 -2.635159e-01 -3.126116e-01 -3.597804e-01 -4.047315e-01 -4.471877e-01 -4.868873e-01 -5.235854e-01 -5.570557e-01 -5.870918e-01 -6.135086e-01 -6.361431e-01 -6.548557e-01 -6.695310e-01 -6.800785e-01 -6.864331e-01 -6.885557e-01 
6.401867e-01 6.382131e-01 6.323046e-01 6.224975e-01 6.088523e-01 5.914531e-01 5.704073e-01 5.458445e-01 5.179162e-01 4.867945e-01 4.526713e-01 4.157571e-01 3.762793e-01 3.344813e-01 2.906208e-01 2.449683e-01 1.978051e-01 1.494220e-01 1.001173e-01 5.019500e-02 -3.718501e-05 -5.026956e-02 -1.001924e-01 -1.494980e-01 -1.978824e-01 -2.450471e-01 -2.907016e-01 -3.345641e-01 -3.763644e-01 -4.158447e-01 -4.527615e-01 -4.868873e-01 -5.180115e-01 -5.459423e-01 -5.705074e-01 -5.915553e-01 -6.089562e-01 -6.226028e-01 -6.324110e-01 -6.383202e-01 -6.402939e-01 
5.879818e-01 5.861692e-01 5.807424e-01 5.717350e-01 5.592025e-01 5.432222e-01 5.238925e-01 5.013326e-01 4.756816e-01 4.470977e-01 4.157571e-01 3.818529e-01 3.455942e-01 3.072045e-01 2.669206e-01 2.249907e-01 1.816733e-01 1.372355e-01 9.195119e-02 4.609965e-02 -3.650237e-05 -4.617283e-02 -9.202489e-02 -1.373100e-01 -1.817490e-01 -2.250678e-01 -2.669995e-01 -3.072854e-01 -3.456772e-01 -3.819382e-01 -4.158447e-01 -4.471877e-01 -4.757740e-01 -5.014272e-01 -5.239892e-01 -5.433208e-01 -5.593027e-01 -5.718365e-01 -5.808449e-01 -5.862722e-01 -5.880851e-01 
5.321515e-01 5.305110e-01 5.255995e-01 5.174474e-01 5.061048e-01 4.916418e-01 4.741474e-01 4.537295e-01 4.305141e-01 4.046442e-01 3.762793e-01 3.455942e-01 3.127782e-01 2.780336e-01 2.415745e-01 2.036257e-01 1.644211e-01 1.242026e-01 8.321792e-02 4.171983e-02 -3.583820e-05 -4.179167e-02 -8.329024e-02 -1.242757e-01 -1.644953e-01 -2.037012e-01 -2.416516e-01 -2.781125e-01 -3.128591e-01 -3.456772e-01 -3.763644e-01 -4.047315e-01 -4.306036e-01 -4.538211e-01 -4.742409e-01 -4.917369e-01 -5.062015e-01 -5.175452e-01 -5.256983e-01 -5.306103e-01 -5.322510e-01 
4.730401e-01 4.715818e-01 4.672158e-01 4.599692e-01 4.498865e-01 4.370299e-01 4.214787e-01 4.033288e-01 3.826920e-01 3.596956e-01 3.344813e-01 3.072045e-01 2.780336e-01 2.471481e-01 2.147387e-01 1.810050e-01 1.461551e-01 1.104037e-01 7.397132e-02 3.708255e-02 -3.520866e-05 -3.715312e-02 -7.404233e-02 -1.104754e-01 -1.462278e-01 -1.810790e-01 -2.148141e-01 -2.472253e-01 -2.781125e-01 -3.072854e-01 -3.345641e-01 -3.597804e-01 -3.827788e-01 -4.034175e-01 -4.215692e-01 -4.371219e-01 -4.499798e-01 -4.600636e-01 -4.673111e-01 -4.716775e-01 -4.731360e-01 
4.110118e-01 4.097447e-01 4.059512e-01 3.996548e-01 3.908941e-01 3.797233e-01 3.662112e-01 3.504411e-01 3.325102e-01 3.125290e-01 2.906208e-01 2.669206e-01 2.415745e-01 2.147387e-01 1.865787e-01 1.572681e-01 1.269876e-01 9.592387e-02 6.426841e-02 3.221637e-02 -3.462897e-05 -3.228577e-02 -6.433821e-02 -9.599435e-02 -1.270590e-01 -1.573407e-01 -1.866526e-01 -2.148141e-01 -2.416516e-01 -2.669995e-01 -2.907016e-01 -3.126116e-01 -3.325946e-01 -3.505272e-01 -3.662989e-01 -3.798125e-01 -3.909845e-01 -3.997461e-01 -4.060433e-01 -4.098373e-01 -4.111045e-01 
3.464492e-01 3.453811e-01 3.421835e-01 3.368760e-01 3.294914e-01 3.200753e-01 3.086855e-01 2.953925e-01 2.802780e-01 2.634353e-01 2.449683e-01 2.249907e-01 2.036257e-01 1.810050e-01 1.572681e-01 1.325613e-01 1.070370e-01 8.085236e-02 5.416898e-02 2.715130e-02 -3.411304e-05 -2.721965e-02 -5.423772e-02 -8.092173e-02 -1.071072e-01 -1.326326e-01 -1.573407e-01 -1.810790e-01 -2.037012e-01 -2.250678e-01 -2.450471e-01 -2.635159e-01 -2.803602e-01 -2.954763e-01 -3.087708e-01 -3.201619e-01 -3.295792e-01 -3.369647e-01 -3.422728e-01 -3.454709e-01 -3.465391e-01 
2.797502e-01 2.788877e-01 2.763057e-01 2.720200e-01 2.660570e-01 2.584535e-01 2.492563e-01 2.385223e-01 2.263175e-01 2.127171e-01 1.978051e-01 1.816733e-01 1.644211e-01 1.461551e-01 1.269876e-01 1.070370e-01 8.642610e-02 6.528209e-02 4.373530e-02 2.191854e-02 -3.367319e-05 -2.198601e-02 -4.380313e-02 -6.535051e-02 -8.649532e-02 -1.071072e-01 -1.270590e-01 -1.462278e-01 -1.644953e-01 -1.817490e-01 -1.978824e-01 -2.127960e-01 -2.263979e-01 -2.386042e-01 -2.493396e-01 -2.585380e-01 -2.661425e-01 -2.721063e-01 -2.763927e-01 -2.789751e-01 -2.798377e-01 
2.113260e-01 2.106745e-01 2.087240e-01 2.054864e-01 2.009818e-01 1.952378e-01 1.882900e-01 1.801812e-01 1.709612e-01 1.606871e-01 1.494220e-01 1.372355e-01 1.242026e-01 1.104037e-01 9.592387e-02 8.085236e-02 6.528209e-02 4.930904e-02 3.303168e-02 1.655036e-02 -3.331985e-05 -1.661711e-02 -3.309878e-02 -4.937670e-02 -6.535051e-02 -8.092173e-02 -9.599435e-02 -1.104754e-01 -1.242757e-01 -1.373100e-01 -1.494980e-01 -1.607646e-01 -1.710402e-01 -1.802615e-01 -1.883717e-01 -1.953206e-01 -2.010655e-01 -2.055710e-01 -2.088091e-01 -2.107600e-01 -2.114117e-01 
1.415986e-01 1.411620e-01 1.398549e-01 1.376855e-01 1.346670e-01 1.308181e-01 1.261624e-01 1.207288e-01 1.145506e-01 1.076660e-01 1.001173e-01 9.195119e-02 8.321792e-02 7.397132e-02 6.426841e-02 5.416898e-02 4.373530e-02 3.303168e-02 2.212411e-02 1.107984e-02 -3.306136e-05 -1.114607e-02 -2.219067e-02 -3.309878e-02 -4.380313e-02 -5.423772e-02 -6.433821e-02 -7.404233e-02 -8.329024e-02 -9.202489e-02 -1.001924e-01 -1.077425e-01 -1.146285e-01 -1.208080e-01 -1.262429e-01 -1.308996e-01 -1.347495e-01 -1.377688e-01 -1.399388e-01 -1.412461e-01 -1.416828e-01 
7.099760e-02 7.077866e-02 7.012320e-02 6.903525e-02 6.752151e-02 6.559132e-02 6.325656e-02 6.053162e-02 5.743329e-02 5.398066e-02 5.019500e-02 4.609965e-02 4.171983e-02 3.708255e-02 3.221637e-02 2.715130e-02 2.191854e-02 1.655036e-02 1.107984e-02 5.540701e-03 -3.290379e-05 -5.606615e-03 -1.114607e-02 -1.661711e-02 -2.198601e-02 -2.721965e-02 -3.228577e-02 -3.715312e-02 -4.179167e-02 -4.617283e-02 -5.026956e-02 -5.405660e-02 -5.751058e-02 -6.061020e-02 -6.333633e-02 -6.567215e-02 -6.760326e-02 -6.911772e-02 -7.020621e-02 -7.086200e-02 -7.108105e-02 
-4.158926e-05 -4.153461e-05 -4.137207e-05 -4.110582e-05 -4.074271e-05 -4.029203e-05 -3.976527e-05 -3.917581e-05 -3.853852e-05 -3.786936e-05 -3.718501e-05 -3.650237e-05 -3.583820e-05 -3.520866e-05 -3.462897e-05 -3.411304e-05 -3.367319e-05 -3.331985e-05 -3.306136e-05 -3.290379e-05 -3.285086e-05 -3.290379e-05 -3.306136e-05 -3.331985e-05 -3.367319e-05 -3.411304e-05 -3.462897e-05 -3.520866e-05 -3.583820e-05 -3.650237e-05 -3.718501e-05 -3.786936e-05 -3.853852e-05 -3.917581e-05 -3.976527e-05 -4.029203e-05 -4.074271e-05 -4.110582e-05 -4.137207e-05 -4.153461e-05 -4.158926e-05 
-7.108105e-02 -7.086200e-02 -7.020621e-02 -6.911772e-02 -6.760326e-02 -6.567215e-02 -6.333633e-02 -6.061020e-02 -5.751058e-02 -5.405660e-02 -5.026956e-02 -4.617283e-02 -4.179167e-02 -3.715312e-02 -3.228577e-02 -2.721965e-02 -2.198601e-02 -1.661711e-02 -1.114607e-02 -5.606615e-03 -3.290379e-05 5.540701e-03 1.107984e-02 1.655036e-02 2.191854e-02 2.715130e-02 3.221637e-02 3.708255e-02 4.171983e-02 4.609965e-02 5.019500e-02 5.398066e-02 5.743329e-02 6.053162e-02 6.325656e-02 6.559132e-02 6.752151e-02 6.903525e-02 7.012320e-02 7.077866e-02 7.099760e-02 
-1.416828e-01 -1.412461e-01 -1.399388e-01 -1.377688e-01 -1.347495e-01 -1.308996e-01 -1.262429e-01 -1.208080e-01 -1.146285e-01 -1.077425e-01 -1.001924e-01 -9.202489e-02 -8.329024e-02 -7.404233e-02 -6.433821e-02 -5.423772e-02 -4.380313e-02 -3.309878e-02 -2.219067e-02 -1.114607e-02 -3.306136e-05 1.107984e-02 2.212411e-02 3.303168e-02 4.373530e-02 5.416898e-02 6.426841e-02 7.397132e-02 8.321792e-02 9.195119e-02 1.001173e-01 1.076660e-01 1.145506e-01 1.207288e-01 1.261624e-01 1.308181e-01 1.346670e-01 1.376855e-01 1.398549e-01 1.411620e-01 1.415986e-01 
-2.114117e-01 -2.107600e-01 -2.088091e-01 -2.055710e-01 -2.010655e-01 -1.953206e-01 -1.883717e-01 -1.802615e-01 -1.710402e-01 -1.607646e-01 -1.494980e-01 -1.373100e-01 -1.242757e-01 -1.104754e-01 -9.599435e-02 -8.092173e-02 -6.535051e-02 -4.937670e-02 -3.309878e-02 -1.661711e-02 -3.331985e-05 1.655036e-02 3.303168e-02 4.930904e-02 6.528209e-02 8.085236e-02 9.592387e-02 1.104037e-01 1.242026e-01 1.372355e-01 1.494220e-01 1.606871e-01 1.709612e-01 1.801812e-01 1.882900e-01 1.952378e-01 2.009818e-01 2.054864e-01 2.087240e-01 2.106745e-01 2.113260e-01 
-2.798377e-01 -2.789751e-01 -2.763927e-01 -2.721063e-01 -2.661425e-01 -2.585380e-01 -2.493396e-01 -2.386042e-01 -2.263979e-01 -2.127960e-01 -1.978824e-01 -1.817490e-01 -1.644953e-01 -1.462278e-01 -1.270590e-01 -1.071072e-01 -8.649532e-02 -6.535051e-02 -4.380313e-02 -2.198601e-02 -3.367319e-05 2.191854e-02 4.373530e-02 6.528209e-02 8.642610e-02 1.070370e-01 1.269876e-01 1.461551e-01 1.644211e-01 1.816733e-01 1.978051e-01 2.127171e-01 2.263175e-01 2.385223e-01 2.492563e-01 2.584535e-01 2.660570e-01 2.720200e-01 2.763057e-01 2.788877e-01 2.797502e-01 
-3.465391e-01 -3.454709e-01 -3.422728e-01 -3.369647e-01 -3.295792e-01 -3.201619e-01 -3.087708e-01 -2.954763e-01 -2.803602e-01 -2.635159e-01 -2.450471e-01 -2.250678e-01 -2.037012e-01 -1.810790e-01 -1.573407e-01 -1.326326e-01 -1.071072e-01 -8.092173e-02 -5.423772e-02 -2.721965e-02 -3.411304e-05 2.715130e-02 5.416898e-02 8.085236e-02 1.070370e-01 1.325613e-01 1.572681e-01 1.810050e-01 2.036257e-01 2.249907e-01 2.449683e-01 2.634353e-01 2.802780e-01 2.953925e-01 3.086855e-01 3.200753e-01 3.294914e-01 3.368760e-01 3.421835e-01 3.453811e-01 3.464492e-01 
-4.111045e-01 -4.098373e-01 -4.060433e-01 -3.997461e-01 -3.909845e-01 -3.798125e-01 -3.662989e-01 -3.505272e-01 -3.325946e-01 -3.126116e-01 -2.907016e-01 -2.669995e-01 -2.416516e-01 -2.148141e-01 -1.866526e-01 -1.573407e-01 -1.270590e-01 -9.599435e-02 -6.433821e-02 -3.228577e-02 -3.462897e-05 3.221637e-02 6.426841e-02 9.592387e-02 1.269876e-01 1.572681e-01 1.865787e-01 2.147387e-01 2.415745e-01 2.669206e-01 2.906208e-01 3.125290e-01 3.325102e-01 3.504411e-01 3.662112e-01 3.797233e-01 3.908941e-01 3.996548e-01 4.059512e-01 4.097447e-01 4.110118e-01 
-4.731360e-01 -4.716775e-01 -4.673111e-01 -4.600636e-01 -4.499798e-01 -4.371219e-01 -4.215692e-01 -4.034175e-01 -3.827788e-01 -3.597804e-01 -3.345641e-01 -3.072854e-01 -2.781125e-01 -2.472253e-01 -2.148141e-01 -1.810790e-01 -1.462278e-01 -1.104754e-01 -7.404233e-02 -3.715312e-02 -3.520866e-05 3.708255e-02 7.397132e-02 1.104037e-01 1.461551e-01 1.810050e-01 2.147387e-01 2.471481e-01 2.780336e-01 3.072045e-01 3.344813e-01 3.596956e-01 3.826920e-01 4.033288e-01 4.214787e-01 4.370299e-01 4.498865e-01 4.599692e-01 4.672158e-01 4.715818e-01 4.730401e-01 
-5.322510e-01 -5.306103e-01 -5.256983e-01 -5.175452e-01 -5.062015e-01 -4.917369e-01 -4.742409e-01 -4.538211e-01 -4.306036e-01 -4.047315e-01 -3.763644e-01 -3.456772e-01 -3.128591e-01 -2.781125e-01 -2.416516e-01 -2.037012e-01 -1.644953e-01 -1.242757e-01 -8.329024e-02 -4.179167e-02 -3.583820e-05 4.171983e-02 8.321792e-02 1.242026e-01 1.644211e-01 2.036257e-01 2.415745e-01 2.780336e-01 3.127782e-01 3.455942e-01 3.762793e-01 4.046442e-01 4.305141e-01 4.537295e-01 4.741474e-01 4.916418e-01 5.061048e-01 5.174474e-01 5.255995e-01 5.305110e-01 5.321515e-01 
-5.880851e-01 -5.862722e-01 -5.808449e-01 -5.718365e-01 -5.593027e-01 -5.433208e-01 -5.239892e-01 -5.014272e-01 -4.757740e-01 -4.471877e-01 -4.158447e-01 -3.819382e-01 -3.456772e-01 -3.072854e-01 -2.669995e-01 -2.250678e-01 -1.817490e-01 -1.373100e-01 -9.202489e-02 -4.617283e-02 -3.650237e-05 4.609965e-02 9.195119e-02 1.372355e-01 1.816733e-01 2.249907e-01 2.669206e-01 3.072045e-01 3.455942e-01 3.818529e-01 4.157571e-01 4.470977e-01 4.756816e-01 5.013326e-01 5.238925e-01 5.432222e-01 5.592025e-01 5.717350e-01 5.807424e-01 5.861692e-01 5.879818e-01 
-6.402939e-01 -6.383202e-01 -6.324110e-01 -6.226028e-01 -6.089562e-01 -5.915553e-01 -5.705074e-01 -5.459423e-01 -5.180115e-01 -4.868873e-01 -4.527615e-01 -4.158447e-01 -3.763644e-01 -3.345641e-01 -2.907016e-01 -2.450471e-01 -1.978824e-01 -1.494980e-01 -1.001924e-01 -5.026956e-02 -3.718501e-05 5.019500e-02 1.001173e-01 1.494220e-01 1.978051e-01 2.449683e-01 2.906208e-01 3.344813e-01 3.762793e-01 4.157571e-01 4.526713e-01 4.867945e-01 5.179162e-01 5.458445e-01 5.704073e-01 5.914531e-01 6.088523e-01 6.224975e-01 6.323046e-01 6.382131e-01 6.401867e-01 
-6.885557e-01 -6.864331e-01 -6.800785e-01 -6.695310e-01 -6.548557e-01 -6.361431e-01 -6.135086e-01 -5.870918e-01 -5.570557e-01 -5.235854e-01 -4.868873e-01 -4.471877e-01 -4.047315e-01 -3.597804e-01 -3.126116e-01 -2.635159e-01 -2.127960e-01 -1.607646e-01 -1.077425e-01 -5.405660e-02 -3.786936e-05 5.398066e-02 1.076660e-01 1.606871e-01 2.127171e-01 2.634353e-01 3.125290e-01 3.596956e-01 4.046442e-01 4.470977e-01 4.867945e-01 5.234898e-01 5.569573e-01 5.869908e-01 6.134051e-01 6.360374e-01 6.547480e-01 6.694217e-01 6.799681e-01 6.863220e-01 6.884443e-01 
-7.325726e-01 -7.303144e-01 -7.235535e-01 -7.123317e-01 -6.967182e-01 -6.768093e-01 -6.527278e-01 -6.246221e-01 -5.926658e-01 -5.570557e-01 -5.180115e-01 -4.757740e-01 -4.306036e-01 -3.827788e-01 -3.325946e-01 -2.803602e-01 -2.263979e-01 -1.710402e-01 -1.146285e-01 -5.751058e-02 -3.853852e-05 5.743329e-02 1.145506e-01 1.709612e-01 2.263175e-01 2.802780e-01 3.325102e-01 3.826920e-01 4.305141e-01 4.756816e-01 5.179162e-01 5.569573e-01 5.925644e-01 6.245179e-01 6.526208e-01 6.766999e-01 6.966067e-01 7.122185e-01 7.234391e-01 7.301992e-01 7.324572e-01 
-7.720734e-01 -7.696933e-01 -7.625679e-01 -7.507409e-01 -7.342855e-01 -7.133030e-01 -6.879229e-01 -6.583017e-01 -6.246221e-01 -5.870918e-01 -5.459423e-01 -5.014272e-01 -4.538211e-01 -4.034175e-01 -3.505272e-01 -2.954763e-01 -2.386042e-01 -1.802615e-01 -1.208080e-01 -6.061020e-02 -3.917581e-05 6.053162e-02 1.207288e-01 1.801812e-01 2.385223e-01 2.953925e-01 3.504411e-01 4.033288e-01 4.537295e-01 5.013326e-01 5.458445e-01 5.869908e-01 6.245179e-01 6.581944e-01 6.878127e-01 7.131902e-01 7.341704e-01 7.506240e-01 7.624496e-01 7.695743e-01 7.719540e-01 
-8.068143e-01 -8.043272e-01 -7.968810e-01 -7.845219e-01 -7.673259e-01 -7.453992e-01 -7.188770e-01 -6.879229e-01 -6.527278e-01 -6.135086e-01 -5.705074e-01 -5.239892e-01 -4.742409e-01 -4.215692e-01 -3.662989e-01 -3.087708e-01 -2.493396e-01 -1.883717e-01 -1.262429e-01 -6.333633e-02 -3.976527e-05 6.325656e-02 1.261624e-01 1.882900e-01 2.492563e-01 3.086855e-01 3.662112e-01 4.214787e-01 4.741474e-01 5.238925e-01 5.704073e-01 6.134051e-01 6.526208e-01 6.878127e-01 7.187638e-01 7.452832e-01 7.672075e-01 7.844015e-01 7.967592e-01 8.042044e-01 8.066913e-01 
-8.365811e-01 -8.340022e-01 -8.262814e-01 -8.134662e-01 -7.956357e-01 -7.729000e-01 -7.453992e-01 -7.133030e-01 -6.768093e-01 -6.361431e-01 -5.915553e-01 -5.433208e-01 -4.917369e-01 -4.371219e-01 -3.798125e-01 -3.201619e-01 -2.585380e-01 -1.953206e-01 -1.308996e-01 -6.567215e-02 -4.029203e-05 6.559132e-02 1.308181e-01 1.952378e-01 2.584535e-01 3.200753e-01 3.797233e-01 4.370299e-01 4.916418e-01 5.432222e-01 5.914531e-01 6.360374e-01 6.766999e-01 7.131902e-01 7.452832e-01 7.727810e-01 7.955142e-01 8.133426e-01 8.261562e-01 8.338762e-01 8.364548e-01 
-8.611903e-01 -8.585355e-01 -8.505875e-01 -8.373953e-01 -8.190403e-01 -7.956357e-01 -7.673259e-01 -7.342855e-01 -6.967182e-01 -6.548557e-01 -6.089562e-01 -5.593027e-01 -5.062015e-01 -4.499798e-01 -3.909845e-01 -3.295792e-01 -2.661425e-01 -2.010655e-01 -1.347495e-01 -6.760326e-02 -4.074271e-05 6.752151e-02 1.346670e-01 2.009818e-01 2.660570e-01 3.294914e-01 3.908941e-01 4.498865e-01 5.061048e-01 5.592025e-01 6.088523e-01 6.547480e-01 6.966067e-01 7.341704e-01 7.672075e-01 7.955142e-01 8.189161e-01 8.372690e-01 8.504595e-01 8.584066e-01 8.610610e-01 
-8.804900e-01 -8.777757e-01 -8.696495e-01 -8.561617e-01 -8.373953e-01 -8.134662e-01 -7.845219e-01 -7.507409e-01 -7.123317e-01 -6.695310e-01 -6.226028e-01 -5.718365e-01 -5.175452e-01 -4.600636e-01 -3.997461e-01 -3.369647e-01 -2.721063e-01 -2.055710e-01 -1.377688e-01 -6.911772e-02 -4.110582e-05 6.903525e-02 1.376855e-01 2.054864e-01 2.720200e-01 3.368760e-01 3.996548e-01 4.599692e-01 5.174474e-01 5.717350e-01 6.224975e-01 6.694217e-01 7.122185e-01 7.506240e-01 7.844015e-01 8.133426e-01 8.372690e-01 8.560331e-01 8.695193e-01 8.776444e-01 8.803583e-01 
-8.943611e-01 -8.916041e-01 -8.833499e-01 -8.696495e-01 -8.505875e-01 -8.262814e-01 -7.968810e-01 -7.625679e-01 -7.235535e-01 -6.800785e-01 -6.324110e-01 -5.808449e-01 -5.256983e-01 -4.673111e-01 -4.060433e-01 -3.422728e-01 -2.763927e-01 -2.088091e-01 -1.399388e-01 -7.020621e-02 -4.137207e-05 7.012320e-02 1.398549e-01 2.087240e-01 2.763057e-01 3.421835e-01 4.059512e-01 4.672158e-01 5.255995e-01 5.807424e-01 6.323046e-01 6.799681e-01 7.234391e-01 7.624496e-01 7.967592e-01 8.261562e-01 8.504595e-01 8.695193e-01 8.832179e-01 8.914710e-01 8.942277e-01 
-9.027182e-01 -8.999354e-01 -8.916041e-01 -8.777757e-01 -8.585355e-01 -8.340022e-01 -8.043272e-01 -7.696933e-01 -7.303144e-01 -6.864331e-01 -6.383202e-01 -5.862722e-01 -5.306103e-01 -4.716775e-01 -4.098373e-01 -3.454709e-01 -2.789751e-01 -2.107600e-01 -1.412461e-01 -7.086200e-02 -4.153461e-05 7.077866e-02 1.411620e-01 2.106745e-01 2.788877e-01 3.453811e-01 4.097447e-01 4.715818e-01 5.305110e-01 5.861692e-01 6.382131e-01 6.863220e-01 7.301992e-01 7.695743e-01 8.042044e-01 8.338762e-01 8.584066e-01 8.776444e-01 8.914710e-01 8.998013e-01 9.025837e-01 
-9.055096e-01 -9.027182e-01 -8.943611e-01 -8.804900e-01 -8.611903e-01 -8.365811e-01 -8.068143e-01 -7.720734e-01 -7.325726e-01 -6.885557e-01 -6.402939e-01 -5.880851e-01 -5.322510e-01 -4.731360e-01 -4.111045e-01 -3.465391e-01 -2.798377e-01 -2.114117e-01 -1.416828e-01 -7.108105e-02 -4.158926e-05 7.099760e-02 1.415986e-01 2.113260e-01 2.797502e-01 3.464492e-01 4.110118e-01 4.730401e-01 5.321515e-01 5.879818e-01 6.401867e-01 6.884443e-01 7.324572e-01 7.719540e-01 8.066913e-01 8.364548e-01 8.610610e-01 8.803583e-01 8.942277e-01 9.025837e-01 9.053748e-01 
