9.071185e-01 8.959504e-01 8.627209e-01 8.082485e-01 7.338743e-01 6.414296e-01 5.331909e-01 4.118232e-01 2.803150e-01 1.419046e-01 -6.938894e-17 -1.419046e-01 -2.803150e-01 -4.118232e-01 -5.331909e-01 -6.414296e-01 -7.338743e-01 -8.082485e-01 -8.627209e-01 -8.959504e-01 -9.071185e-01 
8.959504e-01 8.849197e-01 8.520994e-01 7.982976e-01 7.248391e-01 6.335326e-01 5.266264e-01 4.067529e-01 2.768639e-01 1.401575e-01 2.220446e-16 -1.401575e-01 -2.768639e-01 -4.067529e-01 -5.266264e-01 -6.335326e-01 -7.248391e-01 -7.982976e-01 -8.520994e-01 -8.849197e-01 -8.959504e-01 
8.627209e-01 8.520994e-01 8.204964e-01 7.686900e-01 6.979559e-01 6.100358e-01 5.070946e-01 3.916671e-01 2.665954e-01 1.349593e-01 8.326673e-17 -1.349593e-01 -2.665954e-01 -3.916671e-01 -5.070946e-01 -6.100358e-01 -6.979559e-01 -7.686900e-01 -8.204964e-01 -8.520994e-01 -8.627209e-01 
8.082485e-01 7.982976e-01 7.686900e-01 7.201547e-01 6.538868e-01 5.715180e-01 4.750765e-01 3.669371e-01 2.497625e-01 1.264379e-01 1.526557e-16 -1.264379e-01 -2.497625e-01 -3.669371e-01 -4.750765e-01 -5.715180e-01 -6.538868e-01 -7.201547e-01 -7.686900e-01 -7.982976e-01 -8.082485e-01 
7.338743e-01 7.248391e-01 6.979559e-01 6.538868e-01 5.937168e-01 5.189275e-01 4.313605e-01 3.331719e-01 2.267796e-01 1.148032e-01 9.714451e-17 -1.148032e-01 -2.267796e-01 -3.331719e-01 -4.313605e-01 -5.189275e-01 -5.937168e-01 -6.538868e-01 -6.979559e-01 -7.248391e-01 -7.338743e-01 
6.414296e-01 6.335326e-01 6.100358e-01 5.715180e-01 5.189275e-01 4.535592e-01 3.770229e-01 2.912030e-01 1.982127e-01 1.003417e-01 1.387779e-17 -1.003417e-01 -1.982127e-01 -2.912030e-01 -3.770229e-01 -4.535592e-01 -5.189275e-01 -5.715180e-01 -6.100358e-01 -6.335326e-01 -6.414296e-01 
5.331909e-01 5.266264e-01 5.070946e-01 4.750765e-01 4.313605e-01 3.770229e-01 3.134017e-01 2.420636e-01 1.647650e-01 8.340943e-02 1.873501e-16 -8.340943e-02 -1.647650e-01 -2.420636e-01 -3.134017e-01 -3.770229e-01 -4.313605e-01 -4.750765e-01 -5.070946e-01 -5.266264e-01 -5.331909e-01 
4.118232e-01 4.067529e-01 3.916671e-01 3.669371e-01 3.331719e-01 2.912030e-01 2.420636e-01 1.869638e-01 1.272604e-01 6.442334e-02 -6.245005e-17 -6.442334e-02 -1.272604e-01 -1.869638e-01 -2.420636e-01 -2.912030e-01 -3.331719e-01 -3.669371e-01 -3.916671e-01 -4.067529e-01 -4.118232e-01 
2.803150e-01 2.768639e-01 2.665954e-01 2.497625e-01 2.267796e-01 1.982127e-01 1.647650e-01 1.272604e-01 8.662211e-02 4.385093e-02 3.816392e-17 -4.385093e-02 -8.662211e-02 -1.272604e-01 -1.647650e-01 -1.982127e-01 -2.267796e-01 -2.497625e-01 -2.665954e-01 -2.768639e-01 -2.803150e-01 
1.419046e-01 1.401575e-01 1.349593e-01 1.264379e-01 1.148032e-01 1.003417e-01 8.340943e-02 6.442334e-02 4.385093e-02 2.219877e-02 2.775558e-17 -2.219877e-02 -4.385093e-02 -6.442334e-02 -8.340943e-02 -1.003417e-01 -1.148032e-01 -1.264379e-01 -1.349593e-01 -1.401575e-01 -1.419046e-01 
5.144959e-19 1.634489e-17 2.700083e-17 2.757036e-17 1.592381e-17 2.011231e-17 2.735224e-17 2.092387e-17 2.255182e-18 -5.173545e-18 -9.355887e-18 -1.751540e-17 -3.172505e-17 -4.126803e-17 -4.365036e-17 -4.048572e-17 -3.809157e-17 -3.269184e-17 -5.571687e-17 -6.746515e-17 -6.631097e-17 
-1.419046e-01 -1.401575e-01 -1.349593e-01 -1.264379e-01 -1.148032e-01 -1.003417e-01 -8.340943e-02 -6.442334e-02 -4.385093e-02 -2.219877e-02 -6.245005e-17 2.219877e-02 4.385093e-02 6.442334e-02 8.340943e-02 1.003417e-01 1.148032e-01 1.264379e-01 1.349593e-01 1.401575e-01 1.419046e-01 
-2.803150e-01 -2.768639e-01 -2.665954e-01 -2.497625e-01 -2.267796e-01 -1.982127e-01 -1.647650e-01 -1.272604e-01 -8.662211e-02 -4.385093e-02 -1.734723e-17 4.385093e-02 8.662211e-02 1.272604e-01 1.647650e-01 1.982127e-01 2.267796e-01 2.497625e-01 2.665954e-01 2.768639e-01 2.803150e-01 
-4.118232e-01 -4.067529e-01 -3.916671e-01 -3.669371e-01 -3.331719e-01 -2.912030e-01 -2.420636e-01 -1.869638e-01 -1.272604e-01 -6.442334e-02 -6.245005e-17 6.442334e-02 1.272604e-01 1.869638e-01 2.420636e-01 2.912030e-01 3.331719e-01 3.669371e-01 3.916671e-01 4.067529e-01 4.118232e-01 
-5.331909e-01 -5.266264e-01 -5.070946e-01 -4.750765e-01 -4.313605e-01 -3.770229e-01 -3.134017e-01 -2.420636e-01 -1.647650e-01 -8.340943e-02 -1.040834e-16 8.340943e-02 1.647650e-01 2.420636e-01 3.134017e-01 3.770229e-01 4.313605e-01 4.750765e-01 5.070946e-01 5.266264e-01 5.331909e-01 
-6.414296e-01 -6.335326e-01 -6.100358e-01 -5.715180e-01 -5.189275e-01 -4.535592e-01 -3.770229e-01 -2.912030e-01 -1.982127e-01 -1.003417e-01 0.000000e+00 1.003417e-01 1.982127e-01 2.912030e-01 3.770229e-01 4.535592e-01 5.189275e-01 5.715180e-01 6.100358e-01 6.335326e-01 6.414296e-01 
-7.338743e-01 -7.248391e-01 -6.979559e-01 -6.538868e-01 -5.937168e-01 -5.189275e-01 -4.313605e-01 -3.331719e-01 -2.267796e-01 -1.148032e-01 -3.330669e-16 1.148032e-01 2.267796e-01 3.331719e-01 4.313605e-01 5.189275e-01 5.937168e-01 6.538868e-01 6.979559e-01 7.248391e-01 7.338743e-01 
-8.082485e-01 -7.982976e-01 -7.686900e-01 -7.201547e-01 -6.538868e-01 -5.715180e-01 -4.750765e-01 -3.669371e-01 -2.497625e-01 -1.264379e-01 1.387779e-16 1.264379e-01 2.497625e-01 3.669371e-01 4.750765e-01 5.715180e-01 6.538868e-01 7.201547e-01 7.686900e-01 7.982976e-01 8.082485e-01 
-8.627209e-01 -8.520994e-01 -8.204964e-01 -7.686900e-01 -6.979559e-01 -6.100358e-01 -5.070946e-01 -3.916671e-01 -2.665954e-01 -1.349593e-01 -4.996004e-16 1.349593e-01 2.665954e-01 3.916671e-01 5.070946e-01 6.100358e-01 6.979559e-01 7.686900e-01 8.204964e-01 8.520994e-01 8.627209e-01 
-8.959504e-01 -8.849197e-01 -8.520994e-01 -7.982976e-01 -7.248391e-01 -6.335326e-01 -5.266264e-01 -4.067529e-01 -2.768639e-01 -1.401575e-01 1.942890e-16 1.401575e-01 2.768639e-01 4.067529e-01 5.266264e-01 6.335326e-01 7.248391e-01 7.982976e-01 8.520994e-01 8.849197e-01 8.959504e-01 
-9.071185e-01 -8.959504e-01 -8.627209e-01 -8.082485e-01 -7.338743e-01 -6.414296e-01 -5.331909e-01 -4.118232e-01 -2.803150e-01 -1.419046e-01 -4.163336e-16 1.419046e-01 2.803150e-01 4.118232e-01 5.331909e-01 6.414296e-01 7.338743e-01 8.082485e-01 8.627209e-01 8.959504e-01 9.071185e-01 
