9.049282e-01 9.044817e-01 9.031425e-01 9.009121e-01 8.977926e-01 8.937870e-01 8.888994e-01 8.831346e-01 8.764982e-01 8.689968e-01 8.606379e-01 8.514296e-01 8.413810e-01 8.305021e-01 8.188035e-01 8.062969e-01 7.929946e-01 7.789097e-01 7.640562e-01 7.484485e-01 7.321023e-01 7.150336e-01 6.972592e-01 6.787967e-01 6.596643e-01 6.398809e-01 6.194660e-01 5.984398e-01 5.768230e-01 5.546369e-01 5.319035e-01 5.086451e-01 4.848848e-01 4.606459e-01 4.359525e-01 4.108288e-01 3.852997e-01 3.593903e-01 3.331263e-01 3.065335e-01 2.796382e-01 2.524669e-01 2.250465e-01 1.974040e-01 1.695666e-01 1.415620e-01 1.134176e-01 8.516127e-02 5.682091e-02 2.842448e-02 -7.736867e-16 -2.842448e-02 -5.682091e-02 -8.516127e-02 -1.134176e-01 -1.415620e-01 -1.695666e-01 -1.974040e-01 -2.250465e-01 -2.524669e-01 -2.796382e-01 -3.065335e-01 -3.331263e-01 -3.593903e-01 -3.852997e-01 -4.108288e-01 -4.359525e-01 -4.606459e-01 -4.848848e-01 -5.086451e-01 -5.319035e-01 -5.546369e-01 -5.768230e-01 -5.984398e-01 -6.194660e-01 -6.398809e-01 -6.596643e-01 -6.787967e-01 -6.972592e-01 -7.150336e-01 -7.321023e-01 -7.484485e-01 -7.640562e-01 -7.789097e-01 -7.929946e-01 -8.062969e-01 -8.188035e-01 -8.305021e-01 -8.413810e-01 -8.514296e-01 -8.606379e-01 -8.689968e-01 -8.764982e-01 -8.831346e-01 -8.888994e-01 -8.937870e-01 -8.977926e-01 -9.009121e-01 -9.031425e-01 -9.044817e-01 -9.049282e-01 
9.044817e-01 9.040354e-01 9.026969e-01 9.004676e-01 8.973496e-01 8.933460e-01 8.884608e-01 8.826988e-01 8.760657e-01 8.685680e-01 8.602132e-01 8.510094e-01 8.409658e-01 8.300922e-01 8.183995e-01 8.058991e-01 7.926033e-01 7.785254e-01 7.636791e-01 7.480792e-01 7.317411e-01 7.146807e-01 6.969151e-01 6.784617e-01 6.593388e-01 6.395651e-01 6.191603e-01 5.981445e-01 5.765383e-01 5.543632e-01 5.316410e-01 5.083941e-01 4.846455e-01 4.604186e-01 4.357374e-01 4.106261e-01 3.851096e-01 3.592130e-01 3.329619e-01 3.063822e-01 2.795002e-01 2.523423e-01 2.249354e-01 1.973066e-01 1.694830e-01 1.414921e-01 1.133616e-01 8.511925e-02 5.679287e-02 2.841046e-02 -2.550044e-15 -2.841046e-02 -5.679287e-02 -8.511925e-02 -1.133616e-01 -1.414921e-01 -1.694830e-01 -1.973066e-01 -2.249354e-01 -2.523423e-01 -2.795002e-01 -3.063822e-01 -3.329619e-01 -3.592130e-01 -3.851096e-01 -4.106261e-01 -4.357374e-01 -4.604186e-01 -4.846455e-01 -5.083941e-01 -5.316410e-01 -5.543632e-01 -5.765383e-01 -5.981445e-01 -6.191603e-01 -6.395651e-01 -6.593388e-01 -6.784617e-01 -6.969151e-01 -7.146807e-01 -7.317411e-01 -7.480792e-01 -7.636791e-01 -7.785254e-01 -7.926033e-01 -8.058991e-01 -8.183995e-01 -8.300922e-01 -8.409658e-01 -8.510094e-01 -8.602132e-01 -8.685680e-01 -8.760657e-01 -8.826988e-01 -8.884608e-01 -8.933460e-01 -8.973496e-01 -9.004676e-01 -9.026969e-01 -9.040354e-01 -9.044817e-01 
9.031425e-01 9.026969e-01 9.013604e-01 8.991344e-01 8.960210e-01 8.920234e-01 8.871454e-01 8.813919e-01 8.747687e-01 8.672821e-01 8.589396e-01 8.497494e-01 8.397207e-01 8.288632e-01 8.171878e-01 8.047059e-01 7.914298e-01 7.773727e-01 7.625485e-01 7.469717e-01 7.306577e-01 7.136226e-01 6.958833e-01 6.774572e-01 6.583626e-01 6.386182e-01 6.182436e-01 5.972589e-01 5.756847e-01 5.535424e-01 5.308539e-01 5.076414e-01 4.839280e-01 4.597370e-01 4.350922e-01 4.100181e-01 3.845394e-01 3.586812e-01 3.324689e-01 3.059286e-01 2.790864e-01 2.519687e-01 2.246024e-01 1.970144e-01 1.692320e-01 1.412826e-01 1.131938e-01 8.499322e-02 5.670879e-02 2.836839e-02 -6.002143e-16 -2.836839e-02 -5.670879e-02 -8.499322e-02 -1.131938e-01 -1.412826e-01 -1.692320e-01 -1.970144e-01 -2.246024e-01 -2.519687e-01 -2.790864e-01 -3.059286e-01 -3.324689e-01 -3.586812e-01 -3.845394e-01 -4.100181e-01 -4.350922e-01 -4.597370e-01 -4.839280e-01 -5.076414e-01 -5.308539e-01 -5.535424e-01 -5.756847e-01 -5.972589e-01 -6.182436e-01 -6.386182e-01 -6.583626e-01 -6.774572e-01 -6.958833e-01 -7.136226e-01 -7.306577e-01 -7.469717e-01 -7.625485e-01 -7.773727e-01 -7.914298e-01 -8.047059e-01 -8.171878e-01 -8.288632e-01 -8.397207e-01 -8.497494e-01 -8.589396e-01 -8.672821e-01 -8.747687e-01 -8.813919e-01 -8.871454e-01 -8.920234e-01 -8.960210e-01 -8.991344e-01 -9.013604e-01 -9.026969e-01 -9.031425e-01 
9.009121e-01 9.004676e-01 8.991344e-01 8.969138e-01 8.938081e-01 8.898204e-01 8.849545e-01 8.792152e-01 8.726083e-01 8.651402e-01 8.568183e-01 8.476509e-01 8.376469e-01 8.268163e-01 8.151696e-01 8.027186e-01 7.894753e-01 7.754529e-01 7.606653e-01 7.451269e-01 7.288532e-01 7.118602e-01 6.941647e-01 6.757841e-01 6.567367e-01 6.370411e-01 6.167168e-01 5.957839e-01 5.742630e-01 5.521754e-01 5.295428e-01 5.063877e-01 4.827328e-01 4.586016e-01 4.340177e-01 4.090055e-01 3.835897e-01 3.577953e-01 3.316479e-01 3.051731e-01 2.783972e-01 2.513465e-01 2.240477e-01 1.965279e-01 1.688141e-01 1.409337e-01 1.129142e-01 8.478332e-02 5.656874e-02 2.829833e-02 -1.682682e-15 -2.829833e-02 -5.656874e-02 -8.478332e-02 -1.129142e-01 -1.409337e-01 -1.688141e-01 -1.965279e-01 -2.240477e-01 -2.513465e-01 -2.783972e-01 -3.051731e-01 -3.316479e-01 -3.577953e-01 -3.835897e-01 -4.090055e-01 -4.340177e-01 -4.586016e-01 -4.827328e-01 -5.063877e-01 -5.295428e-01 -5.521754e-01 -5.742630e-01 -5.957839e-01 -6.167168e-01 -6.370411e-01 -6.567367e-01 -6.757841e-01 -6.941647e-01 -7.118602e-01 -7.288532e-01 -7.451269e-01 -7.606653e-01 -7.754529e-01 -7.894753e-01 -8.027186e-01 -8.151696e-01 -8.268163e-01 -8.376469e-01 -8.476509e-01 -8.568183e-01 -8.651402e-01 -8.726083e-01 -8.792152e-01 -8.849545e-01 -8.898204e-01 -8.938081e-01 -8.969138e-01 -8.991344e-01 -9.004676e-01 -9.009121e-01 
8.977926e-01 8.973496e-01 8.960210e-01 8.938081e-01 8.907132e-01 8.867393e-01 8.818902e-01 8.761708e-01 8.695868e-01 8.621445e-01 8.538515e-01 8.447158e-01 8.347464e-01 8.239533e-01 8.123470e-01 7.999390e-01 7.867416e-01 7.727678e-01 7.580313e-01 7.425468e-01 7.263295e-01 7.093953e-01 6.917611e-01 6.734442e-01 6.544626e-01 6.348352e-01 6.145813e-01 5.937209e-01 5.722745e-01 5.502634e-01 5.277092e-01 5.046343e-01 4.810613e-01 4.570136e-01 4.325149e-01 4.075893e-01 3.822615e-01 3.565564e-01 3.304995e-01 3.041164e-01 2.774332e-01 2.504761e-01 2.232719e-01 1.958474e-01 1.682296e-01 1.404457e-01 1.125232e-01 8.448975e-02 5.637286e-02 2.820035e-02 -1.970646e-15 -2.820035e-02 -5.637286e-02 -8.448975e-02 -1.125232e-01 -1.404457e-01 -1.682296e-01 -1.958474e-01 -2.232719e-01 -2.504761e-01 -2.774332e-01 -3.041164e-01 -3.304995e-01 -3.565564e-01 -3.822615e-01 -4.075893e-01 -4.325149e-01 -4.570136e-01 -4.810613e-01 -5.046343e-01 -5.277092e-01 -5.502634e-01 -5.722745e-01 -5.937209e-01 -6.145813e-01 -6.348352e-01 -6.544626e-01 -6.734442e-01 -6.917611e-01 -7.093953e-01 -7.263295e-01 -7.425468e-01 -7.580313e-01 -7.727678e-01 -7.867416e-01 -7.999390e-01 -8.123470e-01 -8.239533e-01 -8.347464e-01 -8.447158e-01 -8.538515e-01 -8.621445e-01 -8.695868e-01 -8.761708e-01 -8.818902e-01 -8.867393e-01 -8.907132e-01 -8.938081e-01 -8.960210e-01 -8.973496e-01 -8.977926e-01 
8.937870e-01 8.933460e-01 8.920234e-01 8.898204e-01 8.867393e-01 8.827830e-01 8.779556e-01 8.722618e-01 8.657071e-01 8.582981e-01 8.500420e-01 8.409470e-01 8.310222e-01 8.202772e-01 8.087227e-01 7.963701e-01 7.832316e-01 7.693201e-01 7.546494e-01 7.392339e-01 7.230889e-01 7.062303e-01 6.886748e-01 6.704396e-01 6.515427e-01 6.320029e-01 6.118393e-01 5.910720e-01 5.697213e-01 5.478084e-01 5.253548e-01 5.023828e-01 4.789150e-01 4.549746e-01 4.305852e-01 4.057708e-01 3.805560e-01 3.549656e-01 3.290250e-01 3.027596e-01 2.761954e-01 2.493586e-01 2.222758e-01 1.949736e-01 1.674790e-01 1.398191e-01 1.120212e-01 8.411279e-02 5.612135e-02 2.807453e-02 -1.637579e-15 -2.807453e-02 -5.612135e-02 -8.411279e-02 -1.120212e-01 -1.398191e-01 -1.674790e-01 -1.949736e-01 -2.222758e-01 -2.493586e-01 -2.761954e-01 -3.027596e-01 -3.290250e-01 -3.549656e-01 -3.805560e-01 -4.057708e-01 -4.305852e-01 -4.549746e-01 -4.789150e-01 -5.023828e-01 -5.253548e-01 -5.478084e-01 -5.697213e-01 -5.910720e-01 -6.118393e-01 -6.320029e-01 -6.515427e-01 -6.704396e-01 -6.886748e-01 -7.062303e-01 -7.230889e-01 -7.392339e-01 -7.546494e-01 -7.693201e-01 -7.832316e-01 -7.963701e-01 -8.087227e-01 -8.202772e-01 -8.310222e-01 -8.409470e-01 -8.500420e-01 -8.582981e-01 -8.657071e-01 -8.722618e-01 -8.779556e-01 -8.827830e-01 -8.867393e-01 -8.898204e-01 -8.920234e-01 -8.933460e-01 -8.937870e-01 
8.888994e-01 8.884608e-01 8.871454e-01 8.849545e-01 8.818902e-01 8.779556e-01 8.731546e-01 8.674919e-01 8.609730e-01 8.536045e-01 8.453936e-01 8.363484e-01 8.264778e-01 8.157916e-01 8.043003e-01 7.920152e-01 7.789485e-01 7.651131e-01 7.505226e-01 7.351915e-01 7.191348e-01 7.023684e-01 6.849088e-01 6.667733e-01 6.479798e-01 6.285468e-01 6.084935e-01 5.878397e-01 5.666058e-01 5.448127e-01 5.224820e-01 4.996356e-01 4.762961e-01 4.524866e-01 4.282306e-01 4.035519e-01 3.784750e-01 3.530245e-01 3.272257e-01 3.011039e-01 2.746850e-01 2.479950e-01 2.210603e-01 1.939074e-01 1.665631e-01 1.390545e-01 1.114086e-01 8.365283e-02 5.581446e-02 2.792101e-02 -1.415534e-15 -2.792101e-02 -5.581446e-02 -8.365283e-02 -1.114086e-01 -1.390545e-01 -1.665631e-01 -1.939074e-01 -2.210603e-01 -2.479950e-01 -2.746850e-01 -3.011039e-01 -3.272257e-01 -3.530245e-01 -3.784750e-01 -4.035519e-01 -4.282306e-01 -4.524866e-01 -4.762961e-01 -4.996356e-01 -5.224820e-01 -5.448127e-01 -5.666058e-01 -5.878397e-01 -6.084935e-01 -6.285468e-01 -6.479798e-01 -6.667733e-01 -6.849088e-01 -7.023684e-01 -7.191348e-01 -7.351915e-01 -7.505226e-01 -7.651131e-01 -7.789485e-01 -7.920152e-01 -8.043003e-01 -8.157916e-01 -8.264778e-01 -8.363484e-01 -8.453936e-01 -8.536045e-01 -8.609730e-01 -8.674919e-01 -8.731546e-01 -8.779556e-01 -8.818902e-01 -8.849545e-01 -8.871454e-01 -8.884608e-01 -8.888994e-01 
8.831346e-01 8.826988e-01 8.813919e-01 8.792152e-01 8.761708e-01 8.722618e-01 8.674919e-01 8.618659e-01 8.553893e-01 8.480686e-01 8.399109e-01 8.309244e-01 8.211178e-01 8.105009e-01 7.990841e-01 7.868787e-01 7.738968e-01 7.601511e-01 7.456552e-01 7.304235e-01 7.144709e-01 6.978132e-01 6.804669e-01 6.624490e-01 6.437774e-01 6.244705e-01 6.045472e-01 5.840274e-01 5.629312e-01 5.412794e-01 5.190935e-01 4.963953e-01 4.732072e-01 4.495521e-01 4.254533e-01 4.009347e-01 3.760204e-01 3.507350e-01 3.251035e-01 2.991512e-01 2.729036e-01 2.463867e-01 2.196266e-01 1.926498e-01 1.654829e-01 1.381527e-01 1.106861e-01 8.311031e-02 5.545248e-02 2.773993e-02 -2.223915e-15 -2.773993e-02 -5.545248e-02 -8.311031e-02 -1.106861e-01 -1.381527e-01 -1.654829e-01 -1.926498e-01 -2.196266e-01 -2.463867e-01 -2.729036e-01 -2.991512e-01 -3.251035e-01 -3.507350e-01 -3.760204e-01 -4.009347e-01 -4.254533e-01 -4.495521e-01 -4.732072e-01 -4.963953e-01 -5.190935e-01 -5.412794e-01 -5.629312e-01 -5.840274e-01 -6.045472e-01 -6.244705e-01 -6.437774e-01 -6.624490e-01 -6.804669e-01 -6.978132e-01 -7.144709e-01 -7.304235e-01 -7.456552e-01 -7.601511e-01 -7.738968e-01 -7.868787e-01 -7.990841e-01 -8.105009e-01 -8.211178e-01 -8.309244e-01 -8.399109e-01 -8.480686e-01 -8.553893e-01 -8.618659e-01 -8.674919e-01 -8.722618e-01 -8.761708e-01 -8.792152e-01 -8.813919e-01 -8.826988e-01 -8.831346e-01 
8.764982e-01 8.760657e-01 8.747687e-01 8.726083e-01 8.695868e-01 8.657071e-01 8.609730e-01 8.553893e-01 8.489614e-01 8.416957e-01 8.335993e-01 8.246803e-01 8.149474e-01 8.044103e-01 7.930793e-01 7.809656e-01 7.680813e-01 7.544389e-01 7.400519e-01 7.249347e-01 7.091020e-01 6.925695e-01 6.753535e-01 6.574710e-01 6.389397e-01 6.197778e-01 6.000043e-01 5.796387e-01 5.587010e-01 5.372119e-01 5.151927e-01 4.926651e-01 4.696512e-01 4.461739e-01 4.222562e-01 3.979219e-01 3.731948e-01 3.480994e-01 3.226605e-01 2.969032e-01 2.708528e-01 2.445352e-01 2.179762e-01 1.912022e-01 1.642394e-01 1.371145e-01 1.098544e-01 8.248577e-02 5.503578e-02 2.753147e-02 -2.463307e-16 -2.753147e-02 -5.503578e-02 -8.248577e-02 -1.098544e-01 -1.371145e-01 -1.642394e-01 -1.912022e-01 -2.179762e-01 -2.445352e-01 -2.708528e-01 -2.969032e-01 -3.226605e-01 -3.480994e-01 -3.731948e-01 -3.979219e-01 -4.222562e-01 -4.461739e-01 -4.696512e-01 -4.926651e-01 -5.151927e-01 -5.372119e-01 -5.587010e-01 -5.796387e-01 -6.000043e-01 -6.197778e-01 -6.389397e-01 -6.574710e-01 -6.753535e-01 -6.925695e-01 -7.091020e-01 -7.249347e-01 -7.400519e-01 -7.544389e-01 -7.680813e-01 -7.809656e-01 -7.930793e-01 -8.044103e-01 -8.149474e-01 -8.246803e-01 -8.335993e-01 -8.416957e-01 -8.489614e-01 -8.553893e-01 -8.609730e-01 -8.657071e-01 -8.695868e-01 -8.726083e-01 -8.747687e-01 -8.760657e-01 -8.764982e-01 
8.689968e-01 8.685680e-01 8.672821e-01 8.651402e-01 8.621445e-01 8.582981e-01 8.536045e-01 8.480686e-01 8.416957e-01 8.344922e-01 8.264651e-01 8.176224e-01 8.079728e-01 7.975259e-01 7.862919e-01 7.742819e-01 7.615077e-01 7.479821e-01 7.337183e-01 7.187304e-01 7.030332e-01 6.866422e-01 6.695736e-01 6.518442e-01 6.334714e-01 6.144736e-01 5.948693e-01 5.746779e-01 5.539194e-01 5.326143e-01 5.107835e-01 4.884487e-01 4.656318e-01 4.423554e-01 4.186424e-01 3.945163e-01 3.700009e-01 3.451203e-01 3.198991e-01 2.943622e-01 2.685348e-01 2.424424e-01 2.161107e-01 1.895658e-01 1.628338e-01 1.359411e-01 1.089142e-01 8.177983e-02 5.456476e-02 2.729585e-02 -1.904726e-15 -2.729585e-02 -5.456476e-02 -8.177983e-02 -1.089142e-01 -1.359411e-01 -1.628338e-01 -1.895658e-01 -2.161107e-01 -2.424424e-01 -2.685348e-01 -2.943622e-01 -3.198991e-01 -3.451203e-01 -3.700009e-01 -3.945163e-01 -4.186424e-01 -4.423554e-01 -4.656318e-01 -4.884487e-01 -5.107835e-01 -5.326143e-01 -5.539194e-01 -5.746779e-01 -5.948693e-01 -6.144736e-01 -6.334714e-01 -6.518442e-01 -6.695736e-01 -6.866422e-01 -7.030332e-01 -7.187304e-01 -7.337183e-01 -7.479821e-01 -7.615077e-01 -7.742819e-01 -7.862919e-01 -7.975259e-01 -8.079728e-01 -8.176224e-01 -8.264651e-01 -8.344922e-01 -8.416957e-01 -8.480686e-01 -8.536045e-01 -8.582981e-01 -8.621445e-01 -8.651402e-01 -8.672821e-01 -8.685680e-01 -8.689968e-01 
8.606379e-01 8.602132e-01 8.589396e-01 8.568183e-01 8.538515e-01 8.500420e-01 8.453936e-01 8.399109e-01 8.335993e-01 8.264651e-01 8.185153e-01 8.097576e-01 8.002009e-01 7.898544e-01 7.787284e-01 7.668340e-01 7.541827e-01 7.407872e-01 7.266606e-01 7.118169e-01 6.962707e-01 6.800373e-01 6.631329e-01 6.455740e-01 6.273780e-01 6.085629e-01 5.891472e-01 5.691500e-01 5.485912e-01 5.274910e-01 5.058702e-01 4.837502e-01 4.611528e-01 4.381003e-01 4.146155e-01 3.907214e-01 3.664418e-01 3.418005e-01 3.168219e-01 2.915307e-01 2.659517e-01 2.401103e-01 2.140319e-01 1.877423e-01 1.612675e-01 1.346334e-01 1.078665e-01 8.099318e-02 5.403990e-02 2.703329e-02 -1.578598e-15 -2.703329e-02 -5.403990e-02 -8.099318e-02 -1.078665e-01 -1.346334e-01 -1.612675e-01 -1.877423e-01 -2.140319e-01 -2.401103e-01 -2.659517e-01 -2.915307e-01 -3.168219e-01 -3.418005e-01 -3.664418e-01 -3.907214e-01 -4.146155e-01 -4.381003e-01 -4.611528e-01 -4.837502e-01 -5.058702e-01 -5.274910e-01 -5.485912e-01 -5.691500e-01 -5.891472e-01 -6.085629e-01 -6.273780e-01 -6.455740e-01 -6.631329e-01 -6.800373e-01 -6.962707e-01 -7.118169e-01 -7.266606e-01 -7.407872e-01 -7.541827e-01 -7.668340e-01 -7.787284e-01 -7.898544e-01 -8.002009e-01 -8.097576e-01 -8.185153e-01 -8.264651e-01 -8.335993e-01 -8.399109e-01 -8.453936e-01 -8.500420e-01 -8.538515e-01 -8.568183e-01 -8.589396e-01 -8.602132e-01 -8.606379e-01 
8.514296e-01 8.510094e-01 8.497494e-01 8.476509e-01 8.447158e-01 8.409470e-01 8.363484e-01 8.309244e-01 8.246803e-01 8.176224e-01 8.097576e-01 8.010937e-01 7.916392e-01 7.814034e-01 7.703965e-01 7.586293e-01 7.461134e-01 7.328612e-01 7.188857e-01 7.042008e-01 6.888210e-01 6.727613e-01 6.560377e-01 6.386667e-01 6.206654e-01 6.020516e-01 5.828436e-01 5.630605e-01 5.427216e-01 5.218472e-01 5.004577e-01 4.785744e-01 4.562188e-01 4.334129e-01 4.101793e-01 3.865409e-01 3.625211e-01 3.381434e-01 3.134321e-01 2.884115e-01 2.631062e-01 2.375413e-01 2.117419e-01 1.857336e-01 1.595420e-01 1.331929e-01 1.067124e-01 8.012660e-02 5.346170e-02 2.674405e-02 -2.126771e-15 -2.674405e-02 -5.346170e-02 -8.012660e-02 -1.067124e-01 -1.331929e-01 -1.595420e-01 -1.857336e-01 -2.117419e-01 -2.375413e-01 -2.631062e-01 -2.884115e-01 -3.134321e-01 -3.381434e-01 -3.625211e-01 -3.865409e-01 -4.101793e-01 -4.334129e-01 -4.562188e-01 -4.785744e-01 -5.004577e-01 -5.218472e-01 -5.427216e-01 -5.630605e-01 -5.828436e-01 -6.020516e-01 -6.206654e-01 -6.386667e-01 -6.560377e-01 -6.727613e-01 -6.888210e-01 -7.042008e-01 -7.188857e-01 -7.328612e-01 -7.461134e-01 -7.586293e-01 -7.703965e-01 -7.814034e-01 -7.916392e-01 -8.010937e-01 -8.097576e-01 -8.176224e-01 -8.246803e-01 -8.309244e-01 -8.363484e-01 -8.409470e-01 -8.447158e-01 -8.476509e-01 -8.497494e-01 -8.510094e-01 -8.514296e-01 
8.413810e-01 8.409658e-01 8.397207e-01 8.376469e-01 8.347464e-01 8.310222e-01 8.264778e-01 8.211178e-01 8.149474e-01 8.079728e-01 8.002009e-01 7.916392e-01 7.822962e-01 7.721813e-01 7.613043e-01 7.496759e-01 7.373078e-01 7.242120e-01 7.104014e-01 6.958899e-01 6.806915e-01 6.648214e-01 6.482952e-01 6.311292e-01 6.133403e-01 5.949462e-01 5.759649e-01 5.564152e-01 5.363164e-01 5.156883e-01 4.945513e-01 4.729263e-01 4.508345e-01 4.282978e-01 4.053384e-01 3.819790e-01 3.582426e-01 3.341527e-01 3.097330e-01 2.850076e-01 2.600010e-01 2.347378e-01 2.092429e-01 1.835416e-01 1.576591e-01 1.316210e-01 1.054530e-01 7.918094e-02 5.283075e-02 2.642841e-02 -5.308254e-16 -2.642841e-02 -5.283075e-02 -7.918094e-02 -1.054530e-01 -1.316210e-01 -1.576591e-01 -1.835416e-01 -2.092429e-01 -2.347378e-01 -2.600010e-01 -2.850076e-01 -3.097330e-01 -3.341527e-01 -3.582426e-01 -3.819790e-01 -4.053384e-01 -4.282978e-01 -4.508345e-01 -4.729263e-01 -4.945513e-01 -5.156883e-01 -5.363164e-01 -5.564152e-01 -5.759649e-01 -5.949462e-01 -6.133403e-01 -6.311292e-01 -6.482952e-01 -6.648214e-01 -6.806915e-01 -6.958899e-01 -7.104014e-01 -7.242120e-01 -7.373078e-01 -7.496759e-01 -7.613043e-01 -7.721813e-01 -7.822962e-01 -7.916392e-01 -8.002009e-01 -8.079728e-01 -8.149474e-01 -8.211178e-01 -8.264778e-01 -8.310222e-01 -8.347464e-01 -8.376469e-01 -8.397207e-01 -8.409658e-01 -8.413810e-01 
8.305021e-01 8.300922e-01 8.288632e-01 8.268163e-01 8.239533e-01 8.202772e-01 8.157916e-01 8.105009e-01 8.044103e-01 7.975259e-01 7.898544e-01 7.814034e-01 7.721813e-01 7.621971e-01 7.514607e-01 7.399827e-01 7.277745e-01 7.148480e-01 7.012161e-01 6.868921e-01 6.718903e-01 6.562254e-01 6.399128e-01 6.229688e-01 6.054099e-01 5.872536e-01 5.685178e-01 5.492209e-01 5.293819e-01 5.090206e-01 4.881569e-01 4.668114e-01 4.450053e-01 4.227599e-01 4.000974e-01 3.770400e-01 3.536106e-01 3.298321e-01 3.057282e-01 2.813225e-01 2.566392e-01 2.317027e-01 2.065375e-01 1.811684e-01 1.556206e-01 1.299191e-01 1.040895e-01 7.815715e-02 5.214766e-02 2.608670e-02 -2.310652e-15 -2.608670e-02 -5.214766e-02 -7.815715e-02 -1.040895e-01 -1.299191e-01 -1.556206e-01 -1.811684e-01 -2.065375e-01 -2.317027e-01 -2.566392e-01 -2.813225e-01 -3.057282e-01 -3.298321e-01 -3.536106e-01 -3.770400e-01 -4.000974e-01 -4.227599e-01 -4.450053e-01 -4.668114e-01 -4.881569e-01 -5.090206e-01 -5.293819e-01 -5.492209e-01 -5.685178e-01 -5.872536e-01 -6.054099e-01 -6.229688e-01 -6.399128e-01 -6.562254e-01 -6.718903e-01 -6.868921e-01 -7.012161e-01 -7.148480e-01 -7.277745e-01 -7.399827e-01 -7.514607e-01 -7.621971e-01 -7.721813e-01 -7.814034e-01 -7.898544e-01 -7.975259e-01 -8.044103e-01 -8.105009e-01 -8.157916e-01 -8.202772e-01 -8.239533e-01 -8.268163e-01 -8.288632e-01 -8.300922e-01 -8.305021e-01 
8.188035e-01 8.183995e-01 8.171878e-01 8.151696e-01 8.123470e-01 8.087227e-01 8.043003e-01 7.990841e-01 7.930793e-01 7.862919e-01 7.787284e-01 7.703965e-01 7.613043e-01 7.514607e-01 7.408756e-01 7.295593e-01 7.175230e-01 7.047786e-01 6.913387e-01 6.772165e-01 6.624260e-01 6.469817e-01 6.308990e-01 6.141936e-01 5.968821e-01 5.789815e-01 5.605096e-01 5.414845e-01 5.219250e-01 5.018505e-01 4.812806e-01 4.602359e-01 4.387369e-01 4.168049e-01 3.944616e-01 3.717290e-01 3.486296e-01 3.251861e-01 3.014217e-01 2.773598e-01 2.530242e-01 2.284389e-01 2.036282e-01 1.786165e-01 1.534285e-01 1.280891e-01 1.026233e-01 7.705622e-02 5.141310e-02 2.571924e-02 -8.916479e-16 -2.571924e-02 -5.141310e-02 -7.705622e-02 -1.026233e-01 -1.280891e-01 -1.534285e-01 -1.786165e-01 -2.036282e-01 -2.284389e-01 -2.530242e-01 -2.773598e-01 -3.014217e-01 -3.251861e-01 -3.486296e-01 -3.717290e-01 -3.944616e-01 -4.168049e-01 -4.387369e-01 -4.602359e-01 -4.812806e-01 -5.018505e-01 -5.219250e-01 -5.414845e-01 -5.605096e-01 -5.789815e-01 -5.968821e-01 -6.141936e-01 -6.308990e-01 -6.469817e-01 -6.624260e-01 -6.772165e-01 -6.913387e-01 -7.047786e-01 -7.175230e-01 -7.295593e-01 -7.408756e-01 -7.514607e-01 -7.613043e-01 -7.703965e-01 -7.787284e-01 -7.862919e-01 -7.930793e-01 -7.990841e-01 -8.043003e-01 -8.087227e-01 -8.123470e-01 -8.151696e-01 -8.171878e-01 -8.183995e-01 -8.188035e-01 
8.062969e-01 8.058991e-01 8.047059e-01 8.027186e-01 7.999390e-01 7.963701e-01 7.920152e-01 7.868787e-01 7.809656e-01 7.742819e-01 7.668340e-01 7.586293e-01 7.496759e-01 7.399827e-01 7.295593e-01 7.184158e-01 7.065634e-01 6.940137e-01 6.807790e-01 6.668725e-01 6.523079e-01 6.370996e-01 6.212625e-01 6.048123e-01 5.877652e-01 5.701380e-01 5.519482e-01 5.332137e-01 5.139530e-01 4.941851e-01 4.739294e-01 4.532061e-01 4.320355e-01 4.104385e-01 3.884365e-01 3.660512e-01 3.433045e-01 3.202191e-01 2.968177e-01 2.731233e-01 2.491595e-01 2.249497e-01 2.005179e-01 1.758882e-01 1.510850e-01 1.261326e-01 1.010558e-01 7.587924e-02 5.062780e-02 2.532640e-02 -1.311451e-15 -2.532640e-02 -5.062780e-02 -7.587924e-02 -1.010558e-01 -1.261326e-01 -1.510850e-01 -1.758882e-01 -2.005179e-01 -2.249497e-01 -2.491595e-01 -2.731233e-01 -2.968177e-01 -3.202191e-01 -3.433045e-01 -3.660512e-01 -3.884365e-01 -4.104385e-01 -4.320355e-01 -4.532061e-01 -4.739294e-01 -4.941851e-01 -5.139530e-01 -5.332137e-01 -5.519482e-01 -5.701380e-01 -5.877652e-01 -6.048123e-01 -6.212625e-01 -6.370996e-01 -6.523079e-01 -6.668725e-01 -6.807790e-01 -6.940137e-01 -7.065634e-01 -7.184158e-01 -7.295593e-01 -7.399827e-01 -7.496759e-01 -7.586293e-01 -7.668340e-01 -7.742819e-01 -7.809656e-01 -7.868787e-01 -7.920152e-01 -7.963701e-01 -7.999390e-01 -8.027186e-01 -8.047059e-01 -8.058991e-01 -8.062969e-01 
7.929946e-01 7.926033e-01 7.914298e-01 7.894753e-01 7.867416e-01 7.832316e-01 7.789485e-01 7.738968e-01 7.680813e-01 7.615077e-01 7.541827e-01 7.461134e-01 7.373078e-01 7.277745e-01 7.175230e-01 7.065634e-01 6.949065e-01 6.825638e-01 6.695475e-01 6.558705e-01 6.415461e-01 6.265887e-01 6.110129e-01 5.948341e-01 5.780682e-01 5.607319e-01 5.428422e-01 5.244168e-01 5.054738e-01 4.860320e-01 4.661106e-01 4.457291e-01 4.249078e-01 4.036671e-01 3.820281e-01 3.600120e-01 3.376407e-01 3.149361e-01 2.919208e-01 2.686174e-01 2.450488e-01 2.212385e-01 1.972097e-01 1.729864e-01 1.485924e-01 1.240517e-01 9.938858e-02 7.462739e-02 4.979255e-02 2.490856e-02 -1.276756e-15 -2.490856e-02 -4.979255e-02 -7.462739e-02 -9.938858e-02 -1.240517e-01 -1.485924e-01 -1.729864e-01 -1.972097e-01 -2.212385e-01 -2.450488e-01 -2.686174e-01 -2.919208e-01 -3.149361e-01 -3.376407e-01 -3.600120e-01 -3.820281e-01 -4.036671e-01 -4.249078e-01 -4.457291e-01 -4.661106e-01 -4.860320e-01 -5.054738e-01 -5.244168e-01 -5.428422e-01 -5.607319e-01 -5.780682e-01 -5.948341e-01 -6.110129e-01 -6.265887e-01 -6.415461e-01 -6.558705e-01 -6.695475e-01 -6.825638e-01 -6.949065e-01 -7.065634e-01 -7.175230e-01 -7.277745e-01 -7.373078e-01 -7.461134e-01 -7.541827e-01 -7.615077e-01 -7.680813e-01 -7.738968e-01 -7.789485e-01 -7.832316e-01 -7.867416e-01 -7.894753e-01 -7.914298e-01 -7.926033e-01 -7.929946e-01 
7.789097e-01 7.785254e-01 7.773727e-01 7.754529e-01 7.727678e-01 7.693201e-01 7.651131e-01 7.601511e-01 7.544389e-01 7.479821e-01 7.407872e-01 7.328612e-01 7.242120e-01 7.148480e-01 7.047786e-01 6.940137e-01 6.825638e-01 6.704403e-01 6.576552e-01 6.442211e-01 6.301512e-01 6.154594e-01 6.001603e-01 5.842688e-01 5.678008e-01 5.507724e-01 5.332004e-01 5.151023e-01 4.964958e-01 4.773993e-01 4.578317e-01 4.378122e-01 4.173607e-01 3.964973e-01 3.752426e-01 3.536176e-01 3.316436e-01 3.093424e-01 2.867358e-01 2.638463e-01 2.406963e-01 2.173089e-01 1.937070e-01 1.699139e-01 1.459531e-01 1.218483e-01 9.762328e-02 7.330188e-02 4.890815e-02 2.446615e-02 -1.564721e-15 -2.446615e-02 -4.890815e-02 -7.330188e-02 -9.762328e-02 -1.218483e-01 -1.459531e-01 -1.699139e-01 -1.937070e-01 -2.173089e-01 -2.406963e-01 -2.638463e-01 -2.867358e-01 -3.093424e-01 -3.316436e-01 -3.536176e-01 -3.752426e-01 -3.964973e-01 -4.173607e-01 -4.378122e-01 -4.578317e-01 -4.773993e-01 -4.964958e-01 -5.151023e-01 -5.332004e-01 -5.507724e-01 -5.678008e-01 -5.842688e-01 -6.001603e-01 -6.154594e-01 -6.301512e-01 -6.442211e-01 -6.576552e-01 -6.704403e-01 -6.825638e-01 -6.940137e-01 -7.047786e-01 -7.148480e-01 -7.242120e-01 -7.328612e-01 -7.407872e-01 -7.479821e-01 -7.544389e-01 -7.601511e-01 -7.651131e-01 -7.693201e-01 -7.727678e-01 -7.754529e-01 -7.773727e-01 -7.785254e-01 -7.789097e-01 
7.640562e-01 7.636791e-01 7.625485e-01 7.606653e-01 7.580313e-01 7.546494e-01 7.505226e-01 7.456552e-01 7.400519e-01 7.337183e-01 7.266606e-01 7.188857e-01 7.104014e-01 7.012161e-01 6.913387e-01 6.807790e-01 6.695475e-01 6.576552e-01 6.451140e-01 6.319360e-01 6.181344e-01 6.037228e-01 5.887154e-01 5.731270e-01 5.569730e-01 5.402693e-01 5.230324e-01 5.052794e-01 4.870277e-01 4.682954e-01 4.491009e-01 4.294633e-01 4.094018e-01 3.889362e-01 3.680869e-01 3.468742e-01 3.253193e-01 3.034433e-01 2.812678e-01 2.588148e-01 2.361063e-01 2.131649e-01 1.900130e-01 1.666737e-01 1.431698e-01 1.195247e-01 9.576163e-02 7.190404e-02 4.797548e-02 2.399958e-02 -1.582068e-15 -2.399958e-02 -4.797548e-02 -7.190404e-02 -9.576163e-02 -1.195247e-01 -1.431698e-01 -1.666737e-01 -1.900130e-01 -2.131649e-01 -2.361063e-01 -2.588148e-01 -2.812678e-01 -3.034433e-01 -3.253193e-01 -3.468742e-01 -3.680869e-01 -3.889362e-01 -4.094018e-01 -4.294633e-01 -4.491009e-01 -4.682954e-01 -4.870277e-01 -5.052794e-01 -5.230324e-01 -5.402693e-01 -5.569730e-01 -5.731270e-01 -5.887154e-01 -6.037228e-01 -6.181344e-01 -6.319360e-01 -6.451140e-01 -6.576552e-01 -6.695475e-01 -6.807790e-01 -6.913387e-01 -7.012161e-01 -7.104014e-01 -7.188857e-01 -7.266606e-01 -7.337183e-01 -7.400519e-01 -7.456552e-01 -7.505226e-01 -7.546494e-01 -7.580313e-01 -7.606653e-01 -7.625485e-01 -7.636791e-01 -7.640562e-01 
7.484485e-01 7.480792e-01 7.469717e-01 7.451269e-01 7.425468e-01 7.392339e-01 7.351915e-01 7.304235e-01 7.249347e-01 7.187304e-01 7.118169e-01 7.042008e-01 6.958899e-01 6.868921e-01 6.772165e-01 6.668725e-01 6.558705e-01 6.442211e-01 6.319360e-01 6.190273e-01 6.055076e-01 5.913904e-01 5.766895e-01 5.614195e-01 5.455955e-01 5.292330e-01 5.123483e-01 4.949579e-01 4.770791e-01 4.587294e-01 4.399270e-01 4.206905e-01 4.010388e-01 3.809913e-01 3.605678e-01 3.397885e-01 3.186739e-01 2.972448e-01 2.755223e-01 2.535279e-01 2.312833e-01 2.088105e-01 1.861316e-01 1.632690e-01 1.402453e-01 1.170831e-01 9.380548e-02 7.043523e-02 4.699547e-02 2.350934e-02 -1.217776e-15 -2.350934e-02 -4.699547e-02 -7.043523e-02 -9.380548e-02 -1.170831e-01 -1.402453e-01 -1.632690e-01 -1.861316e-01 -2.088105e-01 -2.312833e-01 -2.535279e-01 -2.755223e-01 -2.972448e-01 -3.186739e-01 -3.397885e-01 -3.605678e-01 -3.809913e-01 -4.010388e-01 -4.206905e-01 -4.399270e-01 -4.587294e-01 -4.770791e-01 -4.949579e-01 -5.123483e-01 -5.292330e-01 -5.455955e-01 -5.614195e-01 -5.766895e-01 -5.913904e-01 -6.055076e-01 -6.190273e-01 -6.319360e-01 -6.442211e-01 -6.558705e-01 -6.668725e-01 -6.772165e-01 -6.868921e-01 -6.958899e-01 -7.042008e-01 -7.118169e-01 -7.187304e-01 -7.249347e-01 -7.304235e-01 -7.351915e-01 -7.392339e-01 -7.425468e-01 -7.451269e-01 -7.469717e-01 -7.480792e-01 -7.484485e-01 
7.321023e-01 7.317411e-01 7.306577e-01 7.288532e-01 7.263295e-01 7.230889e-01 7.191348e-01 7.144709e-01 7.091020e-01 7.030332e-01 6.962707e-01 6.888210e-01 6.806915e-01 6.718903e-01 6.624260e-01 6.523079e-01 6.415461e-01 6.301512e-01 6.181344e-01 6.055076e-01 5.922832e-01 5.784743e-01 5.640945e-01 5.491580e-01 5.336796e-01 5.176745e-01 5.011585e-01 4.841479e-01 4.666596e-01 4.487107e-01 4.303189e-01 4.115025e-01 3.922800e-01 3.726704e-01 3.526930e-01 3.323675e-01 3.117140e-01 2.907529e-01 2.695048e-01 2.479908e-01 2.262321e-01 2.042500e-01 1.820664e-01 1.597032e-01 1.371823e-01 1.145260e-01 9.175675e-02 6.889691e-02 4.596908e-02 2.299589e-02 -5.447032e-16 -2.299589e-02 -4.596908e-02 -6.889691e-02 -9.175675e-02 -1.145260e-01 -1.371823e-01 -1.597032e-01 -1.820664e-01 -2.042500e-01 -2.262321e-01 -2.479908e-01 -2.695048e-01 -2.907529e-01 -3.117140e-01 -3.323675e-01 -3.526930e-01 -3.726704e-01 -3.922800e-01 -4.115025e-01 -4.303189e-01 -4.487107e-01 -4.666596e-01 -4.841479e-01 -5.011585e-01 -5.176745e-01 -5.336796e-01 -5.491580e-01 -5.640945e-01 -5.784743e-01 -5.922832e-01 -6.055076e-01 -6.181344e-01 -6.301512e-01 -6.415461e-01 -6.523079e-01 -6.624260e-01 -6.718903e-01 -6.806915e-01 -6.888210e-01 -6.962707e-01 -7.030332e-01 -7.091020e-01 -7.144709e-01 -7.191348e-01 -7.230889e-01 -7.263295e-01 -7.288532e-01 -7.306577e-01 -7.317411e-01 -7.321023e-01 
7.150336e-01 7.146807e-01 7.136226e-01 7.118602e-01 7.093953e-01 7.062303e-01 7.023684e-01 6.978132e-01 6.925695e-01 6.866422e-01 6.800373e-01 6.727613e-01 6.648214e-01 6.562254e-01 6.469817e-01 6.370996e-01 6.265887e-01 6.154594e-01 6.037228e-01 5.913904e-01 5.784743e-01 5.649874e-01 5.509428e-01 5.363546e-01 5.212370e-01 5.056051e-01 4.894742e-01 4.728602e-01 4.557795e-01 4.382491e-01 4.202862e-01 4.019085e-01 3.831341e-01 3.639817e-01 3.444700e-01 3.246184e-01 3.044465e-01 2.839741e-01 2.632214e-01 2.422090e-01 2.209575e-01 1.994880e-01 1.778216e-01 1.559797e-01 1.339839e-01 1.118559e-01 8.961747e-02 6.729060e-02 4.489733e-02 2.245975e-02 -1.953299e-15 -2.245975e-02 -4.489733e-02 -6.729060e-02 -8.961747e-02 -1.118559e-01 -1.339839e-01 -1.559797e-01 -1.778216e-01 -1.994880e-01 -2.209575e-01 -2.422090e-01 -2.632214e-01 -2.839741e-01 -3.044465e-01 -3.246184e-01 -3.444700e-01 -3.639817e-01 -3.831341e-01 -4.019085e-01 -4.202862e-01 -4.382491e-01 -4.557795e-01 -4.728602e-01 -4.894742e-01 -5.056051e-01 -5.212370e-01 -5.363546e-01 -5.509428e-01 -5.649874e-01 -5.784743e-01 -5.913904e-01 -6.037228e-01 -6.154594e-01 -6.265887e-01 -6.370996e-01 -6.469817e-01 -6.562254e-01 -6.648214e-01 -6.727613e-01 -6.800373e-01 -6.866422e-01 -6.925695e-01 -6.978132e-01 -7.023684e-01 -7.062303e-01 -7.093953e-01 -7.118602e-01 -7.136226e-01 -7.146807e-01 -7.150336e-01 
6.972592e-01 6.969151e-01 6.958833e-01 6.941647e-01 6.917611e-01 6.886748e-01 6.849088e-01 6.804669e-01 6.753535e-01 6.695736e-01 6.631329e-01 6.560377e-01 6.482952e-01 6.399128e-01 6.308990e-01 6.212625e-01 6.110129e-01 6.001603e-01 5.887154e-01 5.766895e-01 5.640945e-01 5.509428e-01 5.372474e-01 5.230218e-01 5.082801e-01 4.930367e-01 4.773067e-01 4.611058e-01 4.444497e-01 4.273551e-01 4.098387e-01 3.919178e-01 3.736101e-01 3.549338e-01 3.359072e-01 3.165490e-01 2.968785e-01 2.769150e-01 2.566782e-01 2.361881e-01 2.154649e-01 1.945291e-01 1.734013e-01 1.521024e-01 1.306533e-01 1.090754e-01 8.738975e-02 6.561788e-02 4.378127e-02 2.190144e-02 -1.082467e-15 -2.190144e-02 -4.378127e-02 -6.561788e-02 -8.738975e-02 -1.090754e-01 -1.306533e-01 -1.521024e-01 -1.734013e-01 -1.945291e-01 -2.154649e-01 -2.361881e-01 -2.566782e-01 -2.769150e-01 -2.968785e-01 -3.165490e-01 -3.359072e-01 -3.549338e-01 -3.736101e-01 -3.919178e-01 -4.098387e-01 -4.273551e-01 -4.444497e-01 -4.611058e-01 -4.773067e-01 -4.930367e-01 -5.082801e-01 -5.230218e-01 -5.372474e-01 -5.509428e-01 -5.640945e-01 -5.766895e-01 -5.887154e-01 -6.001603e-01 -6.110129e-01 -6.212625e-01 -6.308990e-01 -6.399128e-01 -6.482952e-01 -6.560377e-01 -6.631329e-01 -6.695736e-01 -6.753535e-01 -6.804669e-01 -6.849088e-01 -6.886748e-01 -6.917611e-01 -6.941647e-01 -6.958833e-01 -6.969151e-01 -6.972592e-01 
6.787967e-01 6.784617e-01 6.774572e-01 6.757841e-01 6.734442e-01 6.704396e-01 6.667733e-01 6.624490e-01 6.574710e-01 6.518442e-01 6.455740e-01 6.386667e-01 6.311292e-01 6.229688e-01 6.141936e-01 6.048123e-01 5.948341e-01 5.842688e-01 5.731270e-01 5.614195e-01 5.491580e-01 5.363546e-01 5.230218e-01 5.091729e-01 4.948215e-01 4.799817e-01 4.646683e-01 4.488963e-01 4.326813e-01 4.160393e-01 3.989867e-01 3.815403e-01 3.637174e-01 3.455356e-01 3.270128e-01 3.081672e-01 2.890176e-01 2.695827e-01 2.498817e-01 2.299342e-01 2.097597e-01 1.893782e-01 1.688099e-01 1.480749e-01 1.271938e-01 1.061872e-01 8.507578e-02 6.388041e-02 4.262200e-02 2.132152e-02 -9.228729e-16 -2.132152e-02 -4.262200e-02 -6.388041e-02 -8.507578e-02 -1.061872e-01 -1.271938e-01 -1.480749e-01 -1.688099e-01 -1.893782e-01 -2.097597e-01 -2.299342e-01 -2.498817e-01 -2.695827e-01 -2.890176e-01 -3.081672e-01 -3.270128e-01 -3.455356e-01 -3.637174e-01 -3.815403e-01 -3.989867e-01 -4.160393e-01 -4.326813e-01 -4.488963e-01 -4.646683e-01 -4.799817e-01 -4.948215e-01 -5.091729e-01 -5.230218e-01 -5.363546e-01 -5.491580e-01 -5.614195e-01 -5.731270e-01 -5.842688e-01 -5.948341e-01 -6.048123e-01 -6.141936e-01 -6.229688e-01 -6.311292e-01 -6.386667e-01 -6.455740e-01 -6.518442e-01 -6.574710e-01 -6.624490e-01 -6.667733e-01 -6.704396e-01 -6.734442e-01 -6.757841e-01 -6.774572e-01 -6.784617e-01 -6.787967e-01 
6.596643e-01 6.593388e-01 6.583626e-01 6.567367e-01 6.544626e-01 6.515427e-01 6.479798e-01 6.437774e-01 6.389397e-01 6.334714e-01 6.273780e-01 6.206654e-01 6.133403e-01 6.054099e-01 5.968821e-01 5.877652e-01 5.780682e-01 5.678008e-01 5.569730e-01 5.455955e-01 5.336796e-01 5.212370e-01 5.082801e-01 4.948215e-01 4.808746e-01 4.664531e-01 4.515713e-01 4.362438e-01 4.204858e-01 4.043129e-01 3.877409e-01 3.707863e-01 3.534658e-01 3.357964e-01 3.177957e-01 2.994813e-01 2.808714e-01 2.619843e-01 2.428386e-01 2.234533e-01 2.038475e-01 1.840405e-01 1.640518e-01 1.439013e-01 1.236088e-01 1.031942e-01 8.267786e-02 6.207989e-02 4.142066e-02 2.072056e-02 -2.043504e-15 -2.072056e-02 -4.142066e-02 -6.207989e-02 -8.267786e-02 -1.031942e-01 -1.236088e-01 -1.439013e-01 -1.640518e-01 -1.840405e-01 -2.038475e-01 -2.234533e-01 -2.428386e-01 -2.619843e-01 -2.808714e-01 -2.994813e-01 -3.177957e-01 -3.357964e-01 -3.534658e-01 -3.707863e-01 -3.877409e-01 -4.043129e-01 -4.204858e-01 -4.362438e-01 -4.515713e-01 -4.664531e-01 -4.808746e-01 -4.948215e-01 -5.082801e-01 -5.212370e-01 -5.336796e-01 -5.455955e-01 -5.569730e-01 -5.678008e-01 -5.780682e-01 -5.877652e-01 -5.968821e-01 -6.054099e-01 -6.133403e-01 -6.206654e-01 -6.273780e-01 -6.334714e-01 -6.389397e-01 -6.437774e-01 -6.479798e-01 -6.515427e-01 -6.544626e-01 -6.567367e-01 -6.583626e-01 -6.593388e-01 -6.596643e-01 
6.398809e-01 6.395651e-01 6.386182e-01 6.370411e-01 6.348352e-01 6.320029e-01 6.285468e-01 6.244705e-01 6.197778e-01 6.144736e-01 6.085629e-01 6.020516e-01 5.949462e-01 5.872536e-01 5.789815e-01 5.701380e-01 5.607319e-01 5.507724e-01 5.402693e-01 5.292330e-01 5.176745e-01 5.056051e-01 4.930367e-01 4.799817e-01 4.664531e-01 4.524641e-01 4.380286e-01 4.231608e-01 4.078754e-01 3.921875e-01 3.761125e-01 3.596664e-01 3.428653e-01 3.257259e-01 3.082650e-01 2.904998e-01 2.724480e-01 2.541273e-01 2.355559e-01 2.167519e-01 1.977341e-01 1.785211e-01 1.591319e-01 1.395857e-01 1.199017e-01 1.000994e-01 8.019834e-02 6.021811e-02 4.017845e-02 2.009914e-02 -1.977585e-16 -2.009914e-02 -4.017845e-02 -6.021811e-02 -8.019834e-02 -1.000994e-01 -1.199017e-01 -1.395857e-01 -1.591319e-01 -1.785211e-01 -1.977341e-01 -2.167519e-01 -2.355559e-01 -2.541273e-01 -2.724480e-01 -2.904998e-01 -3.082650e-01 -3.257259e-01 -3.428653e-01 -3.596664e-01 -3.761125e-01 -3.921875e-01 -4.078754e-01 -4.231608e-01 -4.380286e-01 -4.524641e-01 -4.664531e-01 -4.799817e-01 -4.930367e-01 -5.056051e-01 -5.176745e-01 -5.292330e-01 -5.402693e-01 -5.507724e-01 -5.607319e-01 -5.701380e-01 -5.789815e-01 -5.872536e-01 -5.949462e-01 -6.020516e-01 -6.085629e-01 -6.144736e-01 -6.197778e-01 -6.244705e-01 -6.285468e-01 -6.320029e-01 -6.348352e-01 -6.370411e-01 -6.386182e-01 -6.395651e-01 -6.398809e-01 
6.194660e-01 6.191603e-01 6.182436e-01 6.167168e-01 6.145813e-01 6.118393e-01 6.084935e-01 6.045472e-01 6.000043e-01 5.948693e-01 5.891472e-01 5.828436e-01 5.759649e-01 5.685178e-01 5.605096e-01 5.519482e-01 5.428422e-01 5.332004e-01 5.230324e-01 5.123483e-01 5.011585e-01 4.894742e-01 4.773067e-01 4.646683e-01 4.515713e-01 4.380286e-01 4.240536e-01 4.096602e-01 3.948625e-01 3.796751e-01 3.641130e-01 3.481915e-01 3.319265e-01 3.153338e-01 2.984300e-01 2.812317e-01 2.637558e-01 2.460196e-01 2.280406e-01 2.098366e-01 1.914255e-01 1.728255e-01 1.540549e-01 1.351323e-01 1.160764e-01 9.690583e-02 7.763968e-02 5.829690e-02 3.889659e-02 1.945790e-02 -1.020017e-15 -1.945790e-02 -3.889659e-02 -5.829690e-02 -7.763968e-02 -9.690583e-02 -1.160764e-01 -1.351323e-01 -1.540549e-01 -1.728255e-01 -1.914255e-01 -2.098366e-01 -2.280406e-01 -2.460196e-01 -2.637558e-01 -2.812317e-01 -2.984300e-01 -3.153338e-01 -3.319265e-01 -3.481915e-01 -3.641130e-01 -3.796751e-01 -3.948625e-01 -4.096602e-01 -4.240536e-01 -4.380286e-01 -4.515713e-01 -4.646683e-01 -4.773067e-01 -4.894742e-01 -5.011585e-01 -5.123483e-01 -5.230324e-01 -5.332004e-01 -5.428422e-01 -5.519482e-01 -5.605096e-01 -5.685178e-01 -5.759649e-01 -5.828436e-01 -5.891472e-01 -5.948693e-01 -6.000043e-01 -6.045472e-01 -6.084935e-01 -6.118393e-01 -6.145813e-01 -6.167168e-01 -6.182436e-01 -6.191603e-01 -6.194660e-01 
5.984398e-01 5.981445e-01 5.972589e-01 5.957839e-01 5.937209e-01 5.910720e-01 5.878397e-01 5.840274e-01 5.796387e-01 5.746779e-01 5.691500e-01 5.630605e-01 5.564152e-01 5.492209e-01 5.414845e-01 5.332137e-01 5.244168e-01 5.151023e-01 5.052794e-01 4.949579e-01 4.841479e-01 4.728602e-01 4.611058e-01 4.488963e-01 4.362438e-01 4.231608e-01 4.096602e-01 3.957553e-01 3.814599e-01 3.667880e-01 3.517541e-01 3.363730e-01 3.206601e-01 3.046306e-01 2.883006e-01 2.716860e-01 2.548033e-01 2.376691e-01 2.203004e-01 2.027142e-01 1.849281e-01 1.669594e-01 1.488259e-01 1.305456e-01 1.121364e-01 9.361660e-02 7.500439e-02 5.631816e-02 3.757634e-02 1.879745e-02 -1.630640e-15 -1.879745e-02 -3.757634e-02 -5.631816e-02 -7.500439e-02 -9.361660e-02 -1.121364e-01 -1.305456e-01 -1.488259e-01 -1.669594e-01 -1.849281e-01 -2.027142e-01 -2.203004e-01 -2.376691e-01 -2.548033e-01 -2.716860e-01 -2.883006e-01 -3.046306e-01 -3.206601e-01 -3.363730e-01 -3.517541e-01 -3.667880e-01 -3.814599e-01 -3.957553e-01 -4.096602e-01 -4.231608e-01 -4.362438e-01 -4.488963e-01 -4.611058e-01 -4.728602e-01 -4.841479e-01 -4.949579e-01 -5.052794e-01 -5.151023e-01 -5.244168e-01 -5.332137e-01 -5.414845e-01 -5.492209e-01 -5.564152e-01 -5.630605e-01 -5.691500e-01 -5.746779e-01 -5.796387e-01 -5.840274e-01 -5.878397e-01 -5.910720e-01 -5.937209e-01 -5.957839e-01 -5.972589e-01 -5.981445e-01 -5.984398e-01 
5.768230e-01 5.765383e-01 5.756847e-01 5.742630e-01 5.722745e-01 5.697213e-01 5.666058e-01 5.629312e-01 5.587010e-01 5.539194e-01 5.485912e-01 5.427216e-01 5.363164e-01 5.293819e-01 5.219250e-01 5.139530e-01 5.054738e-01 4.964958e-01 4.870277e-01 4.770791e-01 4.666596e-01 4.557795e-01 4.444497e-01 4.326813e-01 4.204858e-01 4.078754e-01 3.948625e-01 3.814599e-01 3.676808e-01 3.535389e-01 3.390480e-01 3.242226e-01 3.090772e-01 2.936268e-01 2.778866e-01 2.618721e-01 2.455993e-01 2.290840e-01 2.123427e-01 1.953918e-01 1.782481e-01 1.609285e-01 1.434500e-01 1.258300e-01 1.080858e-01 9.023499e-02 7.229509e-02 5.428383e-02 3.621901e-02 1.811845e-02 -5.776629e-16 -1.811845e-02 -3.621901e-02 -5.428383e-02 -7.229509e-02 -9.023499e-02 -1.080858e-01 -1.258300e-01 -1.434500e-01 -1.609285e-01 -1.782481e-01 -1.953918e-01 -2.123427e-01 -2.290840e-01 -2.455993e-01 -2.618721e-01 -2.778866e-01 -2.936268e-01 -3.090772e-01 -3.242226e-01 -3.390480e-01 -3.535389e-01 -3.676808e-01 -3.814599e-01 -3.948625e-01 -4.078754e-01 -4.204858e-01 -4.326813e-01 -4.444497e-01 -4.557795e-01 -4.666596e-01 -4.770791e-01 -4.870277e-01 -4.964958e-01 -5.054738e-01 -5.139530e-01 -5.219250e-01 -5.293819e-01 -5.363164e-01 -5.427216e-01 -5.485912e-01 -5.539194e-01 -5.587010e-01 -5.629312e-01 -5.666058e-01 -5.697213e-01 -5.722745e-01 -5.742630e-01 -5.756847e-01 -5.765383e-01 -5.768230e-01 
