5.374592e-04 5.357096e-04 5.304708e-04 5.217730e-04 5.096665e-04 4.942208e-04 4.755247e-04 4.536849e-04 4.288261e-04 4.010894e-04 3.706320e-04 3.376260e-04 3.022573e-04 2.647244e-04 2.252378e-04 1.840181e-04 1.412952e-04 9.730665e-05 5.229704e-05 6.516315e-06 3.978090e-05 8.633613e-05 1.328876e-04 1.791706e-04 2.249175e-04 2.698581e-04 3.137194e-04 3.562257e-04 3.970997e-04 4.360627e-04 4.728364e-04 5.071453e-04 5.387196e-04 5.672989e-04 5.926363e-04 6.145038e-04 6.326969e-04 6.470397e-04 6.573901e-04 6.636432e-04 6.657348e-04 
5.357096e-04 5.339655e-04 5.287431e-04 5.200727e-04 5.080043e-04 4.926072e-04 4.739697e-04 4.521984e-04 4.274175e-04 3.997676e-04 3.694055e-04 3.365026e-04 3.012442e-04 2.638284e-04 2.244647e-04 1.833733e-04 1.407833e-04 9.693160e-05 5.206200e-05 6.423759e-06 3.972920e-05 8.613912e-05 1.325449e-04 1.786826e-04 2.242853e-04 2.690834e-04 3.128047e-04 3.551745e-04 3.959161e-04 4.347517e-04 4.714041e-04 5.055987e-04 5.370669e-04 5.655491e-04 5.907997e-04 6.125916e-04 6.307214e-04 6.450140e-04 6.553280e-04 6.615590e-04 6.636432e-04 
5.304708e-04 5.287431e-04 5.235702e-04 5.149817e-04 5.030272e-04 4.877754e-04 4.693137e-04 4.477475e-04 4.231997e-04 3.958098e-04 3.657328e-04 3.331385e-04 2.982105e-04 2.611449e-04 2.221495e-04 1.814422e-04 1.392500e-04 9.580792e-05 5.135744e-05 6.145724e-06 3.957546e-05 8.555046e-05 1.315203e-04 1.772231e-04 2.223941e-04 2.667660e-04 3.100688e-04 3.520300e-04 3.923756e-04 4.308304e-04 4.671202e-04 5.009733e-04 5.321241e-04 5.603164e-04 5.853077e-04 6.068741e-04 6.248148e-04 6.389575e-04 6.491628e-04 6.553280e-04 6.573901e-04 
5.217730e-04 5.200727e-04 5.149817e-04 5.065292e-04 4.947639e-04 4.797533e-04 4.615832e-04 4.403574e-04 4.161967e-04 3.892381e-04 3.596343e-04 3.275522e-04 2.931726e-04 2.566884e-04 2.183041e-04 1.782343e-04 1.367025e-04 9.394008e-05 5.018512e-05 5.681145e-06 3.932362e-05 8.457709e-05 1.298238e-04 1.748054e-04 2.192607e-04 2.629260e-04 3.055350e-04 3.468195e-04 3.865092e-04 4.243338e-04 4.600234e-04 4.933115e-04 5.239376e-04 5.516508e-04 5.762138e-04 5.974076e-04 6.150362e-04 6.289316e-04 6.389575e-04 6.450140e-04 6.470397e-04 
5.096665e-04 5.080043e-04 5.030272e-04 4.947639e-04 4.832618e-04 4.685866e-04 4.508223e-04 4.300700e-04 4.064478e-04 3.800894e-04 3.511439e-04 3.197746e-04 2.861579e-04 2.504826e-04 2.129485e-04 1.737655e-04 1.331524e-04 9.133552e-05 4.854798e-05 5.028334e-06 3.898019e-05 8.323045e-05 1.274720e-04 1.714513e-04 2.149122e-04 2.575962e-04 2.992423e-04 3.395876e-04 3.783680e-04 4.153189e-04 4.501772e-04 4.826833e-04 5.125836e-04 5.396343e-04 5.636053e-04 5.842845e-04 6.014824e-04 6.150362e-04 6.248148e-04 6.307214e-04 6.326969e-04 
4.942208e-04 4.926072e-04 4.877754e-04 4.797533e-04 4.685866e-04 4.543392e-04 4.370922e-04 4.169437e-04 3.940081e-04 3.684150e-04 3.403090e-04 3.098485e-04 2.772046e-04 2.425606e-04 2.061106e-04 1.680583e-04 1.286163e-04 8.800475e-05 4.645031e-05 4.185122e-06 3.855397e-05 8.152621e-05 1.244875e-04 1.671907e-04 2.093862e-04 2.508220e-04 2.912438e-04 3.303960e-04 3.680216e-04 4.038642e-04 4.376687e-04 4.691840e-04 4.981655e-04 5.243784e-04 5.476013e-04 5.676306e-04 5.842845e-04 5.974076e-04 6.068741e-04 6.125916e-04 6.145038e-04 
4.755247e-04 4.739697e-04 4.693137e-04 4.615832e-04 4.508223e-04 4.370922e-04 4.204710e-04 4.010528e-04 3.789476e-04 3.542803e-04 3.271898e-04 2.978285e-04 2.663614e-04 2.329649e-04 1.978259e-04 1.611411e-04 1.231154e-04 8.396137e-05 4.389778e-05 3.149034e-06 3.805586e-05 7.948393e-05 1.208989e-04 1.620614e-04 2.027299e-04 2.426602e-04 2.816065e-04 3.193215e-04 3.555577e-04 3.900676e-04 4.226062e-04 4.529326e-04 4.808125e-04 5.060217e-04 5.283492e-04 5.476013e-04 5.636053e-04 5.762138e-04 5.853077e-04 5.907997e-04 5.926363e-04 
4.536849e-04 4.521984e-04 4.477475e-04 4.403574e-04 4.300700e-04 4.169437e-04 4.010528e-04 3.824871e-04 3.613512e-04 3.377644e-04 3.118591e-04 2.837809e-04 2.536872e-04 2.217466e-04 1.881378e-04 1.530488e-04 1.166758e-04 7.922215e-05 4.089766e-05 1.917513e-06 3.749851e-05 7.712666e-05 1.167398e-04 1.561081e-04 1.949991e-04 2.331782e-04 2.704094e-04 3.064556e-04 3.410794e-04 3.740447e-04 4.051176e-04 4.340688e-04 4.606759e-04 4.847267e-04 5.060217e-04 5.243784e-04 5.396343e-04 5.516508e-04 5.603164e-04 5.655491e-04 5.672989e-04 
4.288261e-04 4.274175e-04 4.231997e-04 4.161967e-04 4.064478e-04 3.940081e-04 3.789476e-04 3.613512e-04 3.413178e-04 3.189597e-04 2.944023e-04 2.677832e-04 2.392513e-04 2.089662e-04 1.770972e-04 1.438224e-04 1.093280e-04 7.380709e-05 3.745893e-05 4.881675e-07 3.689600e-05 7.448047e-05 1.120488e-04 1.493817e-04 1.862576e-04 2.224529e-04 2.577429e-04 2.919018e-04 3.247044e-04 3.559267e-04 3.853475e-04 4.127504e-04 4.379264e-04 4.606759e-04 4.808125e-04 4.981655e-04 5.125836e-04 5.239376e-04 5.321241e-04 5.370669e-04 5.387196e-04 
4.010894e-04 3.997676e-04 3.958098e-04 3.892381e-04 3.800894e-04 3.684150e-04 3.542803e-04 3.377644e-04 3.189597e-04 2.979712e-04 2.749162e-04 2.499234e-04 2.231322e-04 1.946921e-04 1.647620e-04 1.335088e-04 1.011075e-04 6.773950e-05 3.359245e-05 1.140958e-06 3.626347e-05 7.157396e-05 1.068681e-04 1.419386e-04 1.765762e-04 2.105697e-04 2.437069e-04 2.757752e-04 3.065623e-04 3.358579e-04 3.634547e-04 3.891506e-04 4.127504e-04 4.340688e-04 4.529326e-04 4.691840e-04 4.826833e-04 4.933115e-04 5.009733e-04 5.055987e-04 5.071453e-04 
3.706320e-04 3.694055e-04 3.657328e-04 3.596343e-04 3.511439e-04 3.403090e-04 3.271898e-04 3.118591e-04 2.944023e-04 2.749162e-04 2.535092e-04 2.303002e-04 2.054182e-04 1.790016e-04 1.511974e-04 1.221609e-04 9.205418e-05 6.104609e-05 2.931114e-05 2.971101e-06 3.561665e-05 6.843774e-05 1.012434e-04 1.338400e-04 1.660316e-04 1.976210e-04 2.284099e-04 2.581998e-04 2.867930e-04 3.139939e-04 3.396102e-04 3.634547e-04 3.853475e-04 4.051176e-04 4.226062e-04 4.376687e-04 4.501772e-04 4.600234e-04 4.671202e-04 4.714041e-04 4.728364e-04 
3.376260e-04 3.365026e-04 3.331385e-04 3.275522e-04 3.197746e-04 3.098485e-04 2.978285e-04 2.837809e-04 2.677832e-04 2.499234e-04 2.303002e-04 2.090219e-04 1.862061e-04 1.619792e-04 1.364757e-04 1.098373e-04 8.221280e-05 5.375698e-05 2.463015e-05 5.002502e-06 3.497155e-05 6.510386e-05 9.522318e-05 1.251507e-04 1.547054e-04 1.837052e-04 2.119668e-04 2.393074e-04 2.655448e-04 2.904991e-04 3.139939e-04 3.358579e-04 3.559267e-04 3.740447e-04 3.900676e-04 4.038642e-04 4.153189e-04 4.243338e-04 4.308304e-04 4.347517e-04 4.360627e-04 
3.022573e-04 3.012442e-04 2.982105e-04 2.931726e-04 2.861579e-04 2.772046e-04 2.663614e-04 2.536872e-04 2.392513e-04 2.231322e-04 2.054182e-04 1.862061e-04 1.656015e-04 1.437176e-04 1.206753e-04 9.660228e-05 7.163251e-05 4.590577e-05 1.956702e-05 7.234128e-06 3.434398e-05 6.160529e-05 8.885776e-05 1.159386e-04 1.426831e-04 1.689253e-04 1.944984e-04 2.192360e-04 2.429725e-04 2.655448e-04 2.867930e-04 3.065623e-04 3.247044e-04 3.410794e-04 3.555577e-04 3.680216e-04 3.783680e-04 3.865092e-04 3.923756e-04 3.959161e-04 3.970997e-04 
2.647244e-04 2.638284e-04 2.611449e-04 2.566884e-04 2.504826e-04 2.425606e-04 2.329649e-04 2.217466e-04 2.089662e-04 1.946921e-04 1.790016e-04 1.619792e-04 1.437176e-04 1.243162e-04 1.038813e-04 8.252543e-05 6.036695e-05 3.752955e-05 1.414178e-05 9.663415e-06 3.374922e-05 5.797541e-05 8.219881e-05 1.062739e-04 1.300532e-04 1.533882e-04 1.761295e-04 1.981280e-04 2.192360e-04 2.393074e-04 2.581998e-04 2.757752e-04 2.919018e-04 3.064556e-04 3.193215e-04 3.303960e-04 3.395876e-04 3.468195e-04 3.520300e-04 3.551745e-04 3.562257e-04 
2.252378e-04 2.244647e-04 2.221495e-04 2.183041e-04 2.129485e-04 2.061106e-04 1.978259e-04 1.881378e-04 1.770972e-04 1.647620e-04 1.511974e-04 1.364757e-04 1.206753e-04 1.038813e-04 8.618453e-05 6.768153e-05 4.847411e-05 2.866892e-05 8.377121e-06 1.228603e-05 3.320163e-05 5.424751e-05 7.529871e-05 9.622797e-05 1.169062e-04 1.372031e-04 1.569878e-04 1.761295e-04 1.944984e-04 2.119668e-04 2.284099e-04 2.437069e-04 2.577429e-04 2.704094e-04 2.816065e-04 2.912438e-04 2.992423e-04 3.055350e-04 3.100688e-04 3.128047e-04 3.137194e-04 
1.840181e-04 1.833733e-04 1.814422e-04 1.782343e-04 1.737655e-04 1.680583e-04 1.611411e-04 1.530488e-04 1.438224e-04 1.335088e-04 1.221609e-04 1.098373e-04 9.660228e-05 8.252543e-05 6.768153e-05 5.215032e-05 3.601620e-05 1.936794e-05 2.298433e-06 1.509568e-05 3.271433e-05 5.045436e-05 6.820995e-05 8.587304e-05 1.033338e-04 1.204810e-04 1.372031e-04 1.533882e-04 1.689253e-04 1.837052e-04 1.976210e-04 2.105697e-04 2.224529e-04 2.331782e-04 2.426602e-04 2.508220e-04 2.575962e-04 2.629260e-04 2.667660e-04 2.690834e-04 2.698581e-04 
1.412952e-04 1.407833e-04 1.392500e-04 1.367025e-04 1.331524e-04 1.286163e-04 1.231154e-04 1.166758e-04 1.093280e-04 1.011075e-04 9.205418e-05 8.221280e-05 7.163251e-05 6.036695e-05 4.847411e-05 3.601620e-05 2.305949e-05 9.674120e-06 4.066100e-06 1.808392e-05 3.229892e-05 4.662779e-05 6.098464e-05 7.528139e-05 8.942817e-05 1.033338e-04 1.169062e-04 1.300532e-04 1.426831e-04 1.547054e-04 1.660316e-04 1.765762e-04 1.862576e-04 1.949991e-04 2.027299e-04 2.093862e-04 2.149122e-04 2.192607e-04 2.223941e-04 2.242853e-04 2.249175e-04 
9.730665e-05 9.693160e-05 9.580792e-05 9.394008e-05 9.133552e-05 8.800475e-05 8.396137e-05 7.922215e-05 7.380709e-05 6.773950e-05 6.104609e-05 5.375698e-05 4.590577e-05 3.752955e-05 2.866892e-05 1.936794e-05 9.674120e-06 3.617141e-07 1.068549e-05 2.124003e-05 3.196525e-05 4.279833e-05 5.367400e-05 6.452479e-05 7.528139e-05 8.587304e-05 9.622797e-05 1.062739e-04 1.159386e-04 1.251507e-04 1.338400e-04 1.419386e-04 1.493817e-04 1.561081e-04 1.620614e-04 1.671907e-04 1.714513e-04 1.748054e-04 1.772231e-04 1.786826e-04 1.791706e-04 
5.229704e-05 5.206200e-05 5.135744e-05 5.018512e-05 4.854798e-05 4.645031e-05 4.389778e-05 4.089766e-05 3.745893e-05 3.359245e-05 2.931114e-05 2.463015e-05 1.956702e-05 1.414178e-05 8.377121e-06 2.298433e-06 4.066100e-06 1.068549e-05 1.752594e-05 2.455091e-05 3.172116e-05 3.899491e-05 4.632799e-05 5.367400e-05 6.098464e-05 6.820995e-05 7.529871e-05 8.219881e-05 8.885776e-05 9.522318e-05 1.012434e-04 1.068681e-04 1.120488e-04 1.167398e-04 1.208989e-04 1.244875e-04 1.274720e-04 1.298238e-04 1.315203e-04 1.325449e-04 1.328876e-04 
6.516315e-06 6.423759e-06 6.145724e-06 5.681145e-06 5.028334e-06 4.185122e-06 3.149034e-06 1.917513e-06 4.881675e-07 1.140958e-06 2.971101e-06 5.002502e-06 7.234128e-06 9.663415e-06 1.228603e-05 1.509568e-05 1.808392e-05 2.124003e-05 2.455091e-05 2.800102e-05 3.157238e-05 3.524460e-05 3.899491e-05 4.279833e-05 4.662779e-05 5.045436e-05 5.424751e-05 5.797541e-05 6.160529e-05 6.510386e-05 6.843774e-05 7.157396e-05 7.448047e-05 7.712666e-05 7.948393e-05 8.152621e-05 8.323045e-05 8.457709e-05 8.555046e-05 8.613912e-05 8.633613e-05 
3.978090e-05 3.972920e-05 3.957546e-05 3.932362e-05 3.898019e-05 3.855397e-05 3.805586e-05 3.749851e-05 3.689600e-05 3.626347e-05 3.561665e-05 3.497155e-05 3.434398e-05 3.374922e-05 3.320163e-05 3.271433e-05 3.229892e-05 3.196525e-05 3.172116e-05 3.157238e-05 3.152240e-05 3.157238e-05 3.172116e-05 3.196525e-05 3.229892e-05 3.271433e-05 3.320163e-05 3.374922e-05 3.434398e-05 3.497155e-05 3.561665e-05 3.626347e-05 3.689600e-05 3.749851e-05 3.805586e-05 3.855397e-05 3.898019e-05 3.932362e-05 3.957546e-05 3.972920e-05 3.978090e-05 
8.633613e-05 8.613912e-05 8.555046e-05 8.457709e-05 8.323045e-05 8.152621e-05 7.948393e-05 7.712666e-05 7.448047e-05 7.157396e-05 6.843774e-05 6.510386e-05 6.160529e-05 5.797541e-05 5.424751e-05 5.045436e-05 4.662779e-05 4.279833e-05 3.899491e-05 3.524460e-05 3.157238e-05 2.800102e-05 2.455091e-05 2.124003e-05 1.808392e-05 1.509568e-05 1.228603e-05 9.663415e-06 7.234128e-06 5.002502e-06 2.971101e-06 1.140958e-06 4.881675e-07 1.917513e-06 3.149034e-06 4.185122e-06 5.028334e-06 5.681145e-06 6.145724e-06 6.423759e-06 6.516315e-06 
1.328876e-04 1.325449e-04 1.315203e-04 1.298238e-04 1.274720e-04 1.244875e-04 1.208989e-04 1.167398e-04 1.120488e-04 1.068681e-04 1.012434e-04 9.522318e-05 8.885776e-05 8.219881e-05 7.529871e-05 6.820995e-05 6.098464e-05 5.367400e-05 4.632799e-05 3.899491e-05 3.172116e-05 2.455091e-05 1.752594e-05 1.068549e-05 4.066100e-06 2.298433e-06 8.377121e-06 1.414178e-05 1.956702e-05 2.463015e-05 2.931114e-05 3.359245e-05 3.745893e-05 4.089766e-05 4.389778e-05 4.645031e-05 4.854798e-05 5.018512e-05 5.135744e-05 5.206200e-05 5.229704e-05 
1.791706e-04 1.786826e-04 1.772231e-04 1.748054e-04 1.714513e-04 1.671907e-04 1.620614e-04 1.561081e-04 1.493817e-04 1.419386e-04 1.338400e-04 1.251507e-04 1.159386e-04 1.062739e-04 9.622797e-05 8.587304e-05 7.528139e-05 6.452479e-05 5.367400e-05 4.279833e-05 3.196525e-05 2.124003e-05 1.068549e-05 3.617141e-07 9.674120e-06 1.936794e-05 2.866892e-05 3.752955e-05 4.590577e-05 5.375698e-05 6.104609e-05 6.773950e-05 7.380709e-05 7.922215e-05 8.396137e-05 8.800475e-05 9.133552e-05 9.394008e-05 9.580792e-05 9.693160e-05 9.730665e-05 
2.249175e-04 2.242853e-04 2.223941e-04 2.192607e-04 2.149122e-04 2.093862e-04 2.027299e-04 1.949991e-04 1.862576e-04 1.765762e-04 1.660316e-04 1.547054e-04 1.426831e-04 1.300532e-04 1.169062e-04 1.033338e-04 8.942817e-05 7.528139e-05 6.098464e-05 4.662779e-05 3.229892e-05 1.808392e-05 4.066100e-06 9.674120e-06 2.305949e-05 3.601620e-05 4.847411e-05 6.036695e-05 7.163251e-05 8.221280e-05 9.205418e-05 1.011075e-04 1.093280e-04 1.166758e-04 1.231154e-04 1.286163e-04 1.331524e-04 1.367025e-04 1.392500e-04 1.407833e-04 1.412952e-04 
2.698581e-04 2.690834e-04 2.667660e-04 2.629260e-04 2.575962e-04 2.508220e-04 2.426602e-04 2.331782e-04 2.224529e-04 2.105697e-04 1.976210e-04 1.837052e-04 1.689253e-04 1.533882e-04 1.372031e-04 1.204810e-04 1.033338e-04 8.587304e-05 6.820995e-05 5.045436e-05 3.271433e-05 1.509568e-05 2.298433e-06 1.936794e-05 3.601620e-05 5.215032e-05 6.768153e-05 8.252543e-05 9.660228e-05 1.098373e-04 1.221609e-04 1.335088e-04 1.438224e-04 1.530488e-04 1.611411e-04 1.680583e-04 1.737655e-04 1.782343e-04 1.814422e-04 1.833733e-04 1.840181e-04 
3.137194e-04 3.128047e-04 3.100688e-04 3.055350e-04 2.992423e-04 2.912438e-04 2.816065e-04 2.704094e-04 2.577429e-04 2.437069e-04 2.284099e-04 2.119668e-04 1.944984e-04 1.761295e-04 1.569878e-04 1.372031e-04 1.169062e-04 9.622797e-05 7.529871e-05 5.424751e-05 3.320163e-05 1.228603e-05 8.377121e-06 2.866892e-05 4.847411e-05 6.768153e-05 8.618453e-05 1.038813e-04 1.206753e-04 1.364757e-04 1.511974e-04 1.647620e-04 1.770972e-04 1.881378e-04 1.978259e-04 2.061106e-04 2.129485e-04 2.183041e-04 2.221495e-04 2.244647e-04 2.252378e-04 
3.562257e-04 3.551745e-04 3.520300e-04 3.468195e-04 3.395876e-04 3.303960e-04 3.193215e-04 3.064556e-04 2.919018e-04 2.757752e-04 2.581998e-04 2.393074e-04 2.192360e-04 1.981280e-04 1.761295e-04 1.533882e-04 1.300532e-04 1.062739e-04 8.219881e-05 5.797541e-05 3.374922e-05 9.663415e-06 1.414178e-05 3.752955e-05 6.036695e-05 8.252543e-05 1.038813e-04 1.243162e-04 1.437176e-04 1.619792e-04 1.790016e-04 1.946921e-04 2.089662e-04 2.217466e-04 2.329649e-04 2.425606e-04 2.504826e-04 2.566884e-04 2.611449e-04 2.638284e-04 2.647244e-04 
3.970997e-04 3.959161e-04 3.923756e-04 3.865092e-04 3.783680e-04 3.680216e-04 3.555577e-04 3.410794e-04 3.247044e-04 3.065623e-04 2.867930e-04 2.655448e-04 2.429725e-04 2.192360e-04 1.944984e-04 1.689253e-04 1.426831e-04 1.159386e-04 8.885776e-05 6.160529e-05 3.434398e-05 7.234128e-06 1.956702e-05 4.590577e-05 7.163251e-05 9.660228e-05 1.206753e-04 1.437176e-04 1.656015e-04 1.862061e-04 2.054182e-04 2.231322e-04 2.392513e-04 2.536872e-04 2.663614e-04 2.772046e-04 2.861579e-04 2.931726e-04 2.982105e-04 3.012442e-04 3.022573e-04 
4.360627e-04 4.347517e-04 4.308304e-04 4.243338e-04 4.153189e-04 4.038642e-04 3.900676e-04 3.740447e-04 3.559267e-04 3.358579e-04 3.139939e-04 2.904991e-04 2.655448e-04 2.393074e-04 2.119668e-04 1.837052e-04 1.547054e-04 1.251507e-04 9.522318e-05 6.510386e-05 3.497155e-05 5.002502e-06 2.463015e-05 5.375698e-05 8.221280e-05 1.098373e-04 1.364757e-04 1.619792e-04 1.862061e-04 2.090219e-04 2.303002e-04 2.499234e-04 2.677832e-04 2.837809e-04 2.978285e-04 3.098485e-04 3.197746e-04 3.275522e-04 3.331385e-04 3.365026e-04 3.376260e-04 
4.728364e-04 4.714041e-04 4.671202e-04 4.600234e-04 4.501772e-04 4.376687e-04 4.226062e-04 4.051176e-04 3.853475e-04 3.634547e-04 3.396102e-04 3.139939e-04 2.867930e-04 2.581998e-04 2.284099e-04 1.976210e-04 1.660316e-04 1.338400e-04 1.012434e-04 6.843774e-05 3.561665e-05 2.971101e-06 2.931114e-05 6.104609e-05 9.205418e-05 1.221609e-04 1.511974e-04 1.790016e-04 2.054182e-04 2.303002e-04 2.535092e-04 2.749162e-04 2.944023e-04 3.118591e-04 3.271898e-04 3.403090e-04 3.511439e-04 3.596343e-04 3.657328e-04 3.694055e-04 3.706320e-04 
5.071453e-04 5.055987e-04 5.009733e-04 4.933115e-04 4.826833e-04 4.691840e-04 4.529326e-04 4.340688e-04 4.127504e-04 3.891506e-04 3.634547e-04 3.358579e-04 3.065623e-04 2.757752e-04 2.437069e-04 2.105697e-04 1.765762e-04 1.419386e-04 1.068681e-04 7.157396e-05 3.626347e-05 1.140958e-06 3.359245e-05 6.773950e-05 1.011075e-04 1.335088e-04 1.647620e-04 1.946921e-04 2.231322e-04 2.499234e-04 2.749162e-04 2.979712e-04 3.189597e-04 3.377644e-04 3.542803e-04 3.684150e-04 3.800894e-04 3.892381e-04 3.958098e-04 3.997676e-04 4.010894e-04 
5.387196e-04 5.370669e-04 5.321241e-04 5.239376e-04 5.125836e-04 4.981655e-04 4.808125e-04 4.606759e-04 4.379264e-04 4.127504e-04 3.853475e-04 3.559267e-04 3.247044e-04 2.919018e-04 2.577429e-04 2.224529e-04 1.862576e-04 1.493817e-04 1.120488e-04 7.448047e-05 3.689600e-05 4.881675e-07 3.745893e-05 7.380709e-05 1.093280e-04 1.438224e-04 1.770972e-04 2.089662e-04 2.392513e-04 2.677832e-04 2.944023e-04 3.189597e-04 3.413178e-04 3.613512e-04 3.789476e-04 3.940081e-04 4.064478e-04 4.161967e-04 4.231997e-04 4.274175e-04 4.288261e-04 
5.672989e-04 5.655491e-04 5.603164e-04 5.516508e-04 5.396343e-04 5.243784e-04 5.060217e-04 4.847267e-04 4.606759e-04 4.340688e-04 4.051176e-04 3.740447e-04 3.410794e-04 3.064556e-04 2.704094e-04 2.331782e-04 1.949991e-04 1.561081e-04 1.167398e-04 7.712666e-05 3.749851e-05 1.917513e-06 4.089766e-05 7.922215e-05 1.166758e-04 1.530488e-04 1.881378e-04 2.217466e-04 2.536872e-04 2.837809e-04 3.118591e-04 3.377644e-04 3.613512e-04 3.824871e-04 4.010528e-04 4.169437e-04 4.300700e-04 4.403574e-04 4.477475e-04 4.521984e-04 4.536849e-04 
5.926363e-04 5.907997e-04 5.853077e-04 5.762138e-04 5.636053e-04 5.476013e-04 5.283492e-04 5.060217e-04 4.808125e-04 4.529326e-04 4.226062e-04 3.900676e-04 3.555577e-04 3.193215e-04 2.816065e-04 2.426602e-04 2.027299e-04 1.620614e-04 1.208989e-04 7.948393e-05 3.805586e-05 3.149034e-06 4.389778e-05 8.396137e-05 1.231154e-04 1.611411e-04 1.978259e-04 2.329649e-04 2.663614e-04 2.978285e-04 3.271898e-04 3.542803e-04 3.789476e-04 4.010528e-04 4.204710e-04 4.370922e-04 4.508223e-04 4.615832e-04 4.693137e-04 4.739697e-04 4.755247e-04 
6.145038e-04 6.125916e-04 6.068741e-04 5.974076e-04 5.842845e-04 5.676306e-04 5.476013e-04 5.243784e-04 4.981655e-04 4.691840e-04 4.376687e-04 4.038642e-04 3.680216e-04 3.303960e-04 2.912438e-04 2.508220e-04 2.093862e-04 1.671907e-04 1.244875e-04 8.152621e-05 3.855397e-05 4.185122e-06 4.645031e-05 8.800475e-05 1.286163e-04 1.680583e-04 2.061106e-04 2.425606e-04 2.772046e-04 3.098485e-04 3.403090e-04 3.684150e-04 3.940081e-04 4.169437e-04 4.370922e-04 4.543392e-04 4.685866e-04 4.797533e-04 4.877754e-04 4.926072e-04 4.942208e-04 
6.326969e-04 6.307214e-04 6.248148e-04 6.150362e-04 6.014824e-04 5.842845e-04 5.636053e-04 5.396343e-04 5.125836e-04 4.826833e-04 4.501772e-04 4.153189e-04 3.783680e-04 3.395876e-04 2.992423e-04 2.575962e-04 2.149122e-04 1.714513e-04 1.274720e-04 8.323045e-05 3.898019e-05 5.028334e-06 4.854798e-05 9.133552e-05 1.331524e-04 1.737655e-04 2.129485e-04 2.504826e-04 2.861579e-04 3.197746e-04 3.511439e-04 3.800894e-04 4.064478e-04 4.300700e-04 4.508223e-04 4.685866e-04 4.832618e-04 4.947639e-04 5.030272e-04 5.080043e-04 5.096665e-04 
6.470397e-04 6.450140e-04 6.389575e-04 6.289316e-04 6.150362e-04 5.974076e-04 5.762138e-04 5.516508e-04 5.239376e-04 4.933115e-04 4.600234e-04 4.243338e-04 3.865092e-04 3.468195e-04 3.055350e-04 2.629260e-04 2.192607e-04 1.748054e-04 1.298238e-04 8.457709e-05 3.932362e-05 5.681145e-06 5.018512e-05 9.394008e-05 1.367025e-04 1.782343e-04 2.183041e-04 2.566884e-04 2.931726e-04 3.275522e-04 3.596343e-04 3.892381e-04 4.161967e-04 4.403574e-04 4.615832e-04 4.797533e-04 4.947639e-04 5.065292e-04 5.149817e-04 5.200727e-04 5.217730e-04 
6.573901e-04 6.553280e-04 6.491628e-04 6.389575e-04 6.248148e-04 6.068741e-04 5.853077e-04 5.603164e-04 5.321241e-04 5.009733e-04 4.671202e-04 4.308304e-04 3.923756e-04 3.520300e-04 3.100688e-04 2.667660e-04 2.223941e-04 1.772231e-04 1.315203e-04 8.555046e-05 3.957546e-05 6.145724e-06 5.135744e-05 9.580792e-05 1.392500e-04 1.814422e-04 2.221495e-04 2.611449e-04 2.982105e-04 3.331385e-04 3.657328e-04 3.958098e-04 4.231997e-04 4.477475e-04 4.693137e-04 4.877754e-04 5.030272e-04 5.149817e-04 5.235702e-04 5.287431e-04 5.304708e-04 
6.636432e-04 6.615590e-04 6.553280e-04 6.450140e-04 6.307214e-04 6.125916e-04 5.907997e-04 5.655491e-04 5.370669e-04 5.055987e-04 4.714041e-04 4.347517e-04 3.959161e-04 3.551745e-04 3.128047e-04 2.690834e-04 2.242853e-04 1.786826e-04 1.325449e-04 8.613912e-05 3.972920e-05 6.423759e-06 5.206200e-05 9.693160e-05 1.407833e-04 1.833733e-04 2.244647e-04 2.638284e-04 3.012442e-04 3.365026e-04 3.694055e-04 3.997676e-04 4.274175e-04 4.521984e-04 4.739697e-04 4.926072e-04 5.080043e-04 5.200727e-04 5.287431e-04 5.339655e-04 5.357096e-04 
6.657348e-04 6.636432e-04 6.573901e-04 6.470397e-04 6.326969e-04 6.145038e-04 5.926363e-04 5.672989e-04 5.387196e-04 5.071453e-04 4.728364e-04 4.360627e-04 3.970997e-04 3.562257e-04 3.137194e-04 2.698581e-04 2.249175e-04 1.791706e-04 1.328876e-04 8.633613e-05 3.978090e-05 6.516315e-06 5.229704e-05 9.730665e-05 1.412952e-04 1.840181e-04 2.252378e-04 2.647244e-04 3.022573e-04 3.376260e-04 3.706320e-04 4.010894e-04 4.288261e-04 4.536849e-04 4.755247e-04 4.942208e-04 5.096665e-04 5.217730e-04 5.304708e-04 5.357096e-04 5.374592e-04 
