2.151675e-03 2.123656e-03 2.040240e-03 1.903326e-03 1.716017e-03 1.482528e-03 1.208077e-03 8.987634e-04 5.614168e-04 2.034468e-04 1.673111e-04 5.427192e-04 9.144070e-04 1.273783e-03 1.612013e-03 1.920042e-03 2.188728e-03 2.409190e-03 2.573370e-03 2.674741e-03 2.709029e-03 
2.123656e-03 2.095990e-03 2.013623e-03 1.878428e-03 1.693466e-03 1.462896e-03 1.191868e-03 8.864040e-04 5.532504e-04 1.997282e-04 1.664163e-04 5.371331e-04 9.041388e-04 1.258930e-03 1.592772e-03 1.896720e-03 2.161764e-03 2.379171e-03 2.541031e-03 2.640949e-03 2.674741e-03 
2.040240e-03 2.013623e-03 1.934376e-03 1.804297e-03 1.626317e-03 1.404430e-03 1.143586e-03 8.495764e-04 5.288963e-04 1.886034e-04 1.638237e-04 5.205994e-04 8.737021e-04 1.214898e-03 1.535743e-03 1.827628e-03 2.081929e-03 2.290340e-03 2.445379e-03 2.541031e-03 2.573370e-03 
1.903326e-03 1.878428e-03 1.804297e-03 1.682599e-03 1.516064e-03 1.308413e-03 1.064264e-03 7.890298e-04 4.887916e-04 1.701706e-04 1.597987e-04 4.937736e-04 8.241733e-04 1.143216e-03 1.442947e-03 1.715302e-03 1.952275e-03 2.146227e-03 2.290340e-03 2.379171e-03 2.409190e-03 
1.716017e-03 1.693466e-03 1.626317e-03 1.516064e-03 1.365160e-03 1.176950e-03 9.556006e-04 7.060030e-04 4.336674e-04 1.446113e-04 1.547490e-04 4.576916e-04 7.572591e-04 1.046309e-03 1.317565e-03 1.563706e-03 1.777538e-03 1.952275e-03 2.081929e-03 2.161764e-03 2.188728e-03 
1.482528e-03 1.462896e-03 1.404430e-03 1.308413e-03 1.176950e-03 1.012923e-03 8.199302e-04 6.022087e-04 3.645505e-04 1.122111e-04 1.491792e-04 4.136949e-04 6.751827e-04 9.273226e-04 1.163698e-03 1.377903e-03 1.563706e-03 1.715302e-03 1.827628e-03 1.896720e-03 1.920042e-03 
1.208077e-03 1.191868e-03 1.143586e-03 1.064264e-03 9.556006e-04 8.199302e-04 6.601788e-04 4.798103e-04 2.827634e-04 7.338481e-05 1.436380e-04 3.633417e-04 5.805492e-04 7.899344e-04 9.861022e-04 1.163698e-03 1.317565e-03 1.442947e-03 1.535743e-03 1.592772e-03 1.612013e-03 
8.987634e-04 8.864040e-04 8.495764e-04 7.890298e-04 7.060030e-04 6.022087e-04 4.798103e-04 3.413915e-04 1.899187e-04 2.869946e-05 1.386627e-04 3.083158e-04 4.762111e-04 6.381646e-04 7.899344e-04 9.273226e-04 1.046309e-03 1.143216e-03 1.214898e-03 1.258930e-03 1.273783e-03 
5.614168e-04 5.532504e-04 5.288963e-04 4.887916e-04 4.336674e-04 3.645505e-04 2.827634e-04 1.899187e-04 8.790932e-05 2.110722e-05 1.347297e-04 2.503408e-04 3.651438e-04 4.762111e-04 5.805492e-04 6.751827e-04 7.572591e-04 8.241733e-04 8.737021e-04 9.041388e-04 9.144070e-04 
2.034468e-04 1.997282e-04 1.886034e-04 1.701706e-04 1.446113e-04 1.122111e-04 7.338481e-05 2.869946e-05 2.110722e-05 7.511400e-05 1.322115e-04 1.911070e-04 2.503408e-04 3.083158e-04 3.633417e-04 4.136949e-04 4.576916e-04 4.937736e-04 5.205994e-04 5.371331e-04 5.427192e-04 
1.673111e-04 1.664163e-04 1.638237e-04 1.597987e-04 1.547490e-04 1.491792e-04 1.436380e-04 1.386627e-04 1.347297e-04 1.322115e-04 1.313450e-04 1.322115e-04 1.347297e-04 1.386627e-04 1.436380e-04 1.491792e-04 1.547490e-04 1.597987e-04 1.638237e-04 1.664163e-04 1.673111e-04 
5.427192e-04 5.371331e-04 5.205994e-04 4.937736e-04 4.576916e-04 4.136949e-04 3.633417e-04 3.083158e-04 2.503408e-04 1.911070e-04 1.322115e-04 7.511400e-05 2.110722e-05 2.869946e-05 7.338481e-05 1.122111e-04 1.446113e-04 1.701706e-04 1.886034e-04 1.997282e-04 2.034468e-04 
9.144070e-04 9.041388e-04 8.737021e-04 8.241733e-04 7.572591e-04 6.751827e-04 5.805492e-04 4.762111e-04 3.651438e-04 2.503408e-04 1.347297e-04 2.110722e-05 8.790932e-05 1.899187e-04 2.827634e-04 3.645505e-04 4.336674e-04 4.887916e-04 5.288963e-04 5.532504e-04 5.614168e-04 
1.273783e-03 1.258930e-03 1.214898e-03 1.143216e-03 1.046309e-03 9.273226e-04 7.899344e-04 6.381646e-04 4.762111e-04 3.083158e-04 1.386627e-04 2.869946e-05 1.899187e-04 3.413915e-04 4.798103e-04 6.022087e-04 7.060030e-04 7.890298e-04 8.495764e-04 8.864040e-04 8.987634e-04 
1.612013e-03 1.592772e-03 1.535743e-03 1.442947e-03 1.317565e-03 1.163698e-03 9.861022e-04 7.899344e-04 5.805492e-04 3.633417e-04 1.436380e-04 7.338481e-05 2.827634e-04 4.798103e-04 6.601788e-04 8.199302e-04 9.556006e-04 1.064264e-03 1.143586e-03 1.191868e-03 1.208077e-03 
1.920042e-03 1.896720e-03 1.827628e-03 1.715302e-03 1.563706e-03 1.377903e-03 1.163698e-03 9.273226e-04 6.751827e-04 4.136949e-04 1.491792e-04 1.122111e-04 3.645505e-04 6.022087e-04 8.199302e-04 1.012923e-03 1.176950e-03 1.308413e-03 1.404430e-03 1.462896e-03 1.482528e-03 
2.188728e-03 2.161764e-03 2.081929e-03 1.952275e-03 1.777538e-03 1.563706e-03 1.317565e-03 1.046309e-03 7.572591e-04 4.576916e-04 1.547490e-04 1.446113e-04 4.336674e-04 7.060030e-04 9.556006e-04 1.176950e-03 1.365160e-03 1.516064e-03 1.626317e-03 1.693466e-03 1.716017e-03 
2.409190e-03 2.379171e-03 2.290340e-03 2.146227e-03 1.952275e-03 1.715302e-03 1.442947e-03 1.143216e-03 8.241733e-04 4.937736e-04 1.597987e-04 1.701706e-04 4.887916e-04 7.890298e-04 1.064264e-03 1.308413e-03 1.516064e-03 1.682599e-03 1.804297e-03 1.878428e-03 1.903326e-03 
2.573370e-03 2.541031e-03 2.445379e-03 2.290340e-03 2.081929e-03 1.827628e-03 1.535743e-03 1.214898e-03 8.737021e-04 5.205994e-04 1.638237e-04 1.886034e-04 5.288963e-04 8.495764e-04 1.143586e-03 1.404430e-03 1.626317e-03 1.804297e-03 1.934376e-03 2.013623e-03 2.040240e-03 
2.674741e-03 2.640949e-03 2.541031e-03 2.379171e-03 2.161764e-03 1.896720e-03 1.592772e-03 1.258930e-03 9.041388e-04 5.371331e-04 1.664163e-04 1.997282e-04 5.532504e-04 8.864040e-04 1.191868e-03 1.462896e-03 1.693466e-03 1.878428e-03 2.013623e-03 2.095990e-03 2.123656e-03 
2.709029e-03 2.674741e-03 2.573370e-03 2.409190e-03 2.188728e-03 1.920042e-03 1.612013e-03 1.273783e-03 9.144070e-04 5.427192e-04 1.673111e-04 2.034468e-04 5.614168e-04 8.987634e-04 1.208077e-03 1.482528e-03 1.716017e-03 1.903326e-03 2.040240e-03 2.123656e-03 2.151675e-03 
