1.344220e-04 1.343127e-04 1.339850e-04 1.334393e-04 1.326765e-04 1.316977e-04 1.305042e-04 1.290978e-04 1.274806e-04 1.256548e-04 1.236232e-04 1.213886e-04 1.189542e-04 1.163235e-04 1.135004e-04 1.104889e-04 1.072931e-04 1.039179e-04 1.003678e-04 9.664806e-05 9.276387e-05 8.872077e-05 8.452448e-05 8.018094e-05 7.569631e-05 7.107690e-05 6.632923e-05 6.146000e-05 5.647604e-05 5.138438e-05 4.619215e-05 4.090663e-05 3.553523e-05 3.008548e-05 2.456499e-05 1.898148e-05 1.334277e-05 7.656729e-06 1.931327e-06 3.825417e-06 9.605424e-06 1.540056e-05 2.120264e-05 2.700343e-05 3.279467e-05 3.856804e-05 4.431520e-05 5.002774e-05 5.569725e-05 6.131528e-05 6.687331e-05 7.236284e-05 7.777530e-05 8.310212e-05 8.833469e-05 9.346440e-05 9.848264e-05 1.033808e-04 1.081503e-04 1.127825e-04 1.172691e-04 1.216014e-04 1.257713e-04 1.297706e-04 1.335912e-04 1.372252e-04 1.406650e-04 1.439033e-04 1.469329e-04 1.497472e-04 1.523397e-04 1.547045e-04 1.568360e-04 1.587291e-04 1.603793e-04 1.617827e-04 1.629357e-04 1.638354e-04 1.644797e-04 1.648669e-04 1.649961e-04 
1.343127e-04 1.342035e-04 1.338760e-04 1.333308e-04 1.325686e-04 1.315905e-04 1.303980e-04 1.289927e-04 1.273768e-04 1.255524e-04 1.235224e-04 1.212895e-04 1.188570e-04 1.162285e-04 1.134076e-04 1.103984e-04 1.072052e-04 1.038325e-04 1.002852e-04 9.656839e-05 9.268723e-05 8.864729e-05 8.445427e-05 8.011413e-05 7.563299e-05 7.101718e-05 6.627322e-05 6.140778e-05 5.642770e-05 5.134000e-05 4.615181e-05 4.087040e-05 3.550318e-05 3.005767e-05 2.454147e-05 1.896230e-05 1.332798e-05 7.646362e-06 1.925416e-06 3.826846e-06 9.602350e-06 1.539297e-05 2.119052e-05 2.698678e-05 3.277349e-05 3.854233e-05 4.428498e-05 4.999303e-05 5.565807e-05 6.127165e-05 6.682529e-05 7.231045e-05 7.771860e-05 8.304115e-05 8.826952e-05 9.339510e-05 9.840928e-05 1.033035e-04 1.080690e-04 1.126975e-04 1.171803e-04 1.215091e-04 1.256756e-04 1.296715e-04 1.334889e-04 1.371198e-04 1.405567e-04 1.437923e-04 1.468193e-04 1.496312e-04 1.522215e-04 1.545842e-04 1.567139e-04 1.586054e-04 1.602542e-04 1.616563e-04 1.628083e-04 1.637072e-04 1.643510e-04 1.647379e-04 1.648669e-04 
1.339850e-04 1.338760e-04 1.335493e-04 1.330054e-04 1.322450e-04 1.312692e-04 1.300795e-04 1.286776e-04 1.270654e-04 1.252454e-04 1.232201e-04 1.209925e-04 1.185658e-04 1.159434e-04 1.131291e-04 1.101270e-04 1.069413e-04 1.035766e-04 1.000376e-04 9.632948e-05 9.245743e-05 8.842695e-05 8.424376e-05 7.991378e-05 7.544313e-05 7.083812e-05 6.610525e-05 6.125118e-05 5.628274e-05 5.120692e-05 4.603084e-05 4.076177e-05 3.540708e-05 2.997427e-05 2.447094e-05 1.890480e-05 1.328362e-05 7.615266e-06 1.907680e-06 3.831144e-06 9.593146e-06 1.537021e-05 2.115419e-05 2.693686e-05 3.270998e-05 3.846527e-05 4.419438e-05 4.988896e-05 5.554061e-05 6.114088e-05 6.668131e-05 7.215340e-05 7.754861e-05 8.285839e-05 8.807417e-05 9.318736e-05 9.818937e-05 1.030716e-04 1.078255e-04 1.124426e-04 1.169144e-04 1.212325e-04 1.253885e-04 1.293745e-04 1.331822e-04 1.368040e-04 1.402322e-04 1.434595e-04 1.464789e-04 1.492835e-04 1.518671e-04 1.542238e-04 1.563479e-04 1.582345e-04 1.598790e-04 1.612775e-04 1.624264e-04 1.633231e-04 1.639651e-04 1.643510e-04 1.644797e-04 
1.334393e-04 1.333308e-04 1.330054e-04 1.324636e-04 1.317062e-04 1.307343e-04 1.295493e-04 1.281528e-04 1.265470e-04 1.247342e-04 1.227168e-04 1.204980e-04 1.180808e-04 1.154687e-04 1.126655e-04 1.096751e-04 1.065019e-04 1.031504e-04 9.962530e-05 9.593169e-05 9.207479e-05 8.806007e-05 8.389324e-05 7.958018e-05 7.512698e-05 7.053995e-05 6.582555e-05 6.099041e-05 5.604135e-05 5.098532e-05 4.582941e-05 4.058086e-05 3.524702e-05 2.983537e-05 2.435347e-05 1.880900e-05 1.320972e-05 7.563448e-06 1.878103e-06 3.838347e-06 9.577871e-06 1.533239e-05 2.109376e-05 2.685381e-05 3.260432e-05 3.833702e-05 4.404362e-05 4.971578e-05 5.534512e-05 6.092324e-05 6.644169e-05 7.189201e-05 7.726569e-05 8.255422e-05 8.774904e-05 9.284161e-05 9.782337e-05 1.026858e-04 1.074203e-04 1.120185e-04 1.164718e-04 1.207720e-04 1.249109e-04 1.288802e-04 1.326720e-04 1.362785e-04 1.396922e-04 1.429059e-04 1.459123e-04 1.487050e-04 1.512775e-04 1.536240e-04 1.557390e-04 1.576174e-04 1.592548e-04 1.606471e-04 1.617911e-04 1.626838e-04 1.633231e-04 1.637072e-04 1.638354e-04 
1.326765e-04 1.325686e-04 1.322450e-04 1.317062e-04 1.309530e-04 1.299864e-04 1.288080e-04 1.274192e-04 1.258223e-04 1.240195e-04 1.220133e-04 1.198067e-04 1.174028e-04 1.148051e-04 1.120173e-04 1.090434e-04 1.058877e-04 1.025546e-04 9.904887e-05 9.537555e-05 9.153983e-05 8.754716e-05 8.340318e-05 7.911377e-05 7.468499e-05 7.012309e-05 6.543450e-05 6.062583e-05 5.570385e-05 5.067547e-05 4.554775e-05 4.032789e-05 3.502321e-05 2.964113e-05 2.418919e-05 1.867502e-05 1.310633e-05 7.490922e-06 1.836662e-06 3.848517e-06 9.556626e-06 1.527962e-05 2.100940e-05 2.673784e-05 3.245674e-05 3.815789e-05 4.383303e-05 4.947385e-05 5.507203e-05 6.061919e-05 6.610694e-05 7.152684e-05 7.687045e-05 8.212928e-05 8.729484e-05 9.235861e-05 9.731209e-05 1.021468e-04 1.068542e-04 1.114259e-04 1.158536e-04 1.201289e-04 1.242436e-04 1.281897e-04 1.319592e-04 1.355445e-04 1.389380e-04 1.421325e-04 1.451211e-04 1.478970e-04 1.504541e-04 1.527864e-04 1.548885e-04 1.567556e-04 1.583830e-04 1.597669e-04 1.609038e-04 1.617911e-04 1.624264e-04 1.628083e-04 1.629357e-04 
1.316977e-04 1.315905e-04 1.312692e-04 1.307343e-04 1.299864e-04 1.290268e-04 1.278567e-04 1.264779e-04 1.248923e-04 1.231023e-04 1.211104e-04 1.189195e-04 1.165327e-04 1.139535e-04 1.111855e-04 1.082328e-04 1.050994e-04 1.017900e-04 9.830914e-05 9.466186e-05 9.085332e-05 8.688892e-05 8.277428e-05 7.851521e-05 7.411774e-05 6.958808e-05 6.493262e-05 6.015791e-05 5.527067e-05 5.027777e-05 4.518623e-05 4.000318e-05 3.473590e-05 2.939176e-05 2.397825e-05 1.850295e-05 1.297352e-05 7.397705e-06 1.783326e-06 3.861738e-06 9.529546e-06 1.521210e-05 2.090137e-05 2.658925e-05 3.226762e-05 3.792829e-05 4.356307e-05 4.916371e-05 5.472192e-05 6.022939e-05 6.567776e-05 7.105868e-05 7.636373e-05 8.158449e-05 8.671252e-05 9.173938e-05 9.665661e-05 1.014558e-04 1.061285e-04 1.106664e-04 1.150611e-04 1.193045e-04 1.233883e-04 1.273047e-04 1.310457e-04 1.346037e-04 1.379714e-04 1.411414e-04 1.441069e-04 1.468614e-04 1.493987e-04 1.517129e-04 1.537987e-04 1.556511e-04 1.572658e-04 1.586389e-04 1.597669e-04 1.606471e-04 1.612775e-04 1.616563e-04 1.617827e-04 
1.305042e-04 1.303980e-04 1.300795e-04 1.295493e-04 1.288080e-04 1.278567e-04 1.266969e-04 1.253301e-04 1.237584e-04 1.219841e-04 1.200096e-04 1.178378e-04 1.154719e-04 1.129152e-04 1.101713e-04 1.072443e-04 1.041383e-04 1.008577e-04 9.740716e-05 9.379163e-05 9.001622e-05 8.608628e-05 8.200739e-05 7.778532e-05 7.342603e-05 6.893568e-05 6.432059e-05 5.958727e-05 5.474239e-05 4.979274e-05 4.474529e-05 3.960712e-05 3.438543e-05 2.908754e-05 2.372088e-05 1.829296e-05 1.281138e-05 7.283824e-06 1.718053e-06 3.878117e-06 9.496806e-06 1.513008e-05 2.076997e-05 2.640843e-05 3.203739e-05 3.764875e-05 4.323436e-05 4.878604e-05 5.429555e-05 5.975466e-05 6.515508e-05 7.048850e-05 7.574659e-05 8.092099e-05 8.600333e-05 9.098524e-05 9.585835e-05 1.006143e-04 1.052447e-04 1.097414e-04 1.140961e-04 1.183006e-04 1.223469e-04 1.262271e-04 1.299334e-04 1.334583e-04 1.367945e-04 1.399347e-04 1.428723e-04 1.456008e-04 1.481140e-04 1.504062e-04 1.524721e-04 1.543068e-04 1.559060e-04 1.572658e-04 1.583830e-04 1.592548e-04 1.598790e-04 1.602542e-04 1.603793e-04 
1.290978e-04 1.289927e-04 1.286776e-04 1.281528e-04 1.274192e-04 1.264779e-04 1.253301e-04 1.239776e-04 1.224222e-04 1.206663e-04 1.187123e-04 1.165631e-04 1.142217e-04 1.116916e-04 1.089762e-04 1.060795e-04 1.030057e-04 9.975902e-05 9.634420e-05 9.276607e-05 8.902969e-05 8.514036e-05 8.110360e-05 7.692511e-05 7.261079e-05 6.816675e-05 6.359923e-05 5.891469e-05 5.411970e-05 4.922101e-05 4.422551e-05 3.914020e-05 3.397222e-05 2.872882e-05 2.341734e-05 1.804523e-05 1.262001e-05 7.149311e-06 1.640797e-06 3.897781e-06 9.458618e-06 1.503385e-05 2.061558e-05 2.619583e-05 3.176662e-05 3.731991e-05 4.284763e-05 4.834165e-05 5.379384e-05 5.919602e-05 6.453999e-05 6.981751e-05 7.502033e-05 8.014018e-05 8.516876e-05 9.009780e-05 9.491900e-05 9.962410e-05 1.042049e-04 1.086531e-04 1.129606e-04 1.171194e-04 1.211216e-04 1.249593e-04 1.286249e-04 1.321109e-04 1.354100e-04 1.385154e-04 1.414202e-04 1.441181e-04 1.466030e-04 1.488694e-04 1.509119e-04 1.527258e-04 1.543068e-04 1.556511e-04 1.567556e-04 1.576174e-04 1.582345e-04 1.586054e-04 1.587291e-04 
1.274806e-04 1.273768e-04 1.270654e-04 1.265470e-04 1.258223e-04 1.248923e-04 1.237584e-04 1.224222e-04 1.208857e-04 1.191509e-04 1.172205e-04 1.150972e-04 1.127841e-04 1.102844e-04 1.076018e-04 1.047400e-04 1.017031e-04 9.849552e-05 9.512176e-05 9.158662e-05 8.789511e-05 8.405247e-05 8.006414e-05 7.593576e-05 7.167315e-05 6.728234e-05 6.276952e-05 5.814104e-05 5.340341e-05 4.856331e-05 4.362752e-05 3.860299e-05 3.349675e-05 2.831598e-05 2.306794e-05 1.775999e-05 1.239957e-05 6.994207e-06 1.551504e-06 3.920881e-06 9.415225e-06 1.492375e-05 2.043864e-05 2.595201e-05 3.145596e-05 3.694252e-05 4.240372e-05 4.783152e-05 5.321786e-05 5.855465e-05 6.383379e-05 6.904712e-05 7.418648e-05 7.924370e-05 8.421057e-05 8.907892e-05 9.384056e-05 9.848732e-05 1.030111e-04 1.074037e-04 1.116572e-04 1.157637e-04 1.197152e-04 1.235042e-04 1.271231e-04 1.305645e-04 1.338213e-04 1.368866e-04 1.397538e-04 1.424167e-04 1.448693e-04 1.471060e-04 1.491218e-04 1.509119e-04 1.524721e-04 1.537987e-04 1.548885e-04 1.557390e-04 1.563479e-04 1.567139e-04 1.568360e-04 
1.256548e-04 1.255524e-04 1.252454e-04 1.247342e-04 1.240195e-04 1.231023e-04 1.219841e-04 1.206663e-04 1.191509e-04 1.174401e-04 1.155363e-04 1.134423e-04 1.111610e-04 1.086958e-04 1.060500e-04 1.032276e-04 1.002325e-04 9.706899e-05 9.374156e-05 9.025495e-05 8.661409e-05 8.282414e-05 7.889047e-05 7.481863e-05 7.061439e-05 6.628366e-05 6.183256e-05 5.726736e-05 5.259448e-05 4.782049e-05 4.295210e-05 3.799615e-05 3.295959e-05 2.784950e-05 2.267305e-05 1.743749e-05 1.215019e-05 6.818561e-06 1.450116e-06 3.947582e-06 9.366906e-06 1.480018e-05 2.023966e-05 2.567759e-05 3.110613e-05 3.651744e-05 4.190362e-05 4.725673e-05 5.256882e-05 5.783190e-05 6.303795e-05 6.817893e-05 7.324677e-05 7.823341e-05 8.313076e-05 8.793075e-05 9.262530e-05 9.720635e-05 1.016659e-04 1.059960e-04 1.101887e-04 1.142362e-04 1.181308e-04 1.218650e-04 1.254314e-04 1.288226e-04 1.320318e-04 1.350521e-04 1.378771e-04 1.405006e-04 1.429168e-04 1.451203e-04 1.471060e-04 1.488694e-04 1.504062e-04 1.517129e-04 1.527864e-04 1.536240e-04 1.542238e-04 1.545842e-04 1.547045e-04 
1.236232e-04 1.235224e-04 1.232201e-04 1.227168e-04 1.220133e-04 1.211104e-04 1.200096e-04 1.187123e-04 1.172205e-04 1.155363e-04 1.136622e-04 1.116007e-04 1.093549e-04 1.069279e-04 1.043232e-04 1.015446e-04 9.859591e-05 9.548143e-05 9.220555e-05 8.877292e-05 8.518840e-05 8.145707e-05 7.758420e-05 7.357528e-05 6.943595e-05 6.517207e-05 6.078963e-05 5.629482e-05 5.169396e-05 4.699351e-05 4.220009e-05 3.732043e-05 3.236138e-05 2.732991e-05 2.223308e-05 1.707804e-05 1.187206e-05 6.622434e-06 1.336572e-06 3.978070e-06 9.313971e-06 1.466356e-05 2.001921e-05 2.537325e-05 3.071797e-05 3.604562e-05 4.134842e-05 4.661853e-05 5.184811e-05 5.702928e-05 6.215413e-05 6.721473e-05 7.220315e-05 7.711141e-05 8.193157e-05 8.665567e-05 9.127575e-05 9.578390e-05 1.001722e-04 1.044329e-04 1.085582e-04 1.125404e-04 1.163719e-04 1.200453e-04 1.235534e-04 1.268891e-04 1.300455e-04 1.330160e-04 1.357942e-04 1.383742e-04 1.407501e-04 1.429168e-04 1.448693e-04 1.466030e-04 1.481140e-04 1.493987e-04 1.504541e-04 1.512775e-04 1.518671e-04 1.522215e-04 1.523397e-04 
1.213886e-04 1.212895e-04 1.209925e-04 1.204980e-04 1.198067e-04 1.189195e-04 1.178378e-04 1.165631e-04 1.150972e-04 1.134423e-04 1.116007e-04 1.095750e-04 1.073681e-04 1.049832e-04 1.024237e-04 9.969325e-05 9.679566e-05 9.373509e-05 9.051589e-05 8.714262e-05 8.362005e-05 7.995317e-05 7.614716e-05 7.220741e-05 6.813947e-05 6.394907e-05 5.964213e-05 5.522471e-05 5.070303e-05 4.608344e-05 4.137244e-05 3.657666e-05 3.170282e-05 2.675778e-05 2.174849e-05 1.668198e-05 1.156538e-05 6.405897e-06 1.210809e-06 4.012543e-06 9.256758e-06 1.451438e-05 1.977790e-05 2.503977e-05 3.029239e-05 3.552813e-05 4.073932e-05 4.591827e-05 5.105723e-05 5.614845e-05 6.118415e-05 6.615652e-05 7.105775e-05 7.588001e-05 8.061547e-05 8.525631e-05 8.979473e-05 9.422293e-05 9.853318e-05 1.027178e-04 1.067691e-04 1.106797e-04 1.144421e-04 1.180490e-04 1.214934e-04 1.247683e-04 1.278669e-04 1.307828e-04 1.335099e-04 1.360422e-04 1.383742e-04 1.405006e-04 1.424167e-04 1.441181e-04 1.456008e-04 1.468614e-04 1.478970e-04 1.487050e-04 1.492835e-04 1.496312e-04 1.497472e-04 
1.189542e-04 1.188570e-04 1.185658e-04 1.180808e-04 1.174028e-04 1.165327e-04 1.154719e-04 1.142217e-04 1.127841e-04 1.111610e-04 1.093549e-04 1.073681e-04 1.052037e-04 1.028647e-04 1.003543e-04 9.767627e-05 9.483430e-05 9.183245e-05 8.867496e-05 8.536633e-05 8.191122e-05 7.831453e-05 7.458133e-05 7.071691e-05 6.672670e-05 6.261634e-05 5.839161e-05 5.405847e-05 4.962301e-05 4.509147e-05 4.047022e-05 3.576577e-05 3.098471e-05 2.613378e-05 2.121979e-05 1.624966e-05 1.123038e-05 6.169033e-06 1.072763e-06 4.051215e-06 9.195630e-06 1.435315e-05 1.951641e-05 2.467797e-05 2.983037e-05 3.496611e-05 4.007766e-05 4.515743e-05 5.019783e-05 5.519123e-05 6.013000e-05 6.500645e-05 6.981291e-05 7.454171e-05 7.918515e-05 8.373555e-05 8.818526e-05 9.252665e-05 9.675214e-05 1.008542e-04 1.048253e-04 1.086583e-04 1.123457e-04 1.158805e-04 1.192557e-04 1.224646e-04 1.255007e-04 1.283576e-04 1.310292e-04 1.335099e-04 1.357942e-04 1.378771e-04 1.397538e-04 1.414202e-04 1.428723e-04 1.441069e-04 1.451211e-04 1.459123e-04 1.464789e-04 1.468193e-04 1.469329e-04 
1.163235e-04 1.162285e-04 1.159434e-04 1.154687e-04 1.148051e-04 1.139535e-04 1.129152e-04 1.116916e-04 1.102844e-04 1.086958e-04 1.069279e-04 1.049832e-04 1.028647e-04 1.005751e-04 9.811792e-05 9.549650e-05 9.271461e-05 8.977617e-05 8.668536e-05 8.344655e-05 8.006432e-05 7.654344e-05 7.288890e-05 6.910583e-05 6.519959e-05 6.117568e-05 5.703975e-05 5.279764e-05 4.845532e-05 4.401888e-05 3.949457e-05 3.488876e-05 3.020791e-05 2.545862e-05 2.064756e-05 1.578151e-05 1.086732e-05 5.911942e-06 9.223732e-07 4.094310e-06 9.130976e-06 1.418044e-05 1.923545e-05 2.428874e-05 2.933298e-05 3.436081e-05 3.936483e-05 4.433760e-05 4.927169e-05 5.415959e-05 5.899382e-05 6.376685e-05 6.847116e-05 7.309922e-05 7.764349e-05 8.209646e-05 8.645063e-05 9.069855e-05 9.483277e-05 9.884596e-05 1.027308e-04 1.064802e-04 1.100869e-04 1.135442e-04 1.168452e-04 1.199832e-04 1.229520e-04 1.257454e-04 1.283576e-04 1.307828e-04 1.330160e-04 1.350521e-04 1.368866e-04 1.385154e-04 1.399347e-04 1.411414e-04 1.421325e-04 1.429059e-04 1.434595e-04 1.437923e-04 1.439033e-04 
1.135004e-04 1.134076e-04 1.131291e-04 1.126655e-04 1.120173e-04 1.111855e-04 1.101713e-04 1.089762e-04 1.076018e-04 1.060500e-04 1.043232e-04 1.024237e-04 1.003543e-04 9.811792e-05 9.571769e-05 9.315703e-05 9.043957e-05 8.756917e-05 8.454988e-05 8.138597e-05 7.808191e-05 7.464237e-05 7.107219e-05 6.737641e-05 6.356024e-05 5.962906e-05 5.558839e-05 5.144393e-05 4.720150e-05 4.286707e-05 3.844674e-05 3.394673e-05 2.937336e-05 2.473307e-05 2.003240e-05 1.527797e-05 1.047648e-05 5.634737e-06 7.595808e-07 4.142060e-06 9.063205e-06 1.399682e-05 1.893581e-05 2.387305e-05 2.880137e-05 3.371355e-05 3.860236e-05 4.346051e-05 4.828070e-05 5.305561e-05 5.777790e-05 6.244021e-05 6.703517e-05 7.155542e-05 7.599359e-05 8.034234e-05 8.459434e-05 8.874230e-05 9.277898e-05 9.669721e-05 1.004899e-04 1.041500e-04 1.076706e-04 1.110451e-04 1.142668e-04 1.173292e-04 1.202263e-04 1.229520e-04 1.255007e-04 1.278669e-04 1.300455e-04 1.320318e-04 1.338213e-04 1.354100e-04 1.367945e-04 1.379714e-04 1.389380e-04 1.396922e-04 1.402322e-04 1.405567e-04 1.406650e-04 
1.104889e-04 1.103984e-04 1.101270e-04 1.096751e-04 1.090434e-04 1.082328e-04 1.072443e-04 1.060795e-04 1.047400e-04 1.032276e-04 1.015446e-04 9.969325e-05 9.767627e-05 9.549650e-05 9.315703e-05 9.066115e-05 8.801241e-05 8.521455e-05 8.227153e-05 7.918749e-05 7.596678e-05 7.261396e-05 6.913374e-05 6.553103e-05 6.181090e-05 5.797859e-05 5.403949e-05 4.999913e-05 4.586322e-05 4.163755e-05 3.732807e-05 3.294085e-05 2.848206e-05 2.395798e-05 1.937499e-05 1.473954e-05 1.005818e-05 5.337549e-06 5.843333e-07 4.194705e-06 8.992745e-06 1.380291e-05 1.861829e-05 2.343189e-05 2.823673e-05 3.302574e-05 3.779184e-05 4.252794e-05 4.722688e-05 5.188152e-05 5.648468e-05 6.102917e-05 6.550780e-05 6.991338e-05 7.423873e-05 7.847667e-05 8.262007e-05 8.666183e-05 9.059489e-05 9.441225e-05 9.810703e-05 1.016724e-04 1.051017e-04 1.083883e-04 1.115259e-04 1.145082e-04 1.173292e-04 1.199832e-04 1.224646e-04 1.247683e-04 1.268891e-04 1.288226e-04 1.305645e-04 1.321109e-04 1.334583e-04 1.346037e-04 1.355445e-04 1.362785e-04 1.368040e-04 1.371198e-04 1.372252e-04 
1.072931e-04 1.072052e-04 1.069413e-04 1.065019e-04 1.058877e-04 1.050994e-04 1.041383e-04 1.030057e-04 1.017031e-04 1.002325e-04 9.859591e-05 9.679566e-05 9.483430e-05 9.271461e-05 9.043957e-05 8.801241e-05 8.543656e-05 8.271564e-05 7.985350e-05 7.685417e-05 7.372188e-05 7.046104e-05 6.707624e-05 6.357224e-05 5.995397e-05 5.622652e-05 5.239514e-05 4.846520e-05 4.444224e-05 4.033191e-05 3.614000e-05 3.187240e-05 2.753511e-05 2.313426e-05 1.867603e-05 1.416674e-05 9.612755e-06 5.020529e-06 3.965855e-07 4.252486e-06 8.920039e-06 1.359937e-05 1.828374e-05 2.296633e-05 2.764033e-05 3.229884e-05 3.693498e-05 4.154180e-05 4.611235e-05 5.063965e-05 5.511670e-05 5.953650e-05 6.389204e-05 6.817632e-05 7.238234e-05 7.650312e-05 8.053173e-05 8.446124e-05 8.828481e-05 9.199565e-05 9.558706e-05 9.905243e-05 1.023853e-04 1.055792e-04 1.086281e-04 1.115259e-04 1.142668e-04 1.168452e-04 1.192557e-04 1.214934e-04 1.235534e-04 1.254314e-04 1.271231e-04 1.286249e-04 1.299334e-04 1.310457e-04 1.319592e-04 1.326720e-04 1.331822e-04 1.334889e-04 1.335912e-04 
1.039179e-04 1.038325e-04 1.035766e-04 1.031504e-04 1.025546e-04 1.017900e-04 1.008577e-04 9.975902e-05 9.849552e-05 9.706899e-05 9.548143e-05 9.373509e-05 9.183245e-05 8.977617e-05 8.756917e-05 8.521455e-05 8.271564e-05 8.007596e-05 7.729921e-05 7.438931e-05 7.135035e-05 6.818661e-05 6.490254e-05 6.150274e-05 5.799200e-05 5.437525e-05 5.065757e-05 4.684419e-05 4.294047e-05 3.895189e-05 3.488406e-05 3.074271e-05 2.653366e-05 2.226286e-05 1.793632e-05 1.356016e-05 9.140580e-06 4.683847e-06 1.963019e-07 4.315649e-06 8.845543e-06 1.338686e-05 1.793304e-05 2.247747e-05 2.701349e-05 3.153442e-05 3.603354e-05 4.050410e-05 4.493933e-05 4.933245e-05 5.367665e-05 5.796511e-05 6.219104e-05 6.634761e-05 7.042803e-05 7.442553e-05 7.833336e-05 8.214483e-05 8.585328e-05 8.945215e-05 9.293493e-05 9.629524e-05 9.952678e-05 1.026234e-04 1.055792e-04 1.083883e-04 1.110451e-04 1.135442e-04 1.158805e-04 1.180490e-04 1.200453e-04 1.218650e-04 1.235042e-04 1.249593e-04 1.262271e-04 1.273047e-04 1.281897e-04 1.288802e-04 1.293745e-04 1.296715e-04 1.297706e-04 
1.003678e-04 1.002852e-04 1.000376e-04 9.962530e-05 9.904887e-05 9.830914e-05 9.740716e-05 9.634420e-05 9.512176e-05 9.374156e-05 9.220555e-05 9.051589e-05 8.867496e-05 8.668536e-05 8.454988e-05 8.227153e-05 7.985350e-05 7.729921e-05 7.461223e-05 7.179635e-05 6.885551e-05 6.579384e-05 6.261565e-05 5.932539e-05 5.592769e-05 5.242730e-05 4.882915e-05 4.513829e-05 4.135989e-05 3.749928e-05 3.356187e-05 2.955321e-05 2.547895e-05 2.134482e-05 1.715667e-05 1.292041e-05 8.642063e-06 4.327696e-06 1.654164e-08 4.384438e-06 8.769723e-06 1.316607e-05 1.756712e-05 2.196644e-05 2.635759e-05 3.073407e-05 3.508936e-05 3.941690e-05 4.371014e-05 4.796248e-05 5.216731e-05 5.631804e-05 6.040805e-05 6.443075e-05 6.837954e-05 7.224787e-05 7.602920e-05 7.971705e-05 8.330499e-05 8.678666e-05 9.015579e-05 9.340621e-05 9.653184e-05 9.952678e-05 1.023853e-04 1.051017e-04 1.076706e-04 1.100869e-04 1.123457e-04 1.144421e-04 1.163719e-04 1.181308e-04 1.197152e-04 1.211216e-04 1.223469e-04 1.233883e-04 1.242436e-04 1.249109e-04 1.253885e-04 1.256756e-04 1.257713e-04 
9.664806e-05 9.656839e-05 9.632948e-05 9.593169e-05 9.537555e-05 9.466186e-05 9.379163e-05 9.276607e-05 9.158662e-05 9.025495e-05 8.877292e-05 8.714262e-05 8.536633e-05 8.344655e-05 8.138597e-05 7.918749e-05 7.685417e-05 7.438931e-05 7.179635e-05 6.907892e-05 6.624083e-05 6.328607e-05 6.021876e-05 5.704322e-05 5.376388e-05 5.038535e-05 4.691236e-05 4.334978e-05 3.970262e-05 3.597600e-05 3.217515e-05 2.830543e-05 2.437227e-05 2.038123e-05 1.633796e-05 1.224816e-05 8.117645e-06 3.952292e-06 2.419554e-07 4.459091e-06 8.693050e-06 1.293771e-05 1.718691e-05 2.143444e-05 2.567405e-05 2.989946e-05 3.410434e-05 3.828237e-05 4.242717e-05 4.653237e-05 5.059159e-05 5.459842e-05 5.854648e-05 6.242938e-05 6.624076e-05 6.997427e-05 7.362361e-05 7.718252e-05 8.064479e-05 8.400429e-05 8.725497e-05 9.039088e-05 9.340621e-05 9.629524e-05 9.905243e-05 1.016724e-04 1.041500e-04 1.064802e-04 1.086583e-04 1.106797e-04 1.125404e-04 1.142362e-04 1.157637e-04 1.171194e-04 1.183006e-04 1.193045e-04 1.201289e-04 1.207720e-04 1.212325e-04 1.215091e-04 1.216014e-04 
9.276387e-05 9.268723e-05 9.245743e-05 9.207479e-05 9.153983e-05 9.085332e-05 9.001622e-05 8.902969e-05 8.789511e-05 8.661409e-05 8.518840e-05 8.362005e-05 8.191122e-05 8.006432e-05 7.808191e-05 7.596678e-05 7.372188e-05 7.135035e-05 6.885551e-05 6.624083e-05 6.350999e-05 6.066678e-05 5.771520e-05 5.465937e-05 5.150356e-05 4.825218e-05 4.490981e-05 4.148110e-05 3.797088e-05 3.438407e-05 3.072571e-05 2.700094e-05 2.321501e-05 1.937326e-05 1.548112e-05 1.154410e-05 7.567801e-06 3.557879e-06 4.799341e-07 4.539843e-06 8.615999e-06 1.270250e-05 1.679339e-05 2.088268e-05 2.496434e-05 2.903230e-05 3.308046e-05 3.710271e-05 4.109289e-05 4.504486e-05 4.895245e-05 5.280949e-05 5.660981e-05 6.034726e-05 6.401569e-05 6.760900e-05 7.112110e-05 7.454598e-05 7.787766e-05 8.111024e-05 8.423792e-05 8.725497e-05 9.015579e-05 9.293493e-05 9.558706e-05 9.810703e-05 1.004899e-04 1.027308e-04 1.048253e-04 1.067691e-04 1.085582e-04 1.101887e-04 1.116572e-04 1.129606e-04 1.140961e-04 1.150611e-04 1.158536e-04 1.164718e-04 1.169144e-04 1.171803e-04 1.172691e-04 
8.872077e-05 8.864729e-05 8.842695e-05 8.806007e-05 8.754716e-05 8.688892e-05 8.608628e-05 8.514036e-05 8.405247e-05 8.282414e-05 8.145707e-05 7.995317e-05 7.831453e-05 7.654344e-05 7.464237e-05 7.261396e-05 7.046104e-05 6.818661e-05 6.579384e-05 6.328607e-05 6.066678e-05 5.793964e-05 5.510844e-05 5.217714e-05 4.914983e-05 4.603074e-05 4.282422e-05 3.953477e-05 3.616699e-05 3.272560e-05 2.921544e-05 2.564143e-05 2.200862e-05 1.832212e-05 1.458715e-05 1.080900e-05 6.993043e-06 3.144723e-06 7.304543e-07 4.626920e-06 8.539047e-06 1.246116e-05 1.638753e-05 2.031240e-05 2.422995e-05 2.813435e-05 3.201973e-05 3.588021e-05 3.970986e-05 4.350276e-05 4.725298e-05 5.095458e-05 5.460164e-05 5.818822e-05 6.170843e-05 6.515640e-05 6.852629e-05 7.181231e-05 7.500873e-05 7.810990e-05 8.111024e-05 8.400429e-05 8.678666e-05 8.945215e-05 9.199565e-05 9.441225e-05 9.669721e-05 9.884596e-05 1.008542e-04 1.027178e-04 1.044329e-04 1.059960e-04 1.074037e-04 1.086531e-04 1.097414e-04 1.106664e-04 1.114259e-04 1.120185e-04 1.124426e-04 1.126975e-04 1.127825e-04 
8.452448e-05 8.445427e-05 8.424376e-05 8.389324e-05 8.340318e-05 8.277428e-05 8.200739e-05 8.110360e-05 8.006414e-05 7.889047e-05 7.758420e-05 7.614716e-05 7.458133e-05 7.288889e-05 7.107219e-05 6.913374e-05 6.707624e-05 6.490254e-05 6.261565e-05 6.021876e-05 5.771520e-05 5.510844e-05 5.240212e-05 4.959999e-05 4.670596e-05 4.372406e-05 4.065846e-05 3.751343e-05 3.429337e-05 3.100280e-05 2.764632e-05 2.422866e-05 2.075461e-05 1.722909e-05 1.365708e-05 1.004364e-05 6.393920e-06 2.713123e-06 9.934734e-07 4.720534e-06 8.462667e-06 1.221443e-05 1.597034e-05 1.972485e-05 2.347241e-05 2.720742e-05 3.092423e-05 3.461720e-05 3.828067e-05 4.190893e-05 4.549631e-05 4.903711e-05 5.252564e-05 5.595622e-05 5.932321e-05 6.262096e-05 6.584390e-05 6.898648e-05 7.204323e-05 7.500873e-05 7.787766e-05 8.064479e-05 8.330499e-05 8.585328e-05 8.828481e-05 9.059489e-05 9.277898e-05 9.483277e-05 9.675214e-05 9.853318e-05 1.001722e-04 1.016659e-04 1.030111e-04 1.042049e-04 1.052447e-04 1.061285e-04 1.068542e-04 1.074203e-04 1.078255e-04 1.080690e-04 1.081503e-04 
8.018094e-05 8.011413e-05 7.991378e-05 7.958018e-05 7.911377e-05 7.851521e-05 7.778532e-05 7.692511e-05 7.593576e-05 7.481863e-05 7.357528e-05 7.220741e-05 7.071691e-05 6.910583e-05 6.737641e-05 6.553103e-05 6.357224e-05 6.150274e-05 5.932539e-05 5.704322e-05 5.465937e-05 5.217714e-05 4.959999e-05 4.693147e-05 4.417531e-05 4.133533e-05 3.841547e-05 3.541982e-05 3.235255e-05 2.921796e-05 2.602042e-05 2.276444e-05 1.945458e-05 1.609552e-05 1.269201e-05 9.248877e-06 5.771018e-06 2.263406e-06 1.268926e-06 4.820887e-06 8.387327e-06 1.196305e-05 1.554281e-05 1.912133e-05 2.269329e-05 2.625332e-05 2.979606e-05 3.331608e-05 3.680799e-05 4.026633e-05 4.368566e-05 4.706056e-05 5.038557e-05 5.365529e-05 5.686430e-05 6.000723e-05 6.307875e-05 6.607358e-05 6.898648e-05 7.181231e-05 7.454598e-05 7.718252e-05 7.971705e-05 8.214483e-05 8.446124e-05 8.666183e-05 8.874230e-05 9.069855e-05 9.252665e-05 9.422293e-05 9.578390e-05 9.720635e-05 9.848732e-05 9.962410e-05 1.006143e-04 1.014558e-04 1.021468e-04 1.026858e-04 1.030716e-04 1.033035e-04 1.033808e-04 
7.569631e-05 7.563299e-05 7.544313e-05 7.512698e-05 7.468499e-05 7.411774e-05 7.342603e-05 7.261079e-05 7.167315e-05 7.061439e-05 6.943595e-05 6.813947e-05 6.672670e-05 6.519959e-05 6.356024e-05 6.181090e-05 5.995397e-05 5.799200e-05 5.592769e-05 5.376388e-05 5.150356e-05 4.914983e-05 4.670596e-05 4.417531e-05 4.156139e-05 3.886782e-05 3.609835e-05 3.325681e-05 3.034716e-05 2.737347e-05 2.433990e-05 2.125069e-05 1.811019e-05 1.492282e-05 1.169310e-05 8.425593e-06 5.124964e-06 1.795930e-06 1.556726e-06 4.928163e-06 8.313488e-06 1.170776e-05 1.510598e-05 1.850314e-05 2.189415e-05 2.527393e-05 2.863735e-05 3.197927e-05 3.529452e-05 3.857792e-05 4.182430e-05 4.502847e-05 4.818526e-05 5.128951e-05 5.433608e-05 5.731984e-05 6.023575e-05 6.307875e-05 6.584390e-05 6.852629e-05 7.112110e-05 7.362361e-05 7.602920e-05 7.833336e-05 8.053173e-05 8.262007e-05 8.459434e-05 8.645063e-05 8.818526e-05 8.979473e-05 9.127575e-05 9.262530e-05 9.384056e-05 9.491900e-05 9.585835e-05 9.665661e-05 9.731209e-05 9.782337e-05 9.818937e-05 9.840928e-05 9.848264e-05 
7.107690e-05 7.101718e-05 7.083812e-05 7.053995e-05 7.012309e-05 6.958808e-05 6.893568e-05 6.816675e-05 6.728234e-05 6.628366e-05 6.517207e-05 6.394907e-05 6.261634e-05 6.117568e-05 5.962906e-05 5.797859e-05 5.622652e-05 5.437525e-05 5.242730e-05 5.038535e-05 4.825218e-05 4.603074e-05 4.372406e-05 4.133533e-05 3.886782e-05 3.632496e-05 3.371026e-05 3.102733e-05 2.827992e-05 2.547183e-05 2.260698e-05 1.968940e-05 1.672317e-05 1.371246e-05 1.066154e-05 7.574727e-06 4.456422e-06 1.311087e-06 1.856757e-06 5.042530e-06 8.241599e-06 1.144928e-05 1.466086e-05 1.787157e-05 2.107660e-05 2.427113e-05 2.745030e-05 3.060922e-05 3.374301e-05 3.684676e-05 3.991554e-05 4.294446e-05 4.592859e-05 4.886306e-05 5.174298e-05 5.456351e-05 5.731984e-05 6.000723e-05 6.262096e-05 6.515640e-05 6.760900e-05 6.997427e-05 7.224787e-05 7.442553e-05 7.650312e-05 7.847667e-05 8.034234e-05 8.209646e-05 8.373555e-05 8.525631e-05 8.665567e-05 8.793075e-05 8.907892e-05 9.009780e-05 9.098524e-05 9.173938e-05 9.235861e-05 9.284161e-05 9.318736e-05 9.339510e-05 9.346440e-05 
6.632923e-05 6.627322e-05 6.610525e-05 6.582555e-05 6.543450e-05 6.493262e-05 6.432059e-05 6.359923e-05 6.276952e-05 6.183256e-05 6.078963e-05 5.964213e-05 5.839161e-05 5.703975e-05 5.558839e-05 5.403949e-05 5.239514e-05 5.065757e-05 4.882915e-05 4.691236e-05 4.490981e-05 4.282422e-05 4.065846e-05 3.841547e-05 3.609835e-05 3.371026e-05 3.125450e-05 2.873446e-05 2.615363e-05 2.351558e-05 2.082399e-05 1.808262e-05 1.529530e-05 1.246596e-05 9.598595e-06 6.697263e-06 3.766100e-06 8.093001e-07 2.168881e-06 5.164133e-06 8.172095e-06 1.118836e-05 1.420847e-05 1.722794e-05 2.024224e-05 2.324681e-05 2.623708e-05 2.920843e-05 3.215625e-05 3.507591e-05 3.796275e-05 4.081216e-05 4.361949e-05 4.638013e-05 4.908948e-05 5.174298e-05 5.433608e-05 5.686430e-05 5.932321e-05 6.170843e-05 6.401569e-05 6.624076e-05 6.837954e-05 7.042803e-05 7.238234e-05 7.423873e-05 7.599359e-05 7.764349e-05 7.918515e-05 8.061547e-05 8.193157e-05 8.313076e-05 8.421057e-05 8.516876e-05 8.600333e-05 8.671252e-05 8.729484e-05 8.774904e-05 8.807417e-05 8.826952e-05 8.833469e-05 
6.146000e-05 6.140778e-05 6.125118e-05 6.099041e-05 6.062583e-05 6.015791e-05 5.958727e-05 5.891469e-05 5.814104e-05 5.726736e-05 5.629482e-05 5.522471e-05 5.405847e-05 5.279764e-05 5.144393e-05 4.999913e-05 4.846520e-05 4.684419e-05 4.513829e-05 4.334978e-05 4.148110e-05 3.953477e-05 3.751343e-05 3.541982e-05 3.325681e-05 3.102733e-05 2.873446e-05 2.638134e-05 2.397120e-05 2.150739e-05 1.899331e-05 1.643248e-05 1.382846e-05 1.118492e-05 8.505580e-06 5.794234e-06 3.054744e-06 2.910303e-07 2.492927e-06 5.293097e-06 8.105395e-06 1.092569e-05 1.374982e-05 1.657357e-05 1.939268e-05 2.220290e-05 2.499992e-05 2.777941e-05 3.053705e-05 3.326847e-05 3.596933e-05 3.863527e-05 4.126193e-05 4.384499e-05 4.638013e-05 4.886306e-05 5.128951e-05 5.365529e-05 5.595622e-05 5.818822e-05 6.034726e-05 6.242938e-05 6.443075e-05 6.634761e-05 6.817632e-05 6.991338e-05 7.155542e-05 7.309922e-05 7.454171e-05 7.588001e-05 7.711141e-05 7.823341e-05 7.924370e-05 8.014018e-05 8.092099e-05 8.158449e-05 8.212928e-05 8.255422e-05 8.285839e-05 8.304115e-05 8.310212e-05 
5.647604e-05 5.642770e-05 5.628274e-05 5.604135e-05 5.570385e-05 5.527067e-05 5.474239e-05 5.411970e-05 5.340341e-05 5.259448e-05 5.169396e-05 5.070303e-05 4.962301e-05 4.845532e-05 4.720150e-05 4.586322e-05 4.444224e-05 4.294047e-05 4.135989e-05 3.970262e-05 3.797088e-05 3.616699e-05 3.429337e-05 3.235255e-05 3.034716e-05 2.827992e-05 2.615363e-05 2.397120e-05 2.173563e-05 1.944998e-05 1.711742e-05 1.474118e-05 1.232458e-05 9.870986e-06 7.383860e-06 4.866720e-06 2.323144e-06 2.432271e-07 2.828698e-06 5.429522e-06 8.041903e-06 1.066200e-05 1.328592e-05 1.590976e-05 1.852955e-05 2.114131e-05 2.374104e-05 2.632469e-05 2.888822e-05 3.142758e-05 3.393869e-05 3.641749e-05 3.885992e-05 4.126193e-05 4.361949e-05 4.592859e-05 4.818526e-05 5.038557e-05 5.252564e-05 5.460164e-05 5.660981e-05 5.854648e-05 6.040805e-05 6.219104e-05 6.389204e-05 6.550780e-05 6.703517e-05 6.847116e-05 6.981291e-05 7.105775e-05 7.220315e-05 7.324677e-05 7.418648e-05 7.502033e-05 7.574659e-05 7.636373e-05 7.687045e-05 7.726569e-05 7.754861e-05 7.771860e-05 7.777530e-05 
5.138438e-05 5.134000e-05 5.120692e-05 5.098532e-05 5.067547e-05 5.027777e-05 4.979274e-05 4.922101e-05 4.856331e-05 4.782049e-05 4.699351e-05 4.608344e-05 4.509147e-05 4.401888e-05 4.286707e-05 4.163755e-05 4.033191e-05 3.895189e-05 3.749928e-05 3.597600e-05 3.438407e-05 3.272560e-05 3.100280e-05 2.921796e-05 2.737347e-05 2.547183e-05 2.351558e-05 2.150739e-05 1.944998e-05 1.734618e-05 1.519886e-05 1.301101e-05 1.078564e-05 8.525863e-06 6.234855e-06 3.915847e-06 1.572132e-06 7.929400e-07 3.175963e-06 5.573483e-06 7.981997e-06 1.039796e-05 1.281778e-05 1.523783e-05 1.765446e-05 2.006398e-05 2.246267e-05 2.484680e-05 2.721263e-05 2.955638e-05 3.187429e-05 3.416258e-05 3.641749e-05 3.863527e-05 4.081216e-05 4.294446e-05 4.502847e-05 4.706056e-05 4.903711e-05 5.095458e-05 5.280949e-05 5.459842e-05 5.631804e-05 5.796511e-05 5.953650e-05 6.102917e-05 6.244021e-05 6.376685e-05 6.500645e-05 6.615652e-05 6.721473e-05 6.817893e-05 6.904712e-05 6.981751e-05 7.048850e-05 7.105868e-05 7.152684e-05 7.189201e-05 7.215340e-05 7.231045e-05 7.236284e-05 
4.619215e-05 4.615181e-05 4.603084e-05 4.582941e-05 4.554775e-05 4.518623e-05 4.474529e-05 4.422551e-05 4.362752e-05 4.295210e-05 4.220009e-05 4.137244e-05 4.047022e-05 3.949457e-05 3.844674e-05 3.732807e-05 3.614000e-05 3.488406e-05 3.356187e-05 3.217515e-05 3.072571e-05 2.921544e-05 2.764632e-05 2.602042e-05 2.433990e-05 2.260698e-05 2.082399e-05 1.899331e-05 1.711742e-05 1.519886e-05 1.324025e-05 1.124428e-05 9.213694e-06 7.151320e-06 5.060038e-06 2.942791e-06 8.025809e-07 1.357539e-06 3.534460e-06 5.725026e-06 7.926036e-06 1.013424e-05 1.234636e-05 1.455907e-05 1.676902e-05 1.897281e-05 2.116705e-05 2.334830e-05 2.551311e-05 2.765803e-05 2.977958e-05 3.187429e-05 3.393869e-05 3.596933e-05 3.796275e-05 3.991554e-05 4.182430e-05 4.368566e-05 4.549631e-05 4.725298e-05 4.895245e-05 5.059159e-05 5.216731e-05 5.367665e-05 5.511670e-05 5.648468e-05 5.777790e-05 5.899382e-05 6.013000e-05 6.118415e-05 6.215413e-05 6.303795e-05 6.383379e-05 6.453999e-05 6.515508e-05 6.567776e-05 6.610694e-05 6.644169e-05 6.668131e-05 6.682529e-05 6.687331e-05 
4.090663e-05 4.087040e-05 4.076177e-05 4.058086e-05 4.032789e-05 4.000318e-05 3.960712e-05 3.914020e-05 3.860299e-05 3.799615e-05 3.732043e-05 3.657666e-05 3.576577e-05 3.488876e-05 3.394673e-05 3.294085e-05 3.187240e-05 3.074271e-05 2.955321e-05 2.830543e-05 2.700094e-05 2.564143e-05 2.422866e-05 2.276444e-05 2.125069e-05 1.968940e-05 1.808262e-05 1.643248e-05 1.474118e-05 1.301101e-05 1.124428e-05 9.443411e-06 7.610867e-06 5.749178e-06 3.860932e-06 1.948775e-06 1.540852e-08 1.936415e-06 3.903891e-06 5.884170e-06 7.874354e-06 9.871507e-06 1.187265e-05 1.387477e-05 1.587483e-05 1.786975e-05 1.985642e-05 2.183173e-05 2.379254e-05 2.573569e-05 2.765803e-05 2.955638e-05 3.142758e-05 3.326847e-05 3.507591e-05 3.684676e-05 3.857792e-05 4.026633e-05 4.190893e-05 4.350276e-05 4.504486e-05 4.653237e-05 4.796248e-05 4.933245e-05 5.063965e-05 5.188152e-05 5.305561e-05 5.415959e-05 5.519123e-05 5.614845e-05 5.702928e-05 5.783190e-05 5.855465e-05 5.919602e-05 5.975466e-05 6.022939e-05 6.061919e-05 6.092324e-05 6.114088e-05 6.127165e-05 6.131528e-05 
3.553523e-05 3.550318e-05 3.540708e-05 3.524702e-05 3.502321e-05 3.473590e-05 3.438543e-05 3.397222e-05 3.349675e-05 3.295959e-05 3.236138e-05 3.170282e-05 3.098471e-05 3.020791e-05 2.937336e-05 2.848206e-05 2.753511e-05 2.653366e-05 2.547895e-05 2.437227e-05 2.321501e-05 2.200862e-05 2.075461e-05 1.945458e-05 1.811019e-05 1.672317e-05 1.529530e-05 1.382846e-05 1.232458e-05 1.078564e-05 9.213694e-06 7.610867e-06 5.979330e-06 4.321316e-06 2.639114e-06 9.350683e-07 7.884261e-07 2.528923e-06 4.283927e-06 6.050900e-06 7.827258e-06 9.610376e-06 1.139759e-05 1.318621e-05 1.497349e-05 1.675669e-05 1.853301e-05 2.029964e-05 2.205377e-05 2.379254e-05 2.551311e-05 2.721263e-05 2.888822e-05 3.053705e-05 3.215625e-05 3.374301e-05 3.529452e-05 3.680799e-05 3.828067e-05 3.970986e-05 4.109289e-05 4.242717e-05 4.371014e-05 4.493933e-05 4.611235e-05 4.722688e-05 4.828070e-05 4.927169e-05 5.019783e-05 5.105723e-05 5.184811e-05 5.256882e-05 5.321786e-05 5.379384e-05 5.429555e-05 5.472192e-05 5.507203e-05 5.534512e-05 5.554061e-05 5.565807e-05 5.569725e-05 
3.008548e-05 3.005767e-05 2.997427e-05 2.983537e-05 2.964113e-05 2.939176e-05 2.908754e-05 2.872882e-05 2.831598e-05 2.784950e-05 2.732991e-05 2.675778e-05 2.613378e-05 2.545862e-05 2.473307e-05 2.395798e-05 2.313426e-05 2.226286e-05 2.134482e-05 2.038123e-05 1.937326e-05 1.832212e-05 1.722909e-05 1.609552e-05 1.492282e-05 1.371246e-05 1.246596e-05 1.118492e-05 9.870986e-06 8.525863e-06 7.151320e-06 5.749178e-06 4.321316e-06 2.869665e-06 1.396210e-06 9.701401e-08 1.607921e-06 3.134377e-06 4.674202e-06 6.225174e-06 7.785026e-06 9.351453e-06 1.092211e-05 1.249462e-05 1.406657e-05 1.563553e-05 1.719902e-05 1.875456e-05 2.029964e-05 2.183173e-05 2.334830e-05 2.484680e-05 2.632469e-05 2.777941e-05 2.920843e-05 3.060922e-05 3.197927e-05 3.331608e-05 3.461720e-05 3.588021e-05 3.710271e-05 3.828237e-05 3.941690e-05 4.050410e-05 4.154180e-05 4.252794e-05 4.346051e-05 4.433760e-05 4.515743e-05 4.591827e-05 4.661853e-05 4.725673e-05 4.783152e-05 4.834165e-05 4.878604e-05 4.916371e-05 4.947385e-05 4.971578e-05 4.988896e-05 4.999303e-05 5.002774e-05 
2.456499e-05 2.454147e-05 2.447094e-05 2.435347e-05 2.418919e-05 2.397825e-05 2.372088e-05 2.341734e-05 2.306794e-05 2.267305e-05 2.223308e-05 2.174849e-05 2.121979e-05 2.064756e-05 2.003240e-05 1.937499e-05 1.867603e-05 1.793632e-05 1.715667e-05 1.633796e-05 1.548112e-05 1.458715e-05 1.365708e-05 1.269201e-05 1.169310e-05 1.066154e-05 9.598595e-06 8.505580e-06 7.383860e-06 6.234855e-06 5.060038e-06 3.860932e-06 2.639114e-06 1.396210e-06 1.338939e-07 1.146110e-06 2.442030e-06 3.752052e-06 5.074314e-06 6.406915e-06 7.747909e-06 9.095315e-06 1.044711e-05 1.180125e-05 1.315564e-05 1.450816e-05 1.585668e-05 1.719902e-05 1.853301e-05 1.985642e-05 2.116705e-05 2.246267e-05 2.374104e-05 2.499992e-05 2.623708e-05 2.745030e-05 2.863735e-05 2.979606e-05 3.092423e-05 3.201973e-05 3.308046e-05 3.410434e-05 3.508936e-05 3.603354e-05 3.693498e-05 3.779184e-05 3.860236e-05 3.936483e-05 4.007766e-05 4.073932e-05 4.134842e-05 4.190362e-05 4.240372e-05 4.284763e-05 4.323436e-05 4.356307e-05 4.383303e-05 4.404362e-05 4.419438e-05 4.428498e-05 4.431520e-05 
1.898148e-05 1.896230e-05 1.890480e-05 1.880900e-05 1.867502e-05 1.850295e-05 1.829296e-05 1.804523e-05 1.775999e-05 1.743749e-05 1.707804e-05 1.668198e-05 1.624966e-05 1.578151e-05 1.527797e-05 1.473954e-05 1.416674e-05 1.356016e-05 1.292041e-05 1.224816e-05 1.154410e-05 1.080900e-05 1.004364e-05 9.248877e-06 8.425593e-06 7.574727e-06 6.697263e-06 5.794234e-06 4.866720e-06 3.915847e-06 2.942791e-06 1.948775e-06 9.350683e-07 9.701401e-08 1.146110e-06 2.210812e-06 3.289668e-06 4.381185e-06 5.483826e-06 6.596011e-06 7.716125e-06 8.842511e-06 9.973478e-06 1.110730e-05 1.224222e-05 1.337644e-05 1.450816e-05 1.563553e-05 1.675669e-05 1.786975e-05 1.897281e-05 2.006398e-05 2.114131e-05 2.220290e-05 2.324681e-05 2.427113e-05 2.527393e-05 2.625332e-05 2.720742e-05 2.813435e-05 2.903230e-05 2.989946e-05 3.073407e-05 3.153442e-05 3.229884e-05 3.302574e-05 3.371355e-05 3.436081e-05 3.496611e-05 3.552813e-05 3.604562e-05 3.651744e-05 3.694252e-05 3.731991e-05 3.764875e-05 3.792829e-05 3.815789e-05 3.833702e-05 3.846527e-05 3.854233e-05 3.856804e-05 
1.334277e-05 1.332798e-05 1.328362e-05 1.320972e-05 1.310633e-05 1.297352e-05 1.281138e-05 1.262001e-05 1.239957e-05 1.215019e-05 1.187206e-05 1.156538e-05 1.123038e-05 1.086732e-05 1.047648e-05 1.005818e-05 9.612755e-06 9.140580e-06 8.642063e-06 8.117645e-06 7.567801e-06 6.993043e-06 6.393920e-06 5.771018e-06 5.124964e-06 4.456422e-06 3.766100e-06 3.054744e-06 2.323144e-06 1.572132e-06 8.025809e-07 1.540852e-08 7.884261e-07 1.607921e-06 2.442030e-06 3.289668e-06 4.149706e-06 5.020974e-06 5.902262e-06 6.792320e-06 7.689861e-06 8.593560e-06 9.502056e-06 1.041395e-05 1.132783e-05 1.224222e-05 1.315564e-05 1.406657e-05 1.497349e-05 1.587483e-05 1.676902e-05 1.765446e-05 1.852955e-05 1.939268e-05 2.024224e-05 2.107660e-05 2.189415e-05 2.269329e-05 2.347241e-05 2.422995e-05 2.496434e-05 2.567405e-05 2.635759e-05 2.701349e-05 2.764033e-05 2.823673e-05 2.880137e-05 2.933298e-05 2.983037e-05 3.029239e-05 3.071797e-05 3.110613e-05 3.145596e-05 3.176662e-05 3.203739e-05 3.226762e-05 3.245674e-05 3.260432e-05 3.270998e-05 3.277349e-05 3.279467e-05 
