9.048374e-01 8.936974e-01 8.605515e-01 8.062160e-01 7.320288e-01 6.398167e-01 5.318501e-01 4.107876e-01 2.796101e-01 1.415478e-01 5.540531e-17 -1.415478e-01 -2.796101e-01 -4.107876e-01 -5.318501e-01 -6.398167e-01 -7.320288e-01 -8.062160e-01 -8.605515e-01 -8.936974e-01 -9.048374e-01 
8.936974e-01 8.826945e-01 8.499567e-01 7.962902e-01 7.230164e-01 6.319395e-01 5.253021e-01 4.057301e-01 2.761677e-01 1.398051e-01 5.472318e-17 -1.398051e-01 -2.761677e-01 -4.057301e-01 -5.253021e-01 -6.319395e-01 -7.230164e-01 -7.962902e-01 -8.499567e-01 -8.826945e-01 -8.936974e-01 
8.605515e-01 8.499567e-01 8.184331e-01 7.667570e-01 6.962008e-01 6.085018e-01 5.058195e-01 3.906822e-01 2.659250e-01 1.346199e-01 5.269358e-17 -1.346199e-01 -2.659250e-01 -3.906822e-01 -5.058195e-01 -6.085018e-01 -6.962008e-01 -7.667570e-01 -8.184331e-01 -8.499567e-01 -8.605515e-01 
8.062160e-01 7.962902e-01 7.667570e-01 7.183438e-01 6.522425e-01 5.700808e-01 4.738819e-01 3.660144e-01 2.491345e-01 1.261200e-01 4.936649e-17 -1.261200e-01 -2.491345e-01 -3.660144e-01 -4.738819e-01 -5.700808e-01 -6.522425e-01 -7.183438e-01 -7.667570e-01 -7.962902e-01 -8.062160e-01 
7.320288e-01 7.230164e-01 6.962008e-01 6.522425e-01 5.922238e-01 5.176226e-01 4.302758e-01 3.323341e-01 2.262094e-01 1.145145e-01 4.482384e-17 -1.145145e-01 -2.262094e-01 -3.323341e-01 -4.302758e-01 -5.176226e-01 -5.922238e-01 -6.522425e-01 -6.962008e-01 -7.230164e-01 -7.320288e-01 
6.398167e-01 6.319395e-01 6.085018e-01 5.700808e-01 5.176226e-01 4.524187e-01 3.760748e-01 2.904707e-01 1.977142e-01 1.000894e-01 3.917747e-17 -1.000894e-01 -1.977142e-01 -2.904707e-01 -3.760748e-01 -4.524187e-01 -5.176226e-01 -5.700808e-01 -6.085018e-01 -6.319395e-01 -6.398167e-01 
5.318501e-01 5.253021e-01 5.058195e-01 4.738819e-01 4.302758e-01 3.760748e-01 3.126136e-01 2.414549e-01 1.643507e-01 8.319968e-02 3.256643e-17 -8.319968e-02 -1.643507e-01 -2.414549e-01 -3.126136e-01 -3.760748e-01 -4.302758e-01 -4.738819e-01 -5.058195e-01 -5.253021e-01 -5.318501e-01 
4.107876e-01 4.057301e-01 3.906822e-01 3.660144e-01 3.323341e-01 2.904707e-01 2.414549e-01 1.864937e-01 1.269403e-01 6.426134e-02 2.515349e-17 -6.426134e-02 -1.269403e-01 -1.864937e-01 -2.414549e-01 -2.904707e-01 -3.323341e-01 -3.660144e-01 -3.906822e-01 -4.057301e-01 -4.107876e-01 
2.796101e-01 2.761677e-01 2.659250e-01 2.491345e-01 2.262094e-01 1.977142e-01 1.643507e-01 1.269403e-01 8.640428e-02 4.374066e-02 1.712118e-17 -4.374066e-02 -8.640428e-02 -1.269403e-01 -1.643507e-01 -1.977142e-01 -2.262094e-01 -2.491345e-01 -2.659250e-01 -2.761677e-01 -2.796101e-01 
1.415478e-01 1.398051e-01 1.346199e-01 1.261200e-01 1.145145e-01 1.000894e-01 8.319968e-02 6.426134e-02 4.374066e-02 2.214295e-02 8.667300e-18 -2.214295e-02 -4.374066e-02 -6.426134e-02 -8.319968e-02 -1.000894e-01 -1.145145e-01 -1.261200e-01 -1.346199e-01 -1.398051e-01 -1.415478e-01 
5.540531e-17 5.472318e-17 5.269358e-17 4.936649e-17 4.482384e-17 3.917747e-17 3.256643e-17 2.515349e-17 1.712118e-17 8.667300e-18 3.392597e-33 -8.667300e-18 -1.712118e-17 -2.515349e-17 -3.256643e-17 -3.917747e-17 -4.482384e-17 -4.936649e-17 -5.269358e-17 -5.472318e-17 -5.540531e-17 
-1.415478e-01 -1.398051e-01 -1.346199e-01 -1.261200e-01 -1.145145e-01 -1.000894e-01 -8.319968e-02 -6.426134e-02 -4.374066e-02 -2.214295e-02 -8.667300e-18 2.214295e-02 4.374066e-02 6.426134e-02 8.319968e-02 1.000894e-01 1.145145e-01 1.261200e-01 1.346199e-01 1.398051e-01 1.415478e-01 
-2.796101e-01 -2.761677e-01 -2.659250e-01 -2.491345e-01 -2.262094e-01 -1.977142e-01 -1.643507e-01 -1.269403e-01 -8.640428e-02 -4.374066e-02 -1.712118e-17 4.374066e-02 8.640428e-02 1.269403e-01 1.643507e-01 1.977142e-01 2.262094e-01 2.491345e-01 2.659250e-01 2.761677e-01 2.796101e-01 
-4.107876e-01 -4.057301e-01 -3.906822e-01 -3.660144e-01 -3.323341e-01 -2.904707e-01 -2.414549e-01 -1.864937e-01 -1.269403e-01 -6.426134e-02 -2.515349e-17 6.426134e-02 1.269403e-01 1.864937e-01 2.414549e-01 2.904707e-01 3.323341e-01 3.660144e-01 3.906822e-01 4.057301e-01 4.107876e-01 
-5.318501e-01 -5.253021e-01 -5.058195e-01 -4.738819e-01 -4.302758e-01 -3.760748e-01 -3.126136e-01 -2.414549e-01 -1.643507e-01 -8.319968e-02 -3.256643e-17 8.319968e-02 1.643507e-01 2.414549e-01 3.126136e-01 3.760748e-01 4.302758e-01 4.738819e-01 5.058195e-01 5.253021e-01 5.318501e-01 
-6.398167e-01 -6.319395e-01 -6.085018e-01 -5.700808e-01 -5.176226e-01 -4.524187e-01 -3.760748e-01 -2.904707e-01 -1.977142e-01 -1.000894e-01 -3.917747e-17 1.000894e-01 1.977142e-01 2.904707e-01 3.760748e-01 4.524187e-01 5.176226e-01 5.700808e-01 6.085018e-01 6.319395e-01 6.398167e-01 
-7.320288e-01 -7.230164e-01 -6.962008e-01 -6.522425e-01 -5.922238e-01 -5.176226e-01 -4.302758e-01 -3.323341e-01 -2.262094e-01 -1.145145e-01 -4.482384e-17 1.145145e-01 2.262094e-01 3.323341e-01 4.302758e-01 5.176226e-01 5.922238e-01 6.522425e-01 6.962008e-01 7.230164e-01 7.320288e-01 
-8.062160e-01 -7.962902e-01 -7.667570e-01 -7.183438e-01 -6.522425e-01 -5.700808e-01 -4.738819e-01 -3.660144e-01 -2.491345e-01 -1.261200e-01 -4.936649e-17 1.261200e-01 2.491345e-01 3.660144e-01 4.738819e-01 5.700808e-01 6.522425e-01 7.183438e-01 7.667570e-01 7.962902e-01 8.062160e-01 
-8.605515e-01 -8.499567e-01 -8.184331e-01 -7.667570e-01 -6.962008e-01 -6.085018e-01 -5.058195e-01 -3.906822e-01 -2.659250e-01 -1.346199e-01 -5.269358e-17 1.346199e-01 2.659250e-01 3.906822e-01 5.058195e-01 6.085018e-01 6.962008e-01 7.667570e-01 8.184331e-01 8.499567e-01 8.605515e-01 
-8.936974e-01 -8.826945e-01 -8.499567e-01 -7.962902e-01 -7.230164e-01 -6.319395e-01 -5.253021e-01 -4.057301e-01 -2.761677e-01 -1.398051e-01 -5.472318e-17 1.398051e-01 2.761677e-01 4.057301e-01 5.253021e-01 6.319395e-01 7.230164e-01 7.962902e-01 8.499567e-01 8.826945e-01 8.936974e-01 
-9.048374e-01 -8.936974e-01 -8.605515e-01 -8.062160e-01 -7.320288e-01 -6.398167e-01 -5.318501e-01 -4.107876e-01 -2.796101e-01 -1.415478e-01 -5.540531e-17 1.415478e-01 2.796101e-01 4.107876e-01 5.318501e-01 6.398167e-01 7.320288e-01 8.062160e-01 8.605515e-01 8.936974e-01 9.048374e-01 
