9.049718e-01 9.042741e-01 9.021821e-01 8.986989e-01 8.938300e-01 8.875829e-01 8.799672e-01 8.709946e-01 8.606790e-01 8.490363e-01 8.360844e-01 8.218433e-01 8.063350e-01 7.895834e-01 7.716142e-01 7.524553e-01 7.321361e-01 7.106881e-01 6.881441e-01 6.645391e-01 6.399094e-01 6.142930e-01 5.877294e-01 5.602596e-01 5.319258e-01 5.027718e-01 4.728426e-01 4.421842e-01 4.108441e-01 3.788704e-01 3.463125e-01 3.132206e-01 2.796457e-01 2.456396e-01 2.112547e-01 1.765440e-01 1.415611e-01 1.063599e-01 7.099466e-02 3.551992e-02 -9.605424e-06 -3.553915e-02 -7.101393e-02 -1.063792e-01 -1.415806e-01 -1.765636e-01 -2.112744e-01 -2.456595e-01 -2.796658e-01 -3.132410e-01 -3.463332e-01 -3.788914e-01 -4.108654e-01 -4.422059e-01 -4.728646e-01 -5.027942e-01 -5.319486e-01 -5.602828e-01 -5.877530e-01 -6.143171e-01 -6.399339e-01 -6.645641e-01 -6.881695e-01 -7.107139e-01 -7.321624e-01 -7.524820e-01 -7.716414e-01 -7.896109e-01 -8.063630e-01 -8.218717e-01 -8.361131e-01 -8.490653e-01 -8.607084e-01 -8.710242e-01 -8.799971e-01 -8.876130e-01 -8.938603e-01 -8.987293e-01 -9.022126e-01 -9.043047e-01 -9.050024e-01 
9.042741e-01 9.035770e-01 9.014865e-01 8.980061e-01 8.931409e-01 8.868986e-01 8.792888e-01 8.703231e-01 8.600154e-01 8.483817e-01 8.354398e-01 8.212097e-01 8.057133e-01 7.889746e-01 7.710193e-01 7.518752e-01 7.315717e-01 7.101401e-01 6.876136e-01 6.640268e-01 6.394161e-01 6.138194e-01 5.872763e-01 5.598276e-01 5.315157e-01 5.023842e-01 4.724780e-01 4.418433e-01 4.105273e-01 3.785783e-01 3.460455e-01 3.129791e-01 2.794301e-01 2.454502e-01 2.110918e-01 1.764079e-01 1.414520e-01 1.062779e-01 7.093992e-02 3.549254e-02 -9.602350e-06 -3.551176e-02 -7.095918e-02 -1.062972e-01 -1.414714e-01 -1.764275e-01 -2.111115e-01 -2.454701e-01 -2.794502e-01 -3.129995e-01 -3.460662e-01 -3.785993e-01 -4.105486e-01 -4.418650e-01 -4.725000e-01 -5.024066e-01 -5.315385e-01 -5.598508e-01 -5.872999e-01 -6.138435e-01 -6.394406e-01 -6.640517e-01 -6.876390e-01 -7.101660e-01 -7.315980e-01 -7.519019e-01 -7.710465e-01 -7.890022e-01 -8.057413e-01 -8.212380e-01 -8.354685e-01 -8.484107e-01 -8.600448e-01 -8.703527e-01 -8.793186e-01 -8.869287e-01 -8.931712e-01 -8.980364e-01 -9.015170e-01 -9.036075e-01 -9.043047e-01 
9.021821e-01 9.014865e-01 8.994009e-01 8.959285e-01 8.910746e-01 8.848468e-01 8.772545e-01 8.683096e-01 8.580258e-01 8.464190e-01 8.335070e-01 8.193098e-01 8.038493e-01 7.871493e-01 7.692356e-01 7.501357e-01 7.298792e-01 7.084972e-01 6.860228e-01 6.624906e-01 6.379368e-01 6.123994e-01 5.859176e-01 5.585324e-01 5.302860e-01 5.012219e-01 4.713849e-01 4.408211e-01 4.095776e-01 3.777024e-01 3.452449e-01 3.122550e-01 2.787836e-01 2.448823e-01 2.106034e-01 1.759998e-01 1.411247e-01 1.060320e-01 7.077579e-02 3.541041e-02 -9.593146e-06 -3.542961e-02 -7.079503e-02 -1.060513e-01 -1.411441e-01 -1.760193e-01 -2.106231e-01 -2.449022e-01 -2.788037e-01 -3.122754e-01 -3.452655e-01 -3.777234e-01 -4.095988e-01 -4.408427e-01 -4.714069e-01 -5.012443e-01 -5.303088e-01 -5.585556e-01 -5.859412e-01 -6.124234e-01 -6.379612e-01 -6.625155e-01 -6.860481e-01 -7.085230e-01 -7.299054e-01 -7.501624e-01 -7.692627e-01 -7.871768e-01 -8.038772e-01 -8.193381e-01 -8.335356e-01 -8.464479e-01 -8.580551e-01 -8.683392e-01 -8.772843e-01 -8.848768e-01 -8.911048e-01 -8.959588e-01 -8.994314e-01 -9.015170e-01 -9.022126e-01 
8.986989e-01 8.980061e-01 8.959285e-01 8.924695e-01 8.876344e-01 8.814305e-01 8.738676e-01 8.649572e-01 8.547131e-01 8.431511e-01 8.302890e-01 8.161466e-01 8.007458e-01 7.841103e-01 7.662657e-01 7.472396e-01 7.270613e-01 7.057618e-01 6.833742e-01 6.599328e-01 6.354738e-01 6.100350e-01 5.836555e-01 5.563760e-01 5.282387e-01 4.992868e-01 4.695650e-01 4.391192e-01 4.079962e-01 3.762442e-01 3.439120e-01 3.110494e-01 2.777073e-01 2.439369e-01 2.097903e-01 1.753202e-01 1.405798e-01 1.056226e-01 7.050251e-02 3.527368e-02 -9.577871e-06 -3.529285e-02 -7.052173e-02 -1.056419e-01 -1.405992e-01 -1.753398e-01 -2.098100e-01 -2.439567e-01 -2.777274e-01 -3.110698e-01 -3.439326e-01 -3.762651e-01 -4.080175e-01 -4.391407e-01 -4.695869e-01 -4.993091e-01 -5.282614e-01 -5.563991e-01 -5.836790e-01 -6.100589e-01 -6.354982e-01 -6.599576e-01 -6.833995e-01 -7.057876e-01 -7.270874e-01 -7.472662e-01 -7.662927e-01 -7.841377e-01 -8.007736e-01 -8.161748e-01 -8.303176e-01 -8.431800e-01 -8.547423e-01 -8.649867e-01 -8.738973e-01 -8.814605e-01 -8.876645e-01 -8.924997e-01 -8.959588e-01 -8.980364e-01 -8.987293e-01 
8.938300e-01 8.931409e-01 8.910746e-01 8.876344e-01 8.828254e-01 8.766552e-01 8.691332e-01 8.602711e-01 8.500825e-01 8.385831e-01 8.257907e-01 8.117250e-01 7.964076e-01 7.798622e-01 7.621143e-01 7.431912e-01 7.231222e-01 7.019382e-01 6.796719e-01 6.563575e-01 6.320310e-01 6.067300e-01 5.804934e-01 5.533617e-01 5.253768e-01 4.965818e-01 4.670210e-01 4.367401e-01 4.057858e-01 3.742058e-01 3.420487e-01 3.093642e-01 2.762027e-01 2.426153e-01 2.086537e-01 1.743704e-01 1.398182e-01 1.050504e-01 7.012052e-02 3.508255e-02 -9.556626e-06 -3.510167e-02 -7.013970e-02 -1.050696e-01 -1.398375e-01 -1.743899e-01 -2.086733e-01 -2.426351e-01 -2.762227e-01 -3.093845e-01 -3.420693e-01 -3.742266e-01 -4.058070e-01 -4.367616e-01 -4.670429e-01 -4.966040e-01 -5.253994e-01 -5.533848e-01 -5.805169e-01 -6.067539e-01 -6.320553e-01 -6.563822e-01 -6.796971e-01 -7.019639e-01 -7.231483e-01 -7.432177e-01 -7.621412e-01 -7.798895e-01 -7.964353e-01 -8.117531e-01 -8.258192e-01 -8.386119e-01 -8.501116e-01 -8.603005e-01 -8.691628e-01 -8.766850e-01 -8.828554e-01 -8.876645e-01 -8.911048e-01 -8.931712e-01 -8.938603e-01 
8.875829e-01 8.868986e-01 8.848468e-01 8.814305e-01 8.766552e-01 8.705281e-01 8.630587e-01 8.542586e-01 8.441412e-01 8.327221e-01 8.200191e-01 8.060517e-01 7.908414e-01 7.744116e-01 7.567877e-01 7.379970e-01 7.180682e-01 6.970323e-01 6.749215e-01 6.517701e-01 6.276136e-01 6.024894e-01 5.764362e-01 5.494942e-01 5.217049e-01 4.931111e-01 4.637569e-01 4.336877e-01 4.029497e-01 3.715904e-01 3.396581e-01 3.072020e-01 2.742722e-01 2.409196e-01 2.071954e-01 1.731516e-01 1.388409e-01 1.043161e-01 6.963040e-02 3.483731e-02 -9.529546e-06 -3.485638e-02 -6.964952e-02 -1.043353e-01 -1.388602e-01 -1.731711e-01 -2.072149e-01 -2.409393e-01 -2.742922e-01 -3.072222e-01 -3.396786e-01 -3.716112e-01 -4.029708e-01 -4.337091e-01 -4.637787e-01 -4.931332e-01 -5.217274e-01 -5.495171e-01 -5.764596e-01 -6.025132e-01 -6.276378e-01 -6.517947e-01 -6.749466e-01 -6.970578e-01 -7.180942e-01 -7.380233e-01 -7.568145e-01 -7.744388e-01 -7.908689e-01 -8.060796e-01 -8.200474e-01 -8.327508e-01 -8.441701e-01 -8.542877e-01 -8.630881e-01 -8.705577e-01 -8.766850e-01 -8.814605e-01 -8.848768e-01 -8.869287e-01 -8.876130e-01 
8.799672e-01 8.792888e-01 8.772545e-01 8.738676e-01 8.691332e-01 8.630587e-01 8.556534e-01 8.469288e-01 8.368982e-01 8.255771e-01 8.129831e-01 7.991355e-01 7.840557e-01 7.677669e-01 7.502943e-01 7.316647e-01 7.119070e-01 6.910515e-01 6.691305e-01 6.461777e-01 6.222285e-01 5.973199e-01 5.714902e-01 5.447794e-01 5.172285e-01 4.888800e-01 4.597777e-01 4.299665e-01 3.994922e-01 3.684020e-01 3.367437e-01 3.045661e-01 2.719189e-01 2.388524e-01 2.054175e-01 1.716659e-01 1.376496e-01 1.034210e-01 6.903291e-02 3.453835e-02 -9.496806e-06 -3.455736e-02 -6.905196e-02 -1.034401e-01 -1.376688e-01 -1.716853e-01 -2.054370e-01 -2.388721e-01 -2.719388e-01 -3.045862e-01 -3.367641e-01 -3.684227e-01 -3.995132e-01 -4.299878e-01 -4.597994e-01 -4.889021e-01 -5.172509e-01 -5.448022e-01 -5.715135e-01 -5.973435e-01 -6.222526e-01 -6.462022e-01 -6.691554e-01 -6.910769e-01 -7.119328e-01 -7.316909e-01 -7.503209e-01 -7.677939e-01 -7.840831e-01 -7.991633e-01 -8.130112e-01 -8.256056e-01 -8.369269e-01 -8.469577e-01 -8.556826e-01 -8.630881e-01 -8.691628e-01 -8.738973e-01 -8.772843e-01 -8.793186e-01 -8.799971e-01 
8.709946e-01 8.703231e-01 8.683096e-01 8.649572e-01 8.602711e-01 8.542586e-01 8.469288e-01 8.382930e-01 8.283647e-01 8.171591e-01 8.046935e-01 7.909871e-01 7.760611e-01 7.599384e-01 7.426439e-01 7.242043e-01 7.046480e-01 6.840052e-01 6.623077e-01 6.395889e-01 6.158839e-01 5.912293e-01 5.656630e-01 5.392245e-01 5.119545e-01 4.838951e-01 4.550896e-01 4.255823e-01 3.954188e-01 3.646455e-01 3.333100e-01 3.014605e-01 2.691462e-01 2.364169e-01 2.033229e-01 1.699155e-01 1.362460e-01 1.023664e-01 6.832896e-02 3.418612e-02 -9.458618e-06 -3.420505e-02 -6.834794e-02 -1.023855e-01 -1.362651e-01 -1.699348e-01 -2.033424e-01 -2.364365e-01 -2.691660e-01 -3.014806e-01 -3.333303e-01 -3.646661e-01 -3.954397e-01 -4.256035e-01 -4.551111e-01 -4.839171e-01 -5.119768e-01 -5.392472e-01 -5.656861e-01 -5.912528e-01 -6.159079e-01 -6.396133e-01 -6.623325e-01 -6.840304e-01 -7.046736e-01 -7.242303e-01 -7.426703e-01 -7.599652e-01 -7.760883e-01 -7.910147e-01 -8.047214e-01 -8.171873e-01 -8.283932e-01 -8.383218e-01 -8.469577e-01 -8.542877e-01 -8.603005e-01 -8.649867e-01 -8.683392e-01 -8.703527e-01 -8.710242e-01 
8.606790e-01 8.600154e-01 8.580258e-01 8.547131e-01 8.500825e-01 8.441412e-01 8.368982e-01 8.283647e-01 8.185540e-01 8.074811e-01 7.951632e-01 7.816191e-01 7.668698e-01 7.509381e-01 7.338484e-01 7.156272e-01 6.963025e-01 6.759042e-01 6.544636e-01 6.320139e-01 6.085897e-01 5.842271e-01 5.589636e-01 5.328382e-01 5.058912e-01 4.781641e-01 4.496997e-01 4.205419e-01 3.907356e-01 3.603268e-01 3.293624e-01 2.978902e-01 2.659585e-01 2.336168e-01 2.009148e-01 1.679030e-01 1.346323e-01 1.011540e-01 6.751965e-02 3.378117e-02 -9.415225e-06 -3.380002e-02 -6.753853e-02 -1.011729e-01 -1.346514e-01 -1.679222e-01 -2.009342e-01 -2.336363e-01 -2.659783e-01 -2.979101e-01 -3.293826e-01 -3.603473e-01 -3.907564e-01 -4.205630e-01 -4.497211e-01 -4.781859e-01 -5.059133e-01 -5.328607e-01 -5.589865e-01 -5.842504e-01 -6.086135e-01 -6.320381e-01 -6.544882e-01 -6.759292e-01 -6.963279e-01 -7.156530e-01 -7.338746e-01 -7.509647e-01 -7.668968e-01 -7.816464e-01 -7.951908e-01 -8.075091e-01 -8.185823e-01 -8.283932e-01 -8.369269e-01 -8.441701e-01 -8.501116e-01 -8.547423e-01 -8.580551e-01 -8.600448e-01 -8.607084e-01 
8.490363e-01 8.483817e-01 8.464190e-01 8.431511e-01 8.385831e-01 8.327221e-01 8.255771e-01 8.171591e-01 8.074811e-01 7.965580e-01 7.844067e-01 7.710458e-01 7.564961e-01 7.407798e-01 7.239213e-01 7.059466e-01 6.868834e-01 6.667610e-01 6.456104e-01 6.234644e-01 6.003571e-01 5.763240e-01 5.514022e-01 5.256303e-01 4.990478e-01 4.716958e-01 4.436164e-01 4.148530e-01 3.854500e-01 3.554525e-01 3.249070e-01 2.938604e-01 2.623608e-01 2.304565e-01 1.981969e-01 1.656317e-01 1.328110e-01 9.978556e-02 6.660621e-02 3.332413e-02 -9.366906e-06 -3.334287e-02 -6.662500e-02 -9.980442e-02 -1.328300e-01 -1.656508e-01 -1.982162e-01 -2.304759e-01 -2.623804e-01 -2.938803e-01 -3.249271e-01 -3.554729e-01 -3.854706e-01 -4.148740e-01 -4.436377e-01 -4.717174e-01 -4.990698e-01 -5.256526e-01 -5.514250e-01 -5.763472e-01 -6.003806e-01 -6.234884e-01 -6.456348e-01 -6.667858e-01 -6.869086e-01 -7.059722e-01 -7.239473e-01 -7.408062e-01 -7.565228e-01 -7.710729e-01 -7.844341e-01 -7.965857e-01 -8.075091e-01 -8.171873e-01 -8.256056e-01 -8.327508e-01 -8.386119e-01 -8.431800e-01 -8.464479e-01 -8.484107e-01 -8.490653e-01 
8.360844e-01 8.354398e-01 8.335070e-01 8.302890e-01 8.257907e-01 8.200191e-01 8.129831e-01 8.046935e-01 7.951632e-01 7.844067e-01 7.724407e-01 7.592837e-01 7.449559e-01 7.294794e-01 7.128781e-01 6.951775e-01 6.764051e-01 6.565896e-01 6.357618e-01 6.139536e-01 5.911987e-01 5.675323e-01 5.429907e-01 5.176118e-01 4.914348e-01 4.645001e-01 4.368491e-01 4.085245e-01 3.795699e-01 3.500301e-01 3.199505e-01 2.893776e-01 2.583584e-01 2.269409e-01 1.951734e-01 1.631049e-01 1.307849e-01 9.826328e-02 6.559006e-02 3.281569e-02 -9.313971e-06 -3.283433e-02 -6.560875e-02 -9.828203e-02 -1.308038e-01 -1.631239e-01 -1.951925e-01 -2.269602e-01 -2.583779e-01 -2.893973e-01 -3.199705e-01 -3.500503e-01 -3.795905e-01 -4.085453e-01 -4.368702e-01 -4.645216e-01 -4.914567e-01 -5.176340e-01 -5.430133e-01 -5.675552e-01 -5.912221e-01 -6.139774e-01 -6.357859e-01 -6.566142e-01 -6.764300e-01 -6.952029e-01 -7.129038e-01 -7.295055e-01 -7.449823e-01 -7.593104e-01 -7.724678e-01 -7.844341e-01 -7.951908e-01 -8.047214e-01 -8.130112e-01 -8.200474e-01 -8.258192e-01 -8.303176e-01 -8.335356e-01 -8.354685e-01 -8.361131e-01 
8.218433e-01 8.212097e-01 8.193098e-01 8.161466e-01 8.117250e-01 8.060517e-01 7.991355e-01 7.909871e-01 7.816191e-01 7.710458e-01 7.592837e-01 7.463507e-01 7.322670e-01 7.170541e-01 7.007355e-01 6.833365e-01 6.648838e-01 6.454059e-01 6.249328e-01 6.034960e-01 5.811288e-01 5.578654e-01 5.337418e-01 5.087953e-01 4.830642e-01 4.565882e-01 4.294082e-01 4.015660e-01 3.731047e-01 3.440680e-01 3.145007e-01 2.844486e-01 2.539577e-01 2.230753e-01 1.918489e-01 1.603267e-01 1.285572e-01 9.658946e-02 6.447277e-02 3.225664e-02 -9.256758e-06 -3.227517e-02 -6.449134e-02 -9.660810e-02 -1.285759e-01 -1.603455e-01 -1.918679e-01 -2.230945e-01 -2.539771e-01 -2.844681e-01 -3.145206e-01 -3.440880e-01 -3.731250e-01 -4.015867e-01 -4.294291e-01 -4.566095e-01 -4.830858e-01 -5.088173e-01 -5.337642e-01 -5.578882e-01 -5.811519e-01 -6.035196e-01 -6.249567e-01 -6.454302e-01 -6.649085e-01 -6.833616e-01 -7.007610e-01 -7.170799e-01 -7.322931e-01 -7.463772e-01 -7.593104e-01 -7.710729e-01 -7.816464e-01 -7.910147e-01 -7.991633e-01 -8.060796e-01 -8.117531e-01 -8.161748e-01 -8.193381e-01 -8.212380e-01 -8.218717e-01 
8.063350e-01 8.057133e-01 8.038493e-01 8.007458e-01 7.964076e-01 7.908414e-01 7.840557e-01 7.760611e-01 7.668698e-01 7.564961e-01 7.449559e-01 7.322670e-01 7.184490e-01 7.035231e-01 6.875125e-01 6.704418e-01 6.523373e-01 6.332269e-01 6.131402e-01 5.921080e-01 5.701627e-01 5.473384e-01 5.236700e-01 4.991942e-01 4.739486e-01 4.479723e-01 4.213051e-01 3.939883e-01 3.660640e-01 3.375753e-01 3.085660e-01 2.790809e-01 2.491654e-01 2.188658e-01 1.882286e-01 1.573012e-01 1.261312e-01 9.476670e-02 6.325605e-02 3.164784e-02 -9.195630e-06 -3.166625e-02 -6.327450e-02 -9.478521e-02 -1.261498e-01 -1.573199e-01 -1.882475e-01 -2.188848e-01 -2.491847e-01 -2.791003e-01 -3.085857e-01 -3.375952e-01 -3.660842e-01 -3.940088e-01 -4.213259e-01 -4.479934e-01 -4.739701e-01 -4.992160e-01 -5.236922e-01 -5.473609e-01 -5.701857e-01 -5.921312e-01 -6.131638e-01 -6.332510e-01 -6.523617e-01 -6.704666e-01 -6.875377e-01 -7.035486e-01 -7.184748e-01 -7.322931e-01 -7.449823e-01 -7.565228e-01 -7.668968e-01 -7.760883e-01 -7.840831e-01 -7.908689e-01 -7.964353e-01 -8.007736e-01 -8.038772e-01 -8.057413e-01 -8.063630e-01 
7.895834e-01 7.889746e-01 7.871493e-01 7.841103e-01 7.798622e-01 7.744116e-01 7.677669e-01 7.599384e-01 7.509381e-01 7.407798e-01 7.294794e-01 7.170541e-01 7.035231e-01 6.889074e-01 6.732294e-01 6.565133e-01 6.387850e-01 6.200716e-01 6.004021e-01 5.798069e-01 5.583176e-01 5.359674e-01 5.127907e-01 4.888234e-01 4.641023e-01 4.386656e-01 4.125524e-01 3.858032e-01 3.584590e-01 3.305621e-01 3.021554e-01 2.732829e-01 2.439889e-01 2.143187e-01 1.843181e-01 1.540332e-01 1.235107e-01 9.279781e-02 6.194179e-02 3.099024e-02 -9.130976e-06 -3.100851e-02 -6.196011e-02 -9.281619e-02 -1.235292e-01 -1.540517e-01 -1.843368e-01 -2.143376e-01 -2.440080e-01 -2.733022e-01 -3.021749e-01 -3.305818e-01 -3.584790e-01 -3.858235e-01 -4.125730e-01 -4.386865e-01 -4.641235e-01 -4.888450e-01 -5.128127e-01 -5.359897e-01 -5.583402e-01 -5.798299e-01 -6.004255e-01 -6.200954e-01 -6.388091e-01 -6.565378e-01 -6.732543e-01 -6.889326e-01 -7.035486e-01 -7.170799e-01 -7.295055e-01 -7.408062e-01 -7.509647e-01 -7.599652e-01 -7.677939e-01 -7.744388e-01 -7.798895e-01 -7.841377e-01 -7.871768e-01 -7.890022e-01 -7.896109e-01 
7.716142e-01 7.710193e-01 7.692356e-01 7.662657e-01 7.621143e-01 7.567877e-01 7.502943e-01 7.426439e-01 7.338484e-01 7.239213e-01 7.128781e-01 7.007355e-01 6.875125e-01 6.732294e-01 6.579082e-01 6.415726e-01 6.242476e-01 6.059602e-01 5.867383e-01 5.666117e-01 5.456115e-01 5.237699e-01 5.011207e-01 4.776988e-01 4.535403e-01 4.286825e-01 4.031636e-01 3.770231e-01 3.503012e-01 3.230392e-01 2.952790e-01 2.670635e-01 2.384362e-01 2.094412e-01 1.801233e-01 1.505276e-01 1.206998e-01 9.068582e-02 6.053201e-02 3.028483e-02 -9.063205e-06 -3.030297e-02 -6.055019e-02 -9.070406e-02 -1.207181e-01 -1.505460e-01 -1.801419e-01 -2.094600e-01 -2.384551e-01 -2.670826e-01 -2.952983e-01 -3.230587e-01 -3.503210e-01 -3.770432e-01 -4.031840e-01 -4.287032e-01 -4.535613e-01 -4.777202e-01 -5.011424e-01 -5.237920e-01 -5.456339e-01 -5.666345e-01 -5.867614e-01 -6.059836e-01 -6.242715e-01 -6.415967e-01 -6.579327e-01 -6.732543e-01 -6.875377e-01 -7.007610e-01 -7.129038e-01 -7.239473e-01 -7.338746e-01 -7.426703e-01 -7.503209e-01 -7.568145e-01 -7.621412e-01 -7.662927e-01 -7.692627e-01 -7.710465e-01 -7.716414e-01 
7.524553e-01 7.518752e-01 7.501357e-01 7.472396e-01 7.431912e-01 7.379970e-01 7.316647e-01 7.242043e-01 7.156272e-01 7.059466e-01 6.951775e-01 6.833365e-01 6.704418e-01 6.565133e-01 6.415726e-01 6.256425e-01 6.087478e-01 5.909143e-01 5.721698e-01 5.525429e-01 5.320641e-01 5.107648e-01 4.886780e-01 4.658377e-01 4.422790e-01 4.180384e-01 3.931531e-01 3.676617e-01 3.416033e-01 3.150181e-01 2.879472e-01 2.604323e-01 2.325158e-01 2.042408e-01 1.756508e-01 1.467899e-01 1.177027e-01 8.843399e-02 5.902888e-02 2.953272e-02 -8.992745e-06 -2.955072e-02 -5.904691e-02 -8.845208e-02 -1.177209e-01 -1.468082e-01 -1.756692e-01 -2.042593e-01 -2.325346e-01 -2.604513e-01 -2.879664e-01 -3.150375e-01 -3.416229e-01 -3.676816e-01 -3.931733e-01 -4.180589e-01 -4.422998e-01 -4.658588e-01 -4.886995e-01 -5.107866e-01 -5.320862e-01 -5.525654e-01 -5.721926e-01 -5.909375e-01 -6.087713e-01 -6.256664e-01 -6.415967e-01 -6.565378e-01 -6.704666e-01 -6.833616e-01 -6.952029e-01 -7.059722e-01 -7.156530e-01 -7.242303e-01 -7.316909e-01 -7.380233e-01 -7.432177e-01 -7.472662e-01 -7.501624e-01 -7.519019e-01 -7.524820e-01 
7.321361e-01 7.315717e-01 7.298792e-01 7.270613e-01 7.231222e-01 7.180682e-01 7.119070e-01 7.046480e-01 6.963025e-01 6.868834e-01 6.764051e-01 6.648838e-01 6.523373e-01 6.387850e-01 6.242476e-01 6.087478e-01 5.923092e-01 5.749574e-01 5.567190e-01 5.376221e-01 5.176963e-01 4.969722e-01 4.754818e-01 4.532582e-01 4.303357e-01 4.067497e-01 3.825364e-01 3.577333e-01 3.323786e-01 3.065113e-01 2.801715e-01 2.533995e-01 2.262369e-01 1.987254e-01 1.709074e-01 1.428259e-01 1.145242e-01 8.604579e-02 5.743472e-02 2.873507e-02 -8.920039e-06 -2.875292e-02 -5.745261e-02 -8.606373e-02 -1.145422e-01 -1.428440e-01 -1.709257e-01 -1.987438e-01 -2.262555e-01 -2.534183e-01 -2.801904e-01 -3.065305e-01 -3.323980e-01 -3.577530e-01 -3.825564e-01 -4.067699e-01 -4.303563e-01 -4.532791e-01 -4.755030e-01 -4.969937e-01 -5.177181e-01 -5.376443e-01 -5.567415e-01 -5.749802e-01 -5.923324e-01 -6.087713e-01 -6.242715e-01 -6.388091e-01 -6.523617e-01 -6.649085e-01 -6.764300e-01 -6.869086e-01 -6.963279e-01 -7.046736e-01 -7.119328e-01 -7.180942e-01 -7.231483e-01 -7.270874e-01 -7.299054e-01 -7.315980e-01 -7.321624e-01 
7.106881e-01 7.101401e-01 7.084972e-01 7.057618e-01 7.019382e-01 6.970323e-01 6.910515e-01 6.840052e-01 6.759042e-01 6.667610e-01 6.565896e-01 6.454059e-01 6.332269e-01 6.200716e-01 6.059602e-01 5.909143e-01 5.749574e-01 5.581138e-01 5.404097e-01 5.218723e-01 5.025302e-01 4.824132e-01 4.615524e-01 4.399798e-01 4.177289e-01 3.948338e-01 3.713299e-01 3.472534e-01 3.226414e-01 2.975319e-01 2.719637e-01 2.459760e-01 2.196091e-01 1.929035e-01 1.659005e-01 1.386416e-01 1.111690e-01 8.352489e-02 5.575199e-02 2.789309e-02 -8.845543e-06 -2.791079e-02 -5.576972e-02 -8.354269e-02 -1.111869e-01 -1.386596e-01 -1.659186e-01 -1.929218e-01 -2.196275e-01 -2.459946e-01 -2.719825e-01 -2.975509e-01 -3.226606e-01 -3.472729e-01 -3.713496e-01 -3.948538e-01 -4.177492e-01 -4.400005e-01 -4.615733e-01 -4.824345e-01 -5.025518e-01 -5.218942e-01 -5.404319e-01 -5.581364e-01 -5.749802e-01 -5.909375e-01 -6.059836e-01 -6.200954e-01 -6.332510e-01 -6.454302e-01 -6.566142e-01 -6.667858e-01 -6.759292e-01 -6.840304e-01 -6.910769e-01 -6.970578e-01 -7.019639e-01 -7.057876e-01 -7.085230e-01 -7.101660e-01 -7.107139e-01 
6.881441e-01 6.876136e-01 6.860228e-01 6.833742e-01 6.796719e-01 6.749215e-01 6.691305e-01 6.623077e-01 6.544636e-01 6.456104e-01 6.357618e-01 6.249328e-01 6.131402e-01 6.004021e-01 5.867383e-01 5.721698e-01 5.567190e-01 5.404097e-01 5.232672e-01 5.053178e-01 4.865893e-01 4.671104e-01 4.469113e-01 4.260231e-01 4.044779e-01 3.823091e-01 3.595507e-01 3.362379e-01 3.124067e-01 2.880937e-01 2.633365e-01 2.381732e-01 2.126427e-01 1.867843e-01 1.606378e-01 1.342436e-01 1.076424e-01 8.087520e-02 5.398328e-02 2.700809e-02 -8.769723e-06 -2.702564e-02 -5.400086e-02 -8.089284e-02 -1.076601e-01 -1.342614e-01 -1.606557e-01 -1.868023e-01 -2.126609e-01 -2.381916e-01 -2.633551e-01 -2.881125e-01 -3.124257e-01 -3.362572e-01 -3.595703e-01 -3.823289e-01 -4.044980e-01 -4.260435e-01 -4.469320e-01 -4.671314e-01 -4.866106e-01 -5.053394e-01 -5.232891e-01 -5.404319e-01 -5.567415e-01 -5.721926e-01 -5.867614e-01 -6.004255e-01 -6.131638e-01 -6.249567e-01 -6.357859e-01 -6.456348e-01 -6.544882e-01 -6.623325e-01 -6.691554e-01 -6.749466e-01 -6.796971e-01 -6.833995e-01 -6.860481e-01 -6.876390e-01 -6.881695e-01 
6.645391e-01 6.640268e-01 6.624906e-01 6.599328e-01 6.563575e-01 6.517701e-01 6.461777e-01 6.395889e-01 6.320139e-01 6.234644e-01 6.139536e-01 6.034960e-01 5.921080e-01 5.798069e-01 5.666117e-01 5.525429e-01 5.376221e-01 5.218723e-01 5.053178e-01 4.879842e-01 4.698980e-01 4.510873e-01 4.315811e-01 4.114094e-01 3.906033e-01 3.691949e-01 3.472172e-01 3.247041e-01 3.016903e-01 2.782113e-01 2.543033e-01 2.300032e-01 2.053484e-01 1.803769e-01 1.551274e-01 1.296385e-01 1.039498e-01 7.810079e-02 5.213131e-02 2.608143e-02 -8.693050e-06 -2.609883e-02 -5.214874e-02 -7.811827e-02 -1.039674e-01 -1.296562e-01 -1.551451e-01 -1.803948e-01 -2.053664e-01 -2.300214e-01 -2.543217e-01 -2.782299e-01 -3.017091e-01 -3.247231e-01 -3.472365e-01 -3.692144e-01 -3.906231e-01 -4.114295e-01 -4.316015e-01 -4.511081e-01 -4.699190e-01 -4.880055e-01 -5.053394e-01 -5.218942e-01 -5.376443e-01 -5.525654e-01 -5.666345e-01 -5.798299e-01 -5.921312e-01 -6.035196e-01 -6.139774e-01 -6.234884e-01 -6.320381e-01 -6.396133e-01 -6.462022e-01 -6.517947e-01 -6.563822e-01 -6.599576e-01 -6.625155e-01 -6.640517e-01 -6.645641e-01 
6.399094e-01 6.394161e-01 6.379368e-01 6.354738e-01 6.320310e-01 6.276136e-01 6.222285e-01 6.158839e-01 6.085897e-01 6.003571e-01 5.911987e-01 5.811288e-01 5.701627e-01 5.583176e-01 5.456115e-01 5.320641e-01 5.176963e-01 5.025302e-01 4.865893e-01 4.698980e-01 4.524822e-01 4.343687e-01 4.155854e-01 3.961613e-01 3.761263e-01 3.555114e-01 3.343482e-01 3.126695e-01 2.905087e-01 2.678999e-01 2.448780e-01 2.214785e-01 1.977374e-01 1.736915e-01 1.493777e-01 1.248336e-01 1.000969e-01 7.520594e-02 5.019896e-02 2.511454e-02 -8.615999e-06 -2.513179e-02 -5.021623e-02 -7.522327e-02 -1.001143e-01 -1.248511e-01 -1.493953e-01 -1.737092e-01 -1.977553e-01 -2.214965e-01 -2.448962e-01 -2.679183e-01 -2.905273e-01 -3.126884e-01 -3.343673e-01 -3.555307e-01 -3.761459e-01 -3.961812e-01 -4.156056e-01 -4.343891e-01 -4.525029e-01 -4.699190e-01 -4.866106e-01 -5.025518e-01 -5.177181e-01 -5.320862e-01 -5.456339e-01 -5.583402e-01 -5.701857e-01 -5.811519e-01 -5.912221e-01 -6.003806e-01 -6.086135e-01 -6.159079e-01 -6.222526e-01 -6.276378e-01 -6.320553e-01 -6.354982e-01 -6.379612e-01 -6.394406e-01 -6.399339e-01 
6.142930e-01 6.138194e-01 6.123994e-01 6.100350e-01 6.067300e-01 6.024894e-01 5.973199e-01 5.912293e-01 5.842271e-01 5.763240e-01 5.675323e-01 5.578654e-01 5.473384e-01 5.359674e-01 5.237699e-01 5.107648e-01 4.969722e-01 4.824132e-01 4.671104e-01 4.510873e-01 4.343687e-01 4.169803e-01 3.989489e-01 3.803024e-01 3.610694e-01 3.412797e-01 3.209637e-01 3.001528e-01 2.788791e-01 2.571753e-01 2.350750e-01 2.126122e-01 1.898216e-01 1.667382e-01 1.433977e-01 1.198361e-01 9.608972e-02 7.219512e-02 4.818918e-02 2.410892e-02 -8.539047e-06 -2.412601e-02 -4.820630e-02 -7.221229e-02 -9.610695e-02 -1.198535e-01 -1.434152e-01 -1.667558e-01 -1.898393e-01 -2.126301e-01 -2.350931e-01 -2.571936e-01 -2.788975e-01 -3.001715e-01 -3.209826e-01 -3.412988e-01 -3.610888e-01 -3.803220e-01 -3.989688e-01 -4.170005e-01 -4.343891e-01 -4.511081e-01 -4.671314e-01 -4.824345e-01 -4.969937e-01 -5.107866e-01 -5.237920e-01 -5.359897e-01 -5.473609e-01 -5.578882e-01 -5.675552e-01 -5.763472e-01 -5.842504e-01 -5.912528e-01 -5.973435e-01 -6.025132e-01 -6.067539e-01 -6.100589e-01 -6.124234e-01 -6.138435e-01 -6.143171e-01 
5.877294e-01 5.872763e-01 5.859176e-01 5.836555e-01 5.804934e-01 5.764362e-01 5.714902e-01 5.656630e-01 5.589636e-01 5.514022e-01 5.429907e-01 5.337418e-01 5.236700e-01 5.127907e-01 5.011207e-01 4.886780e-01 4.754818e-01 4.615524e-01 4.469113e-01 4.315811e-01 4.155854e-01 3.989489e-01 3.816972e-01 3.638570e-01 3.454557e-01 3.265217e-01 3.070843e-01 2.871733e-01 2.668195e-01 2.460543e-01 2.249096e-01 2.034182e-01 1.816130e-01 1.595278e-01 1.371966e-01 1.146539e-01 9.193431e-02 6.907296e-02 4.610509e-02 2.306611e-02 -8.462667e-06 -2.308304e-02 -4.612206e-02 -6.908998e-02 -9.195139e-02 -1.146710e-01 -1.372139e-01 -1.595452e-01 -1.816305e-01 -2.034358e-01 -2.249275e-01 -2.460723e-01 -2.668377e-01 -2.871917e-01 -3.071029e-01 -3.265406e-01 -3.454748e-01 -3.638764e-01 -3.817169e-01 -3.989688e-01 -4.156056e-01 -4.316015e-01 -4.469320e-01 -4.615733e-01 -4.755030e-01 -4.886995e-01 -5.011424e-01 -5.128127e-01 -5.236922e-01 -5.337642e-01 -5.430133e-01 -5.514250e-01 -5.589865e-01 -5.656861e-01 -5.715135e-01 -5.764596e-01 -5.805169e-01 -5.836790e-01 -5.859412e-01 -5.872999e-01 -5.877530e-01 
5.602596e-01 5.598276e-01 5.585324e-01 5.563760e-01 5.533617e-01 5.494942e-01 5.447794e-01 5.392245e-01 5.328382e-01 5.256303e-01 5.176118e-01 5.087953e-01 4.991942e-01 4.888234e-01 4.776988e-01 4.658377e-01 4.532582e-01 4.399798e-01 4.260231e-01 4.114094e-01 3.961613e-01 3.803024e-01 3.638570e-01 3.468506e-01 3.293093e-01 3.112603e-01 2.927313e-01 2.737510e-01 2.543485e-01 2.345538e-01 2.143974e-01 1.939104e-01 1.731244e-01 1.520714e-01 1.307840e-01 1.092948e-01 8.763713e-02 6.584429e-02 4.394990e-02 2.198772e-02 -8.387327e-06 -2.200450e-02 -4.396671e-02 -6.586115e-02 -8.765405e-02 -1.093118e-01 -1.308011e-01 -1.520887e-01 -1.731418e-01 -1.939279e-01 -2.144150e-01 -2.345716e-01 -2.543665e-01 -2.737692e-01 -2.927498e-01 -3.112790e-01 -3.293283e-01 -3.468697e-01 -3.638764e-01 -3.803220e-01 -3.961812e-01 -4.114295e-01 -4.260435e-01 -4.400005e-01 -4.532791e-01 -4.658588e-01 -4.777202e-01 -4.888450e-01 -4.992160e-01 -5.088173e-01 -5.176340e-01 -5.256526e-01 -5.328607e-01 -5.392472e-01 -5.448022e-01 -5.495171e-01 -5.533848e-01 -5.563991e-01 -5.585556e-01 -5.598508e-01 -5.602828e-01 
5.319258e-01 5.315157e-01 5.302860e-01 5.282387e-01 5.253768e-01 5.217049e-01 5.172285e-01 5.119545e-01 5.058912e-01 4.990478e-01 4.914348e-01 4.830642e-01 4.739486e-01 4.641023e-01 4.535403e-01 4.422790e-01 4.303357e-01 4.177289e-01 4.044779e-01 3.906033e-01 3.761263e-01 3.610694e-01 3.454557e-01 3.293093e-01 3.126552e-01 2.955189e-01 2.779270e-01 2.599065e-01 2.414852e-01 2.226916e-01 2.035546e-01 1.841036e-01 1.643688e-01 1.443806e-01 1.241696e-01 1.037672e-01 8.320481e-02 6.251407e-02 4.172692e-02 2.087541e-02 -8.313488e-06 -2.089204e-02 -4.174358e-02 -6.253078e-02 -8.322158e-02 -1.037841e-01 -1.241866e-01 -1.443976e-01 -1.643860e-01 -1.841210e-01 -2.035720e-01 -2.227092e-01 -2.415031e-01 -2.599245e-01 -2.779452e-01 -2.955374e-01 -3.126739e-01 -3.293283e-01 -3.454748e-01 -3.610888e-01 -3.761459e-01 -3.906231e-01 -4.044980e-01 -4.177492e-01 -4.303563e-01 -4.422998e-01 -4.535613e-01 -4.641235e-01 -4.739701e-01 -4.830858e-01 -4.914567e-01 -4.990698e-01 -5.059133e-01 -5.119768e-01 -5.172509e-01 -5.217274e-01 -5.253994e-01 -5.282614e-01 -5.303088e-01 -5.315385e-01 -5.319486e-01 
5.027718e-01 5.023842e-01 5.012219e-01 4.992868e-01 4.965818e-01 4.931111e-01 4.888800e-01 4.838951e-01 4.781641e-01 4.716958e-01 4.645001e-01 4.565882e-01 4.479723e-01 4.386656e-01 4.286825e-01 4.180384e-01 4.067497e-01 3.948338e-01 3.823091e-01 3.691949e-01 3.555114e-01 3.412797e-01 3.265217e-01 3.112603e-01 2.955189e-01 2.793219e-01 2.626941e-01 2.456613e-01 2.282496e-01 2.104860e-01 1.923978e-01 1.740130e-01 1.553598e-01 1.364670e-01 1.173638e-01 9.807962e-02 7.864418e-02 5.908745e-02 3.943959e-02 1.973090e-02 -8.241599e-06 -1.974739e-02 -3.945611e-02 -5.910401e-02 -7.866080e-02 -9.809632e-02 -1.173806e-01 -1.364839e-01 -1.553768e-01 -1.740301e-01 -1.924152e-01 -2.105035e-01 -2.282673e-01 -2.456791e-01 -2.627122e-01 -2.793401e-01 -2.955374e-01 -3.112790e-01 -3.265406e-01 -3.412988e-01 -3.555307e-01 -3.692144e-01 -3.823289e-01 -3.948538e-01 -4.067699e-01 -4.180589e-01 -4.287032e-01 -4.386865e-01 -4.479934e-01 -4.566095e-01 -4.645216e-01 -4.717174e-01 -4.781859e-01 -4.839171e-01 -4.889021e-01 -4.931332e-01 -4.966040e-01 -4.993091e-01 -5.012443e-01 -5.024066e-01 -5.027942e-01 
4.728426e-01 4.724780e-01 4.713849e-01 4.695650e-01 4.670210e-01 4.637569e-01 4.597777e-01 4.550896e-01 4.496997e-01 4.436164e-01 4.368491e-01 4.294082e-01 4.213051e-01 4.125524e-01 4.031636e-01 3.931531e-01 3.825364e-01 3.713299e-01 3.595507e-01 3.472172e-01 3.343482e-01 3.209637e-01 3.070843e-01 2.927313e-01 2.779270e-01 2.626941e-01 2.470562e-01 2.310373e-01 2.146621e-01 1.979559e-01 1.809445e-01 1.636540e-01 1.461112e-01 1.283431e-01 1.103770e-01 9.224077e-02 7.396227e-02 5.556970e-02 3.709143e-02 1.855594e-02 -8.172095e-06 -1.857230e-02 -3.710781e-02 -5.558612e-02 -7.397874e-02 -9.225732e-02 -1.103937e-01 -1.283598e-01 -1.461281e-01 -1.636710e-01 -1.809616e-01 -1.979732e-01 -2.146795e-01 -2.310549e-01 -2.470740e-01 -2.627122e-01 -2.779452e-01 -2.927498e-01 -3.071029e-01 -3.209826e-01 -3.343673e-01 -3.472365e-01 -3.595703e-01 -3.713496e-01 -3.825564e-01 -3.931733e-01 -4.031840e-01 -4.125730e-01 -4.213259e-01 -4.294291e-01 -4.368702e-01 -4.436377e-01 -4.497211e-01 -4.551111e-01 -4.597994e-01 -4.637787e-01 -4.670429e-01 -4.695869e-01 -4.714069e-01 -4.725000e-01 -4.728646e-01 
4.421842e-01 4.418433e-01 4.408211e-01 4.391192e-01 4.367401e-01 4.336877e-01 4.299665e-01 4.255823e-01 4.205419e-01 4.148530e-01 4.085245e-01 4.015660e-01 3.939883e-01 3.858032e-01 3.770231e-01 3.676617e-01 3.577333e-01 3.472534e-01 3.362379e-01 3.247041e-01 3.126695e-01 3.001528e-01 2.871733e-01 2.737510e-01 2.599065e-01 2.456613e-01 2.310373e-01 2.160570e-01 2.007435e-01 1.851205e-01 1.692121e-01 1.530427e-01 1.366373e-01 1.200212e-01 1.032200e-01 8.625967e-02 6.916630e-02 5.196625e-02 3.468606e-02 1.735237e-02 -8.105395e-06 -1.736858e-02 -3.470230e-02 -5.198253e-02 -6.918263e-02 -8.627608e-02 -1.032365e-01 -1.200378e-01 -1.366540e-01 -1.530595e-01 -1.692290e-01 -1.851376e-01 -2.007608e-01 -2.160744e-01 -2.310549e-01 -2.456791e-01 -2.599245e-01 -2.737692e-01 -2.871917e-01 -3.001715e-01 -3.126884e-01 -3.247231e-01 -3.362572e-01 -3.472729e-01 -3.577530e-01 -3.676816e-01 -3.770432e-01 -3.858235e-01 -3.940088e-01 -4.015867e-01 -4.085453e-01 -4.148740e-01 -4.205630e-01 -4.256035e-01 -4.299878e-01 -4.337091e-01 -4.367616e-01 -4.391407e-01 -4.408427e-01 -4.418650e-01 -4.422059e-01 
4.108441e-01 4.105273e-01 4.095776e-01 4.079962e-01 4.057858e-01 4.029497e-01 3.994922e-01 3.954188e-01 3.907356e-01 3.854500e-01 3.795699e-01 3.731047e-01 3.660640e-01 3.584590e-01 3.503012e-01 3.416033e-01 3.323786e-01 3.226414e-01 3.124067e-01 3.016903e-01 2.905087e-01 2.788791e-01 2.668195e-01 2.543485e-01 2.414852e-01 2.282496e-01 2.146621e-01 2.007435e-01 1.865154e-01 1.719997e-01 1.572187e-01 1.421953e-01 1.269527e-01 1.115142e-01 9.590384e-02 8.014555e-02 6.426366e-02 4.828266e-02 3.222719e-02 1.612202e-02 -8.041903e-06 -1.613811e-02 -3.224331e-02 -4.829881e-02 -6.427987e-02 -8.016182e-02 -9.592020e-02 -1.115307e-01 -1.269692e-01 -1.422120e-01 -1.572355e-01 -1.720166e-01 -1.865325e-01 -2.007608e-01 -2.146795e-01 -2.282673e-01 -2.415031e-01 -2.543665e-01 -2.668377e-01 -2.788975e-01 -2.905273e-01 -3.017091e-01 -3.124257e-01 -3.226606e-01 -3.323980e-01 -3.416229e-01 -3.503210e-01 -3.584790e-01 -3.660842e-01 -3.731250e-01 -3.795905e-01 -3.854706e-01 -3.907564e-01 -3.954397e-01 -3.995132e-01 -4.029708e-01 -4.058070e-01 -4.080175e-01 -4.095988e-01 -4.105486e-01 -4.108654e-01 
3.788704e-01 3.785783e-01 3.777024e-01 3.762442e-01 3.742058e-01 3.715904e-01 3.684020e-01 3.646455e-01 3.603268e-01 3.554525e-01 3.500301e-01 3.440680e-01 3.375753e-01 3.305621e-01 3.230392e-01 3.150181e-01 3.065113e-01 2.975319e-01 2.880937e-01 2.782113e-01 2.678999e-01 2.571753e-01 2.460543e-01 2.345538e-01 2.226916e-01 2.104860e-01 1.979559e-01 1.851205e-01 1.719997e-01 1.586136e-01 1.449830e-01 1.311287e-01 1.170723e-01 1.028353e-01 8.843977e-02 7.390784e-02 5.926192e-02 4.452461e-02 2.971862e-02 1.486679e-02 -7.981997e-06 -1.488276e-02 -2.973461e-02 -4.454064e-02 -5.927800e-02 -7.392398e-02 -8.845600e-02 -1.028516e-01 -1.170887e-01 -1.311453e-01 -1.449996e-01 -1.586304e-01 -1.720166e-01 -1.851376e-01 -1.979732e-01 -2.105035e-01 -2.227092e-01 -2.345716e-01 -2.460723e-01 -2.571936e-01 -2.679183e-01 -2.782299e-01 -2.881125e-01 -2.975509e-01 -3.065305e-01 -3.150375e-01 -3.230587e-01 -3.305818e-01 -3.375952e-01 -3.440880e-01 -3.500503e-01 -3.554729e-01 -3.603473e-01 -3.646661e-01 -3.684227e-01 -3.716112e-01 -3.742266e-01 -3.762651e-01 -3.777234e-01 -3.785993e-01 -3.788914e-01 
3.463125e-01 3.460455e-01 3.452449e-01 3.439120e-01 3.420487e-01 3.396581e-01 3.367437e-01 3.333100e-01 3.293624e-01 3.249070e-01 3.199505e-01 3.145007e-01 3.085660e-01 3.021554e-01 2.952790e-01 2.879472e-01 2.801715e-01 2.719637e-01 2.633365e-01 2.543033e-01 2.448780e-01 2.350750e-01 2.249096e-01 2.143974e-01 2.035546e-01 1.923978e-01 1.809445e-01 1.692121e-01 1.572187e-01 1.449830e-01 1.325236e-01 1.198599e-01 1.070114e-01 9.399783e-02 8.083932e-02 6.755614e-02 5.416878e-02 4.069788e-02 2.716421e-02 1.358863e-02 -7.926036e-06 -1.360448e-02 -2.718009e-02 -4.071380e-02 -5.418475e-02 -6.757217e-02 -8.085543e-02 -9.401403e-02 -1.070277e-01 -1.198763e-01 -1.325402e-01 -1.449996e-01 -1.572355e-01 -1.692290e-01 -1.809616e-01 -1.924152e-01 -2.035720e-01 -2.144150e-01 -2.249275e-01 -2.350931e-01 -2.448962e-01 -2.543217e-01 -2.633551e-01 -2.719825e-01 -2.801904e-01 -2.879664e-01 -2.952983e-01 -3.021749e-01 -3.085857e-01 -3.145206e-01 -3.199705e-01 -3.249271e-01 -3.293826e-01 -3.333303e-01 -3.367641e-01 -3.396786e-01 -3.420693e-01 -3.439326e-01 -3.452655e-01 -3.460662e-01 -3.463332e-01 
3.132206e-01 3.129791e-01 3.122550e-01 3.110494e-01 3.093642e-01 3.072020e-01 3.045661e-01 3.014605e-01 2.978902e-01 2.938604e-01 2.893776e-01 2.844486e-01 2.790809e-01 2.732829e-01 2.670635e-01 2.604323e-01 2.533995e-01 2.459760e-01 2.381732e-01 2.300032e-01 2.214785e-01 2.126122e-01 2.034182e-01 1.939104e-01 1.841036e-01 1.740130e-01 1.636540e-01 1.530427e-01 1.421953e-01 1.311287e-01 1.198599e-01 1.084063e-01 9.678545e-02 8.501538e-02 7.311420e-02 6.110027e-02 4.899211e-02 3.680839e-02 2.456789e-02 1.228949e-02 -7.874354e-06 -1.230525e-02 -2.458367e-02 -3.682420e-02 -4.900797e-02 -6.111619e-02 -7.313020e-02 -8.503146e-02 -9.680163e-02 -1.084226e-01 -1.198763e-01 -1.311453e-01 -1.422120e-01 -1.530595e-01 -1.636710e-01 -1.740301e-01 -1.841210e-01 -1.939279e-01 -2.034358e-01 -2.126301e-01 -2.214965e-01 -2.300214e-01 -2.381916e-01 -2.459946e-01 -2.534183e-01 -2.604513e-01 -2.670826e-01 -2.733022e-01 -2.791003e-01 -2.844681e-01 -2.893973e-01 -2.938803e-01 -2.979101e-01 -3.014806e-01 -3.045862e-01 -3.072222e-01 -3.093845e-01 -3.110698e-01 -3.122754e-01 -3.129995e-01 -3.132410e-01 
2.796457e-01 2.794301e-01 2.787836e-01 2.777073e-01 2.762027e-01 2.742722e-01 2.719189e-01 2.691462e-01 2.659585e-01 2.623608e-01 2.583584e-01 2.539577e-01 2.491654e-01 2.439889e-01 2.384362e-01 2.325158e-01 2.262369e-01 2.196091e-01 2.126427e-01 2.053484e-01 1.977374e-01 1.898216e-01 1.816130e-01 1.731244e-01 1.643688e-01 1.553598e-01 1.461112e-01 1.366373e-01 1.269527e-01 1.170723e-01 1.070114e-01 9.678545e-02 8.641026e-02 7.590182e-02 6.527633e-02 5.455017e-02 4.373987e-02 3.286212e-02 2.193367e-02 1.097139e-02 -7.827258e-06 -1.098705e-02 -2.194936e-02 -3.287783e-02 -4.375564e-02 -5.456599e-02 -6.529222e-02 -7.591780e-02 -8.642634e-02 -9.680163e-02 -1.070277e-01 -1.170887e-01 -1.269692e-01 -1.366540e-01 -1.461281e-01 -1.553768e-01 -1.643860e-01 -1.731418e-01 -1.816305e-01 -1.898393e-01 -1.977553e-01 -2.053664e-01 -2.126609e-01 -2.196275e-01 -2.262555e-01 -2.325346e-01 -2.384551e-01 -2.440080e-01 -2.491847e-01 -2.539771e-01 -2.583779e-01 -2.623804e-01 -2.659783e-01 -2.691660e-01 -2.719388e-01 -2.742922e-01 -2.762227e-01 -2.777274e-01 -2.788037e-01 -2.794502e-01 -2.796658e-01 
2.456396e-01 2.454502e-01 2.448823e-01 2.439369e-01 2.426153e-01 2.409196e-01 2.388524e-01 2.364169e-01 2.336168e-01 2.304565e-01 2.269409e-01 2.230753e-01 2.188658e-01 2.143187e-01 2.094412e-01 2.042408e-01 1.987254e-01 1.929035e-01 1.867843e-01 1.803769e-01 1.736915e-01 1.667382e-01 1.595278e-01 1.520714e-01 1.443806e-01 1.364670e-01 1.283431e-01 1.200212e-01 1.115142e-01 1.028353e-01 9.399783e-02 8.501538e-02 7.590182e-02 6.667122e-02 5.733779e-02 4.791593e-02 3.842018e-02 2.886516e-02 1.926562e-02 9.636358e-03 -7.785026e-06 -9.651934e-03 -1.928122e-02 -2.888079e-02 -3.843585e-02 -4.793167e-02 -5.735359e-02 -6.668710e-02 -7.591780e-02 -8.503146e-02 -9.401403e-02 -1.028516e-01 -1.115307e-01 -1.200378e-01 -1.283598e-01 -1.364839e-01 -1.443976e-01 -1.520887e-01 -1.595452e-01 -1.667558e-01 -1.737092e-01 -1.803948e-01 -1.868023e-01 -1.929218e-01 -1.987438e-01 -2.042593e-01 -2.094600e-01 -2.143376e-01 -2.188848e-01 -2.230945e-01 -2.269602e-01 -2.304759e-01 -2.336363e-01 -2.364365e-01 -2.388721e-01 -2.409393e-01 -2.426351e-01 -2.439567e-01 -2.449022e-01 -2.454701e-01 -2.456595e-01 
2.112547e-01 2.110918e-01 2.106034e-01 2.097903e-01 2.086537e-01 2.071954e-01 2.054175e-01 2.033229e-01 2.009148e-01 1.981969e-01 1.951734e-01 1.918489e-01 1.882286e-01 1.843181e-01 1.801233e-01 1.756508e-01 1.709074e-01 1.659005e-01 1.606378e-01 1.551274e-01 1.493777e-01 1.433977e-01 1.371966e-01 1.307840e-01 1.241696e-01 1.173638e-01 1.103770e-01 1.032200e-01 9.590384e-02 8.843977e-02 8.083932e-02 7.311420e-02 6.527633e-02 5.733779e-02 4.931082e-02 4.120780e-02 3.304123e-02 2.482368e-02 1.656785e-02 8.286448e-03 -7.747909e-06 -8.301950e-03 -1.658337e-02 -2.483924e-02 -3.305682e-02 -4.122346e-02 -4.932654e-02 -5.735359e-02 -6.529222e-02 -7.313020e-02 -8.085543e-02 -8.845600e-02 -9.592020e-02 -1.032365e-01 -1.103937e-01 -1.173806e-01 -1.241866e-01 -1.308011e-01 -1.372139e-01 -1.434152e-01 -1.493953e-01 -1.551451e-01 -1.606557e-01 -1.659186e-01 -1.709257e-01 -1.756692e-01 -1.801419e-01 -1.843368e-01 -1.882475e-01 -1.918679e-01 -1.951925e-01 -1.982162e-01 -2.009342e-01 -2.033424e-01 -2.054370e-01 -2.072149e-01 -2.086733e-01 -2.098100e-01 -2.106231e-01 -2.111115e-01 -2.112744e-01 
1.765440e-01 1.764079e-01 1.759998e-01 1.753202e-01 1.743704e-01 1.731516e-01 1.716659e-01 1.699155e-01 1.679030e-01 1.656317e-01 1.631049e-01 1.603267e-01 1.573012e-01 1.540332e-01 1.505276e-01 1.467899e-01 1.428259e-01 1.386416e-01 1.342436e-01 1.296385e-01 1.248336e-01 1.198361e-01 1.146539e-01 1.092948e-01 1.037672e-01 9.807962e-02 9.224077e-02 8.625967e-02 8.014555e-02 7.390784e-02 6.755614e-02 6.110027e-02 5.455017e-02 4.791593e-02 4.120780e-02 3.443611e-02 2.761131e-02 2.074391e-02 1.384451e-02 6.923744e-03 -7.716125e-06 -6.939182e-03 -1.385997e-02 -2.075940e-02 -2.762684e-02 -3.445170e-02 -4.122346e-02 -4.793167e-02 -5.456599e-02 -6.111619e-02 -6.757217e-02 -7.392398e-02 -8.016182e-02 -8.627608e-02 -9.225732e-02 -9.809632e-02 -1.037841e-01 -1.093118e-01 -1.146710e-01 -1.198535e-01 -1.248511e-01 -1.296562e-01 -1.342614e-01 -1.386596e-01 -1.428440e-01 -1.468082e-01 -1.505460e-01 -1.540517e-01 -1.573199e-01 -1.603455e-01 -1.631239e-01 -1.656508e-01 -1.679222e-01 -1.699348e-01 -1.716853e-01 -1.731711e-01 -1.743899e-01 -1.753398e-01 -1.760193e-01 -1.764275e-01 -1.765636e-01 
