9.069891e-01 8.958210e-01 8.625918e-01 8.081194e-01 7.337449e-01 6.412992e-01 5.330582e-01 4.116864e-01 2.801716e-01 1.417512e-01 -1.673111e-04 -1.420905e-01 -2.805245e-01 -4.120614e-01 -5.334621e-01 -6.417367e-01 -7.342176e-01 -8.086252e-01 -8.631249e-01 -8.963721e-01 -9.075464e-01 
8.958210e-01 8.847905e-01 8.519703e-01 7.981686e-01 7.247098e-01 6.334024e-01 5.264940e-01 4.066165e-01 2.767209e-01 1.400048e-01 -1.664163e-04 -1.403422e-01 -2.770718e-01 -4.069890e-01 -5.268949e-01 -6.338362e-01 -7.251781e-01 -7.986694e-01 -8.524977e-01 -8.853354e-01 -8.963721e-01 
8.625918e-01 8.519703e-01 8.203675e-01 7.685613e-01 6.978271e-01 6.099062e-01 5.069631e-01 3.915318e-01 2.664539e-01 1.348085e-01 -1.638237e-04 -1.351405e-01 -2.667987e-01 -3.918971e-01 -5.073552e-01 -6.103294e-01 -6.982827e-01 -7.690474e-01 -8.208785e-01 -8.524977e-01 -8.631249e-01 
8.081194e-01 7.981686e-01 7.685613e-01 7.200264e-01 6.537585e-01 5.713892e-01 4.749462e-01 3.668035e-01 2.496233e-01 1.262901e-01 -1.597987e-04 -1.266137e-01 -2.499586e-01 -3.671576e-01 -4.753248e-01 -5.717961e-01 -6.541948e-01 -7.204900e-01 -7.690474e-01 -7.986694e-01 -8.086252e-01 
7.337449e-01 7.247098e-01 6.978271e-01 6.537585e-01 5.935889e-01 5.187995e-01 4.312314e-01 3.330401e-01 2.266430e-01 1.146592e-01 -1.547490e-04 -1.149722e-01 -2.269666e-01 -3.333805e-01 -4.315933e-01 -5.191863e-01 -5.940013e-01 -6.541948e-01 -6.982827e-01 -7.251781e-01 -7.342176e-01 
6.412992e-01 6.334024e-01 6.099062e-01 5.713892e-01 5.187995e-01 4.534316e-01 3.768947e-01 2.910729e-01 1.980788e-01 1.002016e-01 -1.491792e-04 -1.005031e-01 -1.983894e-01 -2.913980e-01 -3.772385e-01 -4.537966e-01 -5.191863e-01 -5.717961e-01 -6.103294e-01 -6.338362e-01 -6.417367e-01 
5.330582e-01 5.264940e-01 5.069631e-01 4.749462e-01 4.312314e-01 3.768947e-01 3.132738e-01 2.419347e-01 1.646335e-01 8.327307e-02 -1.436380e-04 -8.356303e-02 -1.649313e-01 -2.422448e-01 -3.135997e-01 -3.772385e-01 -4.315933e-01 -4.753248e-01 -5.073552e-01 -5.268949e-01 -5.334621e-01 
4.116864e-01 4.066165e-01 3.915318e-01 3.668035e-01 3.330401e-01 2.910729e-01 2.419347e-01 1.868351e-01 1.271303e-01 6.429004e-02 -1.386627e-04 -6.456965e-02 -1.274166e-01 -1.871318e-01 -2.422448e-01 -2.913980e-01 -3.333805e-01 -3.671576e-01 -3.918971e-01 -4.069890e-01 -4.120614e-01 
2.801716e-01 2.767209e-01 2.664539e-01 2.496233e-01 2.266430e-01 1.980788e-01 1.646335e-01 1.271303e-01 8.649219e-02 4.371956e-02 -1.347297e-04 -4.399100e-02 -8.676943e-02 -1.274166e-01 -1.649313e-01 -1.983894e-01 -2.269666e-01 -2.499586e-01 -2.667987e-01 -2.770718e-01 -2.805245e-01 
1.417512e-01 1.400048e-01 1.348085e-01 1.262901e-01 1.146592e-01 1.002016e-01 8.327307e-02 6.429004e-02 4.371956e-02 2.206783e-02 -1.322115e-04 -2.233405e-02 -4.399100e-02 -6.456965e-02 -8.356303e-02 -1.005031e-01 -1.149722e-01 -1.266137e-01 -1.351405e-01 -1.403422e-01 -1.420905e-01 
-1.673111e-04 -1.664163e-04 -1.638237e-04 -1.597987e-04 -1.547490e-04 -1.491792e-04 -1.436380e-04 -1.386627e-04 -1.347297e-04 -1.322115e-04 -1.313450e-04 -1.322115e-04 -1.347297e-04 -1.386627e-04 -1.436380e-04 -1.491792e-04 -1.547490e-04 -1.597987e-04 -1.638237e-04 -1.664163e-04 -1.673111e-04 
-1.420905e-01 -1.403422e-01 -1.351405e-01 -1.266137e-01 -1.149722e-01 -1.005031e-01 -8.356303e-02 -6.456965e-02 -4.399100e-02 -2.233405e-02 -1.322115e-04 2.206783e-02 4.371956e-02 6.429004e-02 8.327307e-02 1.002016e-01 1.146592e-01 1.262901e-01 1.348085e-01 1.400048e-01 1.417512e-01 
-2.805245e-01 -2.770718e-01 -2.667987e-01 -2.499586e-01 -2.269666e-01 -1.983894e-01 -1.649313e-01 -1.274166e-01 -8.676943e-02 -4.399100e-02 -1.347297e-04 4.371956e-02 8.649219e-02 1.271303e-01 1.646335e-01 1.980788e-01 2.266430e-01 2.496233e-01 2.664539e-01 2.767209e-01 2.801716e-01 
-4.120614e-01 -4.069890e-01 -3.918971e-01 -3.671576e-01 -3.333805e-01 -2.913980e-01 -2.422448e-01 -1.871318e-01 -1.274166e-01 -6.456965e-02 -1.386627e-04 6.429004e-02 1.271303e-01 1.868351e-01 2.419347e-01 2.910729e-01 3.330401e-01 3.668035e-01 3.915318e-01 4.066165e-01 4.116864e-01 
-5.334621e-01 -5.268949e-01 -5.073552e-01 -4.753248e-01 -4.315933e-01 -3.772385e-01 -3.135997e-01 -2.422448e-01 -1.649313e-01 -8.356303e-02 -1.436380e-04 8.327307e-02 1.646335e-01 2.419347e-01 3.132738e-01 3.768947e-01 4.312314e-01 4.749462e-01 5.069631e-01 5.264940e-01 5.330582e-01 
-6.417367e-01 -6.338362e-01 -6.103294e-01 -5.717961e-01 -5.191863e-01 -4.537966e-01 -3.772385e-01 -2.913980e-01 -1.983894e-01 -1.005031e-01 -1.491792e-04 1.002016e-01 1.980788e-01 2.910729e-01 3.768947e-01 4.534316e-01 5.187995e-01 5.713892e-01 6.099062e-01 6.334024e-01 6.412992e-01 
-7.342176e-01 -7.251781e-01 -6.982827e-01 -6.541948e-01 -5.940013e-01 -5.191863e-01 -4.315933e-01 -3.333805e-01 -2.269666e-01 -1.149722e-01 -1.547490e-04 1.146592e-01 2.266430e-01 3.330401e-01 4.312314e-01 5.187995e-01 5.935889e-01 6.537585e-01 6.978271e-01 7.247098e-01 7.337449e-01 
-8.086252e-01 -7.986694e-01 -7.690474e-01 -7.204900e-01 -6.541948e-01 -5.717961e-01 -4.753248e-01 -3.671576e-01 -2.499586e-01 -1.266137e-01 -1.597987e-04 1.262901e-01 2.496233e-01 3.668035e-01 4.749462e-01 5.713892e-01 6.537585e-01 7.200264e-01 7.685613e-01 7.981686e-01 8.081194e-01 
-8.631249e-01 -8.524977e-01 -8.208785e-01 -7.690474e-01 -6.982827e-01 -6.103294e-01 -5.073552e-01 -3.918971e-01 -2.667987e-01 -1.351405e-01 -1.638237e-04 1.348085e-01 2.664539e-01 3.915318e-01 5.069631e-01 6.099062e-01 6.978271e-01 7.685613e-01 8.203675e-01 8.519703e-01 8.625918e-01 
-8.963721e-01 -8.853354e-01 -8.524977e-01 -7.986694e-01 -7.251781e-01 -6.338362e-01 -5.268949e-01 -4.069890e-01 -2.770718e-01 -1.403422e-01 -1.664163e-04 1.400048e-01 2.767209e-01 4.066165e-01 5.264940e-01 6.334024e-01 7.247098e-01 7.981686e-01 8.519703e-01 8.847905e-01 8.958210e-01 
-9.075464e-01 -8.963721e-01 -8.631249e-01 -8.086252e-01 -7.342176e-01 -6.417367e-01 -5.334621e-01 -4.120614e-01 -2.805245e-01 -1.420905e-01 -1.673111e-04 1.417512e-01 2.801716e-01 4.116864e-01 5.330582e-01 6.412992e-01 7.337449e-01 8.081194e-01 8.625918e-01 8.958210e-01 9.069891e-01 
