9.053749e-01 9.025838e-01 8.942278e-01 8.803585e-01 8.610612e-01 8.364550e-01 8.066916e-01 7.719544e-01 7.324577e-01 6.884449e-01 6.401873e-01 5.879825e-01 5.321523e-01 4.730410e-01 4.110128e-01 3.464503e-01 2.797514e-01 2.113274e-01 1.416001e-01 7.099924e-02 -3.978090e-05 -7.107906e-02 -1.416806e-01 -2.114093e-01 -2.798351e-01 -3.465361e-01 -4.111013e-01 -4.731325e-01 -5.322472e-01 -5.880810e-01 -6.402895e-01 -6.885509e-01 -7.325676e-01 -7.720680e-01 -8.068087e-01 -8.365753e-01 -8.611842e-01 -8.804837e-01 -8.943548e-01 -9.027117e-01 -9.055032e-01 
9.025838e-01 8.998014e-01 8.914711e-01 8.776445e-01 8.584067e-01 8.338764e-01 8.042047e-01 7.695746e-01 7.301997e-01 6.863225e-01 6.382137e-01 5.861699e-01 5.305118e-01 4.715827e-01 4.097457e-01 3.453822e-01 2.788890e-01 2.106759e-01 1.411635e-01 7.078030e-02 -3.972920e-05 -7.086002e-02 -1.412440e-01 -2.107576e-01 -2.789725e-01 -3.454679e-01 -4.098341e-01 -4.716740e-01 -5.306065e-01 -5.862681e-01 -6.383157e-01 -6.864284e-01 -7.303093e-01 -7.696880e-01 -8.043215e-01 -8.339964e-01 -8.585295e-01 -8.777695e-01 -8.915977e-01 -8.999290e-01 -9.027117e-01 
8.942278e-01 8.914711e-01 8.832180e-01 8.695194e-01 8.504597e-01 8.261565e-01 7.967595e-01 7.624500e-01 7.234396e-01 6.799686e-01 6.323052e-01 5.807431e-01 5.256003e-01 4.672167e-01 4.059523e-01 3.421846e-01 2.763069e-01 2.087253e-01 1.398564e-01 7.012483e-02 -3.957546e-05 -7.020424e-02 -1.399366e-01 -2.088067e-01 -2.763901e-01 -3.422699e-01 -4.060402e-01 -4.673076e-01 -5.256945e-01 -5.808408e-01 -6.324066e-01 -6.800738e-01 -7.235485e-01 -7.625626e-01 -7.968755e-01 -8.262756e-01 -8.505815e-01 -8.696434e-01 -8.833436e-01 -8.915977e-01 -8.943548e-01 
8.803585e-01 8.776445e-01 8.695194e-01 8.560333e-01 8.372692e-01 8.133429e-01 7.844018e-01 7.506245e-01 7.122190e-01 6.694223e-01 6.224981e-01 5.717358e-01 5.174482e-01 4.599701e-01 3.996558e-01 3.368772e-01 2.720212e-01 2.054877e-01 1.376870e-01 6.903687e-02 -3.932362e-05 -6.911577e-02 -1.377666e-01 -2.055686e-01 -2.721037e-01 -3.369618e-01 -3.997430e-01 -4.600602e-01 -5.175415e-01 -5.718326e-01 -6.225985e-01 -6.695264e-01 -7.123268e-01 -7.507357e-01 -7.845164e-01 -8.134605e-01 -8.373895e-01 -8.561557e-01 -8.696434e-01 -8.777695e-01 -8.804837e-01 
8.610612e-01 8.584067e-01 8.504597e-01 8.372692e-01 8.189164e-01 7.955145e-01 7.672078e-01 7.341709e-01 6.966073e-01 6.547486e-01 6.088530e-01 5.592033e-01 5.061057e-01 4.498874e-01 3.908952e-01 3.294926e-01 2.660582e-01 2.009831e-01 1.346685e-01 6.752312e-02 -3.898019e-05 -6.760132e-02 -1.347474e-01 -2.010632e-01 -2.661400e-01 -3.295764e-01 -3.909815e-01 -4.499765e-01 -5.061979e-01 -5.592988e-01 -6.089520e-01 -6.548512e-01 -6.967134e-01 -7.342804e-01 -7.673206e-01 -7.956302e-01 -8.190346e-01 -8.373895e-01 -8.505815e-01 -8.585295e-01 -8.611842e-01 
8.364550e-01 8.338764e-01 8.261565e-01 8.133429e-01 7.955145e-01 7.727814e-01 7.452836e-01 7.131907e-01 6.767005e-01 6.360380e-01 5.914538e-01 5.432229e-01 4.916426e-01 4.370309e-01 3.797244e-01 3.200764e-01 2.584547e-01 1.952392e-01 1.308195e-01 6.559291e-02 -3.855397e-05 -6.567025e-02 -1.308976e-01 -1.953184e-01 -2.585355e-01 -3.201592e-01 -3.798095e-01 -4.371187e-01 -4.917334e-01 -5.433170e-01 -5.915512e-01 -6.361387e-01 -6.768046e-01 -7.132981e-01 -7.453941e-01 -7.728947e-01 -7.956302e-01 -8.134605e-01 -8.262756e-01 -8.339964e-01 -8.365753e-01 
8.066916e-01 8.042047e-01 7.967595e-01 7.844018e-01 7.672078e-01 7.452836e-01 7.187642e-01 6.878132e-01 6.526214e-01 6.134058e-01 5.704080e-01 5.238933e-01 4.741483e-01 4.214797e-01 3.662123e-01 3.086867e-01 2.492576e-01 1.882914e-01 1.261639e-01 6.325813e-02 -3.805586e-05 -6.333447e-02 -1.262409e-01 -1.883695e-01 -2.493372e-01 -3.087682e-01 -3.662960e-01 -4.215660e-01 -4.742375e-01 -5.239855e-01 -5.705034e-01 -6.135044e-01 -6.527233e-01 -6.879182e-01 -7.188721e-01 -7.453941e-01 -7.673206e-01 -7.845164e-01 -7.968755e-01 -8.043215e-01 -8.068087e-01 
7.719544e-01 7.695746e-01 7.624500e-01 7.506245e-01 7.341709e-01 7.131907e-01 6.878132e-01 6.581950e-01 6.245185e-01 5.869915e-01 5.458453e-01 5.013334e-01 4.537304e-01 4.033298e-01 3.504421e-01 2.953936e-01 2.385235e-01 1.801825e-01 1.207302e-01 6.053317e-02 -3.749851e-05 -6.060838e-02 -1.208060e-01 -1.802594e-01 -2.386018e-01 -2.954737e-01 -3.505244e-01 -4.034145e-01 -4.538178e-01 -5.014237e-01 -5.459385e-01 -5.870878e-01 -6.246179e-01 -6.582972e-01 -6.879182e-01 -7.132981e-01 -7.342804e-01 -7.507357e-01 -7.625626e-01 -7.696880e-01 -7.720680e-01 
7.324577e-01 7.301997e-01 7.234396e-01 7.122190e-01 6.966073e-01 6.767005e-01 6.526214e-01 6.245185e-01 5.925651e-01 5.569581e-01 5.179170e-01 4.756825e-01 4.305150e-01 3.826930e-01 3.325112e-01 2.802791e-01 2.263187e-01 1.709625e-01 1.145520e-01 5.743481e-02 -3.689600e-05 -5.750880e-02 -1.146266e-01 -1.710381e-01 -2.263956e-01 -2.803578e-01 -3.325919e-01 -3.827759e-01 -4.306005e-01 -4.757706e-01 -5.180079e-01 -5.570519e-01 -5.926617e-01 -6.246179e-01 -6.527233e-01 -6.768046e-01 -6.967134e-01 -7.123268e-01 -7.235485e-01 -7.303093e-01 -7.325676e-01 
6.884449e-01 6.863225e-01 6.799686e-01 6.694223e-01 6.547486e-01 6.360380e-01 6.134058e-01 5.869915e-01 5.569581e-01 5.234906e-01 4.867953e-01 4.470986e-01 4.046451e-01 3.596966e-01 3.125301e-01 2.634365e-01 2.127183e-01 1.606884e-01 1.076674e-01 5.398215e-02 -3.626347e-05 -5.405487e-02 -1.077406e-01 -1.607626e-01 -2.127938e-01 -2.635135e-01 -3.126090e-01 -3.597777e-01 -4.047285e-01 -4.471845e-01 -4.868839e-01 -5.235817e-01 -5.570519e-01 -5.870878e-01 -6.135044e-01 -6.361387e-01 -6.548512e-01 -6.695264e-01 -6.800738e-01 -6.864284e-01 -6.885509e-01 
6.401873e-01 6.382137e-01 6.323052e-01 6.224981e-01 6.088530e-01 5.914538e-01 5.704080e-01 5.458453e-01 5.179170e-01 4.867953e-01 4.526722e-01 4.157580e-01 3.762802e-01 3.344823e-01 2.906219e-01 2.449694e-01 1.978063e-01 1.494233e-01 1.001187e-01 5.019647e-02 -3.561665e-05 -5.026788e-02 -1.001906e-01 -1.494961e-01 -1.978803e-01 -2.450449e-01 -2.906991e-01 -3.345615e-01 -3.763616e-01 -4.158417e-01 -4.527583e-01 -4.868839e-01 -5.180079e-01 -5.459385e-01 -5.705034e-01 -5.915512e-01 -6.089520e-01 -6.225985e-01 -6.324066e-01 -6.383157e-01 -6.402895e-01 
5.879825e-01 5.861699e-01 5.807431e-01 5.717358e-01 5.592033e-01 5.432229e-01 5.238933e-01 5.013334e-01 4.756825e-01 4.470986e-01 4.157580e-01 3.818539e-01 3.455952e-01 3.072056e-01 2.669217e-01 2.249918e-01 1.816745e-01 1.372367e-01 9.195254e-02 4.610108e-02 -3.497155e-05 -4.617119e-02 -9.202314e-02 -1.373081e-01 -1.817470e-01 -2.250657e-01 -2.669972e-01 -3.072829e-01 -3.456745e-01 -3.819353e-01 -4.158417e-01 -4.471845e-01 -4.757706e-01 -5.014237e-01 -5.239855e-01 -5.433170e-01 -5.592988e-01 -5.718326e-01 -5.808408e-01 -5.862681e-01 -5.880810e-01 
5.321523e-01 5.305118e-01 5.256003e-01 5.174482e-01 5.061057e-01 4.916426e-01 4.741483e-01 4.537304e-01 4.305150e-01 4.046451e-01 3.762802e-01 3.455952e-01 3.127792e-01 2.780346e-01 2.415756e-01 2.036268e-01 1.644223e-01 1.242038e-01 8.321925e-02 4.172124e-02 -3.434398e-05 -4.179008e-02 -8.328854e-02 -1.242739e-01 -1.644934e-01 -2.036991e-01 -2.416494e-01 -2.781101e-01 -3.128566e-01 -3.456745e-01 -3.763616e-01 -4.047285e-01 -4.306005e-01 -4.538178e-01 -4.742375e-01 -4.917334e-01 -5.061979e-01 -5.175415e-01 -5.256945e-01 -5.306065e-01 -5.322472e-01 
4.730410e-01 4.715827e-01 4.672167e-01 4.599701e-01 4.498874e-01 4.370309e-01 4.214797e-01 4.033298e-01 3.826930e-01 3.596966e-01 3.344823e-01 3.072056e-01 2.780346e-01 2.471492e-01 2.147398e-01 1.810062e-01 1.461563e-01 1.104050e-01 7.397264e-02 3.708393e-02 -3.374922e-05 -3.715157e-02 -7.404070e-02 -1.104737e-01 -1.462259e-01 -1.810770e-01 -2.148121e-01 -2.472230e-01 -2.781101e-01 -3.072829e-01 -3.345615e-01 -3.597777e-01 -3.827759e-01 -4.034145e-01 -4.215660e-01 -4.371187e-01 -4.499765e-01 -4.600602e-01 -4.673076e-01 -4.716740e-01 -4.731325e-01 
4.110128e-01 4.097457e-01 4.059523e-01 3.996558e-01 3.908952e-01 3.797244e-01 3.662123e-01 3.504421e-01 3.325112e-01 3.125301e-01 2.906219e-01 2.669217e-01 2.415756e-01 2.147398e-01 1.865798e-01 1.572693e-01 1.269888e-01 9.592513e-02 6.426971e-02 3.221774e-02 -3.320163e-05 -3.228427e-02 -6.433664e-02 -9.599269e-02 -1.270573e-01 -1.573388e-01 -1.866507e-01 -2.148121e-01 -2.416494e-01 -2.669972e-01 -2.906991e-01 -3.126090e-01 -3.325919e-01 -3.505244e-01 -3.662960e-01 -3.798095e-01 -3.909815e-01 -3.997430e-01 -4.060402e-01 -4.098341e-01 -4.111013e-01 
3.464503e-01 3.453822e-01 3.421846e-01 3.368772e-01 3.294926e-01 3.200764e-01 3.086867e-01 2.953936e-01 2.802791e-01 2.634365e-01 2.449694e-01 2.249918e-01 2.036268e-01 1.810062e-01 1.572693e-01 1.325625e-01 1.070382e-01 8.085363e-02 5.417028e-02 2.715264e-02 -3.271433e-05 -2.721819e-02 -5.423619e-02 -8.092013e-02 -1.071055e-01 -1.326309e-01 -1.573388e-01 -1.810770e-01 -2.036991e-01 -2.250657e-01 -2.450449e-01 -2.635135e-01 -2.803578e-01 -2.954737e-01 -3.087682e-01 -3.201592e-01 -3.295764e-01 -3.369618e-01 -3.422699e-01 -3.454679e-01 -3.465361e-01 
2.797514e-01 2.788890e-01 2.763069e-01 2.720212e-01 2.660582e-01 2.584547e-01 2.492576e-01 2.385235e-01 2.263187e-01 2.127183e-01 1.978063e-01 1.816745e-01 1.644223e-01 1.461563e-01 1.269888e-01 1.070382e-01 8.642734e-02 6.528336e-02 4.373660e-02 2.191987e-02 -3.229892e-05 -2.198459e-02 -4.380165e-02 -6.534897e-02 -8.649371e-02 -1.071055e-01 -1.270573e-01 -1.462259e-01 -1.644934e-01 -1.817470e-01 -1.978803e-01 -2.127938e-01 -2.263956e-01 -2.386018e-01 -2.493372e-01 -2.585355e-01 -2.661400e-01 -2.721037e-01 -2.763901e-01 -2.789725e-01 -2.798351e-01 
2.113274e-01 2.106759e-01 2.087253e-01 2.054877e-01 2.009831e-01 1.952392e-01 1.882914e-01 1.801825e-01 1.709625e-01 1.606884e-01 1.494233e-01 1.372367e-01 1.242038e-01 1.104050e-01 9.592513e-02 8.085363e-02 6.528336e-02 4.931033e-02 3.303298e-02 1.655168e-02 -3.196525e-05 -1.661572e-02 -3.309734e-02 -4.937521e-02 -6.534897e-02 -8.092013e-02 -9.599269e-02 -1.104737e-01 -1.242739e-01 -1.373081e-01 -1.494961e-01 -1.607626e-01 -1.710381e-01 -1.802594e-01 -1.883695e-01 -1.953184e-01 -2.010632e-01 -2.055686e-01 -2.088067e-01 -2.107576e-01 -2.114093e-01 
1.416001e-01 1.411635e-01 1.398564e-01 1.376870e-01 1.346685e-01 1.308195e-01 1.261639e-01 1.207302e-01 1.145520e-01 1.076674e-01 1.001187e-01 9.195254e-02 8.321925e-02 7.397264e-02 6.426971e-02 5.417028e-02 4.373660e-02 3.303298e-02 2.212542e-02 1.108116e-02 -3.172116e-05 -1.114470e-02 -2.218928e-02 -3.309734e-02 -4.380165e-02 -5.423619e-02 -6.433664e-02 -7.404070e-02 -8.328854e-02 -9.202314e-02 -1.001906e-01 -1.077406e-01 -1.146266e-01 -1.208060e-01 -1.262409e-01 -1.308976e-01 -1.347474e-01 -1.377666e-01 -1.399366e-01 -1.412440e-01 -1.416806e-01 
7.099924e-02 7.078030e-02 7.012483e-02 6.903687e-02 6.752312e-02 6.559291e-02 6.325813e-02 6.053317e-02 5.743481e-02 5.398215e-02 5.019647e-02 4.610108e-02 4.172124e-02 3.708393e-02 3.221774e-02 2.715264e-02 2.191987e-02 1.655168e-02 1.108116e-02 5.542024e-03 -3.157238e-05 -5.605270e-03 -1.114470e-02 -1.661572e-02 -2.198459e-02 -2.721819e-02 -3.228427e-02 -3.715157e-02 -4.179008e-02 -4.617119e-02 -5.026788e-02 -5.405487e-02 -5.750880e-02 -6.060838e-02 -6.333447e-02 -6.567025e-02 -6.760132e-02 -6.911577e-02 -7.020424e-02 -7.086002e-02 -7.107906e-02 
-3.978090e-05 -3.972920e-05 -3.957546e-05 -3.932362e-05 -3.898019e-05 -3.855397e-05 -3.805586e-05 -3.749851e-05 -3.689600e-05 -3.626347e-05 -3.561665e-05 -3.497155e-05 -3.434398e-05 -3.374922e-05 -3.320163e-05 -3.271433e-05 -3.229892e-05 -3.196525e-05 -3.172116e-05 -3.157238e-05 -3.152240e-05 -3.157238e-05 -3.172116e-05 -3.196525e-05 -3.229892e-05 -3.271433e-05 -3.320163e-05 -3.374922e-05 -3.434398e-05 -3.497155e-05 -3.561665e-05 -3.626347e-05 -3.689600e-05 -3.749851e-05 -3.805586e-05 -3.855397e-05 -3.898019e-05 -3.932362e-05 -3.957546e-05 -3.972920e-05 -3.978090e-05 
-7.107906e-02 -7.086002e-02 -7.020424e-02 -6.911577e-02 -6.760132e-02 -6.567025e-02 -6.333447e-02 -6.060838e-02 -5.750880e-02 -5.405487e-02 -5.026788e-02 -4.617119e-02 -4.179008e-02 -3.715157e-02 -3.228427e-02 -2.721819e-02 -2.198459e-02 -1.661572e-02 -1.114470e-02 -5.605270e-03 -3.157238e-05 5.542024e-03 1.108116e-02 1.655168e-02 2.191987e-02 2.715264e-02 3.221774e-02 3.708393e-02 4.172124e-02 4.610108e-02 5.019647e-02 5.398215e-02 5.743481e-02 6.053317e-02 6.325813e-02 6.559291e-02 6.752312e-02 6.903687e-02 7.012483e-02 7.078030e-02 7.099924e-02 
-1.416806e-01 -1.412440e-01 -1.399366e-01 -1.377666e-01 -1.347474e-01 -1.308976e-01 -1.262409e-01 -1.208060e-01 -1.146266e-01 -1.077406e-01 -1.001906e-01 -9.202314e-02 -8.328854e-02 -7.404070e-02 -6.433664e-02 -5.423619e-02 -4.380165e-02 -3.309734e-02 -2.218928e-02 -1.114470e-02 -3.172116e-05 1.108116e-02 2.212542e-02 3.303298e-02 4.373660e-02 5.417028e-02 6.426971e-02 7.397264e-02 8.321925e-02 9.195254e-02 1.001187e-01 1.076674e-01 1.145520e-01 1.207302e-01 1.261639e-01 1.308195e-01 1.346685e-01 1.376870e-01 1.398564e-01 1.411635e-01 1.416001e-01 
-2.114093e-01 -2.107576e-01 -2.088067e-01 -2.055686e-01 -2.010632e-01 -1.953184e-01 -1.883695e-01 -1.802594e-01 -1.710381e-01 -1.607626e-01 -1.494961e-01 -1.373081e-01 -1.242739e-01 -1.104737e-01 -9.599269e-02 -8.092013e-02 -6.534897e-02 -4.937521e-02 -3.309734e-02 -1.661572e-02 -3.196525e-05 1.655168e-02 3.303298e-02 4.931033e-02 6.528336e-02 8.085363e-02 9.592513e-02 1.104050e-01 1.242038e-01 1.372367e-01 1.494233e-01 1.606884e-01 1.709625e-01 1.801825e-01 1.882914e-01 1.952392e-01 2.009831e-01 2.054877e-01 2.087253e-01 2.106759e-01 2.113274e-01 
-2.798351e-01 -2.789725e-01 -2.763901e-01 -2.721037e-01 -2.661400e-01 -2.585355e-01 -2.493372e-01 -2.386018e-01 -2.263956e-01 -2.127938e-01 -1.978803e-01 -1.817470e-01 -1.644934e-01 -1.462259e-01 -1.270573e-01 -1.071055e-01 -8.649371e-02 -6.534897e-02 -4.380165e-02 -2.198459e-02 -3.229892e-05 2.191987e-02 4.373660e-02 6.528336e-02 8.642734e-02 1.070382e-01 1.269888e-01 1.461563e-01 1.644223e-01 1.816745e-01 1.978063e-01 2.127183e-01 2.263187e-01 2.385235e-01 2.492576e-01 2.584547e-01 2.660582e-01 2.720212e-01 2.763069e-01 2.788890e-01 2.797514e-01 
-3.465361e-01 -3.454679e-01 -3.422699e-01 -3.369618e-01 -3.295764e-01 -3.201592e-01 -3.087682e-01 -2.954737e-01 -2.803578e-01 -2.635135e-01 -2.450449e-01 -2.250657e-01 -2.036991e-01 -1.810770e-01 -1.573388e-01 -1.326309e-01 -1.071055e-01 -8.092013e-02 -5.423619e-02 -2.721819e-02 -3.271433e-05 2.715264e-02 5.417028e-02 8.085363e-02 1.070382e-01 1.325625e-01 1.572693e-01 1.810062e-01 2.036268e-01 2.249918e-01 2.449694e-01 2.634365e-01 2.802791e-01 2.953936e-01 3.086867e-01 3.200764e-01 3.294926e-01 3.368772e-01 3.421846e-01 3.453822e-01 3.464503e-01 
-4.111013e-01 -4.098341e-01 -4.060402e-01 -3.997430e-01 -3.909815e-01 -3.798095e-01 -3.662960e-01 -3.505244e-01 -3.325919e-01 -3.126090e-01 -2.906991e-01 -2.669972e-01 -2.416494e-01 -2.148121e-01 -1.866507e-01 -1.573388e-01 -1.270573e-01 -9.599269e-02 -6.433664e-02 -3.228427e-02 -3.320163e-05 3.221774e-02 6.426971e-02 9.592513e-02 1.269888e-01 1.572693e-01 1.865798e-01 2.147398e-01 2.415756e-01 2.669217e-01 2.906219e-01 3.125301e-01 3.325112e-01 3.504421e-01 3.662123e-01 3.797244e-01 3.908952e-01 3.996558e-01 4.059523e-01 4.097457e-01 4.110128e-01 
-4.731325e-01 -4.716740e-01 -4.673076e-01 -4.600602e-01 -4.499765e-01 -4.371187e-01 -4.215660e-01 -4.034145e-01 -3.827759e-01 -3.597777e-01 -3.345615e-01 -3.072829e-01 -2.781101e-01 -2.472230e-01 -2.148121e-01 -1.810770e-01 -1.462259e-01 -1.104737e-01 -7.404070e-02 -3.715157e-02 -3.374922e-05 3.708393e-02 7.397264e-02 1.104050e-01 1.461563e-01 1.810062e-01 2.147398e-01 2.471492e-01 2.780346e-01 3.072056e-01 3.344823e-01 3.596966e-01 3.826930e-01 4.033298e-01 4.214797e-01 4.370309e-01 4.498874e-01 4.599701e-01 4.672167e-01 4.715827e-01 4.730410e-01 
-5.322472e-01 -5.306065e-01 -5.256945e-01 -5.175415e-01 -5.061979e-01 -4.917334e-01 -4.742375e-01 -4.538178e-01 -4.306005e-01 -4.047285e-01 -3.763616e-01 -3.456745e-01 -3.128566e-01 -2.781101e-01 -2.416494e-01 -2.036991e-01 -1.644934e-01 -1.242739e-01 -8.328854e-02 -4.179008e-02 -3.434398e-05 4.172124e-02 8.321925e-02 1.242038e-01 1.644223e-01 2.036268e-01 2.415756e-01 2.780346e-01 3.127792e-01 3.455952e-01 3.762802e-01 4.046451e-01 4.305150e-01 4.537304e-01 4.741483e-01 4.916426e-01 5.061057e-01 5.174482e-01 5.256003e-01 5.305118e-01 5.321523e-01 
-5.880810e-01 -5.862681e-01 -5.808408e-01 -5.718326e-01 -5.592988e-01 -5.433170e-01 -5.239855e-01 -5.014237e-01 -4.757706e-01 -4.471845e-01 -4.158417e-01 -3.819353e-01 -3.456745e-01 -3.072829e-01 -2.669972e-01 -2.250657e-01 -1.817470e-01 -1.373081e-01 -9.202314e-02 -4.617119e-02 -3.497155e-05 4.610108e-02 9.195254e-02 1.372367e-01 1.816745e-01 2.249918e-01 2.669217e-01 3.072056e-01 3.455952e-01 3.818539e-01 4.157580e-01 4.470986e-01 4.756825e-01 5.013334e-01 5.238933e-01 5.432229e-01 5.592033e-01 5.717358e-01 5.807431e-01 5.861699e-01 5.879825e-01 
-6.402895e-01 -6.383157e-01 -6.324066e-01 -6.225985e-01 -6.089520e-01 -5.915512e-01 -5.705034e-01 -5.459385e-01 -5.180079e-01 -4.868839e-01 -4.527583e-01 -4.158417e-01 -3.763616e-01 -3.345615e-01 -2.906991e-01 -2.450449e-01 -1.978803e-01 -1.494961e-01 -1.001906e-01 -5.026788e-02 -3.561665e-05 5.019647e-02 1.001187e-01 1.494233e-01 1.978063e-01 2.449694e-01 2.906219e-01 3.344823e-01 3.762802e-01 4.157580e-01 4.526722e-01 4.867953e-01 5.179170e-01 5.458453e-01 5.704080e-01 5.914538e-01 6.088530e-01 6.224981e-01 6.323052e-01 6.382137e-01 6.401873e-01 
-6.885509e-01 -6.864284e-01 -6.800738e-01 -6.695264e-01 -6.548512e-01 -6.361387e-01 -6.135044e-01 -5.870878e-01 -5.570519e-01 -5.235817e-01 -4.868839e-01 -4.471845e-01 -4.047285e-01 -3.597777e-01 -3.126090e-01 -2.635135e-01 -2.127938e-01 -1.607626e-01 -1.077406e-01 -5.405487e-02 -3.626347e-05 5.398215e-02 1.076674e-01 1.606884e-01 2.127183e-01 2.634365e-01 3.125301e-01 3.596966e-01 4.046451e-01 4.470986e-01 4.867953e-01 5.234906e-01 5.569581e-01 5.869915e-01 6.134058e-01 6.360380e-01 6.547486e-01 6.694223e-01 6.799686e-01 6.863225e-01 6.884449e-01 
-7.325676e-01 -7.303093e-01 -7.235485e-01 -7.123268e-01 -6.967134e-01 -6.768046e-01 -6.527233e-01 -6.246179e-01 -5.926617e-01 -5.570519e-01 -5.180079e-01 -4.757706e-01 -4.306005e-01 -3.827759e-01 -3.325919e-01 -2.803578e-01 -2.263956e-01 -1.710381e-01 -1.146266e-01 -5.750880e-02 -3.689600e-05 5.743481e-02 1.145520e-01 1.709625e-01 2.263187e-01 2.802791e-01 3.325112e-01 3.826930e-01 4.305150e-01 4.756825e-01 5.179170e-01 5.569581e-01 5.925651e-01 6.245185e-01 6.526214e-01 6.767005e-01 6.966073e-01 7.122190e-01 7.234396e-01 7.301997e-01 7.324577e-01 
-7.720680e-01 -7.696880e-01 -7.625626e-01 -7.507357e-01 -7.342804e-01 -7.132981e-01 -6.879182e-01 -6.582972e-01 -6.246179e-01 -5.870878e-01 -5.459385e-01 -5.014237e-01 -4.538178e-01 -4.034145e-01 -3.505244e-01 -2.954737e-01 -2.386018e-01 -1.802594e-01 -1.208060e-01 -6.060838e-02 -3.749851e-05 6.053317e-02 1.207302e-01 1.801825e-01 2.385235e-01 2.953936e-01 3.504421e-01 4.033298e-01 4.537304e-01 5.013334e-01 5.458453e-01 5.869915e-01 6.245185e-01 6.581950e-01 6.878132e-01 7.131907e-01 7.341709e-01 7.506245e-01 7.624500e-01 7.695746e-01 7.719544e-01 
-8.068087e-01 -8.043215e-01 -7.968755e-01 -7.845164e-01 -7.673206e-01 -7.453941e-01 -7.188721e-01 -6.879182e-01 -6.527233e-01 -6.135044e-01 -5.705034e-01 -5.239855e-01 -4.742375e-01 -4.215660e-01 -3.662960e-01 -3.087682e-01 -2.493372e-01 -1.883695e-01 -1.262409e-01 -6.333447e-02 -3.805586e-05 6.325813e-02 1.261639e-01 1.882914e-01 2.492576e-01 3.086867e-01 3.662123e-01 4.214797e-01 4.741483e-01 5.238933e-01 5.704080e-01 6.134058e-01 6.526214e-01 6.878132e-01 7.187642e-01 7.452836e-01 7.672078e-01 7.844018e-01 7.967595e-01 8.042047e-01 8.066916e-01 
-8.365753e-01 -8.339964e-01 -8.262756e-01 -8.134605e-01 -7.956302e-01 -7.728947e-01 -7.453941e-01 -7.132981e-01 -6.768046e-01 -6.361387e-01 -5.915512e-01 -5.433170e-01 -4.917334e-01 -4.371187e-01 -3.798095e-01 -3.201592e-01 -2.585355e-01 -1.953184e-01 -1.308976e-01 -6.567025e-02 -3.855397e-05 6.559291e-02 1.308195e-01 1.952392e-01 2.584547e-01 3.200764e-01 3.797244e-01 4.370309e-01 4.916426e-01 5.432229e-01 5.914538e-01 6.360380e-01 6.767005e-01 7.131907e-01 7.452836e-01 7.727814e-01 7.955145e-01 8.133429e-01 8.261565e-01 8.338764e-01 8.364550e-01 
-8.611842e-01 -8.585295e-01 -8.505815e-01 -8.373895e-01 -8.190346e-01 -7.956302e-01 -7.673206e-01 -7.342804e-01 -6.967134e-01 -6.548512e-01 -6.089520e-01 -5.592988e-01 -5.061979e-01 -4.499765e-01 -3.909815e-01 -3.295764e-01 -2.661400e-01 -2.010632e-01 -1.347474e-01 -6.760132e-02 -3.898019e-05 6.752312e-02 1.346685e-01 2.009831e-01 2.660582e-01 3.294926e-01 3.908952e-01 4.498874e-01 5.061057e-01 5.592033e-01 6.088530e-01 6.547486e-01 6.966073e-01 7.341709e-01 7.672078e-01 7.955145e-01 8.189164e-01 8.372692e-01 8.504597e-01 8.584067e-01 8.610612e-01 
-8.804837e-01 -8.777695e-01 -8.696434e-01 -8.561557e-01 -8.373895e-01 -8.134605e-01 -7.845164e-01 -7.507357e-01 -7.123268e-01 -6.695264e-01 -6.225985e-01 -5.718326e-01 -5.175415e-01 -4.600602e-01 -3.997430e-01 -3.369618e-01 -2.721037e-01 -2.055686e-01 -1.377666e-01 -6.911577e-02 -3.932362e-05 6.903687e-02 1.376870e-01 2.054877e-01 2.720212e-01 3.368772e-01 3.996558e-01 4.599701e-01 5.174482e-01 5.717358e-01 6.224981e-01 6.694223e-01 7.122190e-01 7.506245e-01 7.844018e-01 8.133429e-01 8.372692e-01 8.560333e-01 8.695194e-01 8.776445e-01 8.803585e-01 
-8.943548e-01 -8.915977e-01 -8.833436e-01 -8.696434e-01 -8.505815e-01 -8.262756e-01 -7.968755e-01 -7.625626e-01 -7.235485e-01 -6.800738e-01 -6.324066e-01 -5.808408e-01 -5.256945e-01 -4.673076e-01 -4.060402e-01 -3.422699e-01 -2.763901e-01 -2.088067e-01 -1.399366e-01 -7.020424e-02 -3.957546e-05 7.012483e-02 1.398564e-01 2.087253e-01 2.763069e-01 3.421846e-01 4.059523e-01 4.672167e-01 5.256003e-01 5.807431e-01 6.323052e-01 6.799686e-01 7.234396e-01 7.624500e-01 7.967595e-01 8.261565e-01 8.504597e-01 8.695194e-01 8.832180e-01 8.914711e-01 8.942278e-01 
-9.027117e-01 -8.999290e-01 -8.915977e-01 -8.777695e-01 -8.585295e-01 -8.339964e-01 -8.043215e-01 -7.696880e-01 -7.303093e-01 -6.864284e-01 -6.383157e-01 -5.862681e-01 -5.306065e-01 -4.716740e-01 -4.098341e-01 -3.454679e-01 -2.789725e-01 -2.107576e-01 -1.412440e-01 -7.086002e-02 -3.972920e-05 7.078030e-02 1.411635e-01 2.106759e-01 2.788890e-01 3.453822e-01 4.097457e-01 4.715827e-01 5.305118e-01 5.861699e-01 6.382137e-01 6.863225e-01 7.301997e-01 7.695746e-01 8.042047e-01 8.338764e-01 8.584067e-01 8.776445e-01 8.914711e-01 8.998014e-01 9.025838e-01 
-9.055032e-01 -9.027117e-01 -8.943548e-01 -8.804837e-01 -8.611842e-01 -8.365753e-01 -8.068087e-01 -7.720680e-01 -7.325676e-01 -6.885509e-01 -6.402895e-01 -5.880810e-01 -5.322472e-01 -4.731325e-01 -4.111013e-01 -3.465361e-01 -2.798351e-01 -2.114093e-01 -1.416806e-01 -7.107906e-02 -3.978090e-05 7.099924e-02 1.416001e-01 2.113274e-01 2.797514e-01 3.464503e-01 4.110128e-01 4.730410e-01 5.321523e-01 5.879825e-01 6.401873e-01 6.884449e-01 7.324577e-01 7.719544e-01 8.066916e-01 8.364550e-01 8.610612e-01 8.803585e-01 8.942278e-01 9.025838e-01 9.053749e-01 
