9.048374e-01 9.041398e-01 9.020481e-01 8.985655e-01 8.936974e-01 8.874512e-01 8.798367e-01 8.708655e-01 8.605515e-01 8.489106e-01 8.359608e-01 8.217219e-01 8.062160e-01 7.894670e-01 7.715007e-01 7.523448e-01 7.320288e-01 7.105841e-01 6.880438e-01 6.644425e-01 6.398167e-01 6.142043e-01 5.876449e-01 5.601794e-01 5.318501e-01 5.027007e-01 4.727762e-01 4.421228e-01 4.107876e-01 3.788190e-01 3.462663e-01 3.131796e-01 2.796101e-01 2.456094e-01 2.112301e-01 1.765250e-01 1.415477e-01 1.063522e-01 7.099269e-02 3.552371e-02 -3.955170e-08 -3.552379e-02 -7.099277e-02 -1.063523e-01 -1.415478e-01 -1.765251e-01 -2.112301e-01 -2.456095e-01 -2.796102e-01 -3.131797e-01 -3.462663e-01 -3.788190e-01 -4.107876e-01 -4.421228e-01 -4.727763e-01 -5.027008e-01 -5.318501e-01 -5.601794e-01 -5.876449e-01 -6.142044e-01 -6.398167e-01 -6.644425e-01 -6.880438e-01 -7.105842e-01 -7.320289e-01 -7.523449e-01 -7.715008e-01 -7.894671e-01 -8.062161e-01 -8.217220e-01 -8.359608e-01 -8.489106e-01 -8.605515e-01 -8.708655e-01 -8.798367e-01 -8.874512e-01 -8.936974e-01 -8.985655e-01 -9.020481e-01 -9.041398e-01 -9.048374e-01 
9.041398e-01 9.034428e-01 9.013527e-01 8.978727e-01 8.930084e-01 8.867670e-01 8.791584e-01 8.701941e-01 8.598881e-01 8.482561e-01 8.353163e-01 8.210884e-01 8.055945e-01 7.888584e-01 7.709059e-01 7.517648e-01 7.314645e-01 7.100363e-01 6.875133e-01 6.639302e-01 6.393234e-01 6.137308e-01 5.871918e-01 5.597475e-01 5.314400e-01 5.023131e-01 4.724117e-01 4.417819e-01 4.104709e-01 3.785269e-01 3.459993e-01 3.129382e-01 2.793945e-01 2.454201e-01 2.110672e-01 1.763889e-01 1.414386e-01 1.062702e-01 7.093796e-02 3.549632e-02 -3.952121e-08 -3.549640e-02 -7.093803e-02 -1.062703e-01 -1.414387e-01 -1.763890e-01 -2.110673e-01 -2.454202e-01 -2.793946e-01 -3.129383e-01 -3.459994e-01 -3.785270e-01 -4.104709e-01 -4.417820e-01 -4.724118e-01 -5.023132e-01 -5.314401e-01 -5.597475e-01 -5.871919e-01 -6.137308e-01 -6.393234e-01 -6.639303e-01 -6.875134e-01 -7.100363e-01 -7.314645e-01 -7.517648e-01 -7.709060e-01 -7.888584e-01 -8.055945e-01 -8.210884e-01 -8.353163e-01 -8.482562e-01 -8.598881e-01 -8.701941e-01 -8.791584e-01 -8.867670e-01 -8.930084e-01 -8.978727e-01 -9.013527e-01 -9.034428e-01 -9.041398e-01 
9.020481e-01 9.013527e-01 8.992674e-01 8.957955e-01 8.909424e-01 8.847155e-01 8.771244e-01 8.681809e-01 8.578987e-01 8.462937e-01 8.333838e-01 8.191888e-01 8.037307e-01 7.870334e-01 7.691224e-01 7.500256e-01 7.297722e-01 7.083936e-01 6.859227e-01 6.623942e-01 6.378443e-01 6.123109e-01 5.858334e-01 5.584525e-01 5.302106e-01 5.011511e-01 4.713188e-01 4.407598e-01 4.095212e-01 3.776512e-01 3.451988e-01 3.122142e-01 2.787482e-01 2.448523e-01 2.105789e-01 1.759808e-01 1.411114e-01 1.060244e-01 7.077384e-02 3.541420e-02 -3.942978e-08 -3.541428e-02 -7.077392e-02 -1.060244e-01 -1.411115e-01 -1.759809e-01 -2.105790e-01 -2.448524e-01 -2.787482e-01 -3.122143e-01 -3.451989e-01 -3.776513e-01 -4.095213e-01 -4.407599e-01 -4.713189e-01 -5.011511e-01 -5.302106e-01 -5.584526e-01 -5.858334e-01 -6.123110e-01 -6.378444e-01 -6.623943e-01 -6.859228e-01 -7.083937e-01 -7.297723e-01 -7.500256e-01 -7.691225e-01 -7.870334e-01 -8.037308e-01 -8.191889e-01 -8.333838e-01 -8.462937e-01 -8.578987e-01 -8.681809e-01 -8.771245e-01 -8.847155e-01 -8.909424e-01 -8.957955e-01 -8.992674e-01 -9.013527e-01 -9.020481e-01 
8.985655e-01 8.978727e-01 8.957955e-01 8.923371e-01 8.875027e-01 8.812998e-01 8.737381e-01 8.648291e-01 8.545866e-01 8.430264e-01 8.301663e-01 8.160261e-01 8.006277e-01 7.839948e-01 7.661530e-01 7.471299e-01 7.269547e-01 7.056587e-01 6.832746e-01 6.598369e-01 6.353817e-01 6.099469e-01 5.835716e-01 5.562964e-01 5.281635e-01 4.992162e-01 4.694992e-01 4.390582e-01 4.079402e-01 3.761932e-01 3.438661e-01 3.110088e-01 2.776720e-01 2.439070e-01 2.097659e-01 1.753014e-01 1.405666e-01 1.056150e-01 7.050060e-02 3.527748e-02 -3.927755e-08 -3.527756e-02 -7.050068e-02 -1.056151e-01 -1.405667e-01 -1.753015e-01 -2.097660e-01 -2.439071e-01 -2.776721e-01 -3.110089e-01 -3.438662e-01 -3.761932e-01 -4.079402e-01 -4.390582e-01 -4.694992e-01 -4.992163e-01 -5.281636e-01 -5.562965e-01 -5.835717e-01 -6.099470e-01 -6.353818e-01 -6.598369e-01 -6.832746e-01 -7.056587e-01 -7.269548e-01 -7.471299e-01 -7.661531e-01 -7.839948e-01 -8.006278e-01 -8.160262e-01 -8.301663e-01 -8.430264e-01 -8.545866e-01 -8.648291e-01 -8.737381e-01 -8.812998e-01 -8.875027e-01 -8.923371e-01 -8.957955e-01 -8.978727e-01 -8.985655e-01 
8.936974e-01 8.930084e-01 8.909424e-01 8.875027e-01 8.826945e-01 8.765252e-01 8.690044e-01 8.601437e-01 8.499567e-01 8.384591e-01 8.256687e-01 8.116052e-01 7.962902e-01 7.797474e-01 7.620023e-01 7.430822e-01 7.230163e-01 7.018357e-01 6.795728e-01 6.562621e-01 6.319395e-01 6.066424e-01 5.804100e-01 5.532826e-01 5.253021e-01 4.965116e-01 4.669556e-01 4.366795e-01 4.057301e-01 3.741551e-01 3.420031e-01 3.093239e-01 2.761676e-01 2.425856e-01 2.086295e-01 1.743517e-01 1.398050e-01 1.050428e-01 7.011865e-02 3.508636e-02 -3.906475e-08 -3.508643e-02 -7.011873e-02 -1.050429e-01 -1.398051e-01 -1.743518e-01 -2.086296e-01 -2.425857e-01 -2.761677e-01 -3.093239e-01 -3.420032e-01 -3.741551e-01 -4.057302e-01 -4.366796e-01 -4.669556e-01 -4.965117e-01 -5.253022e-01 -5.532827e-01 -5.804101e-01 -6.066425e-01 -6.319395e-01 -6.562621e-01 -6.795728e-01 -7.018357e-01 -7.230164e-01 -7.430822e-01 -7.620023e-01 -7.797474e-01 -7.962902e-01 -8.116052e-01 -8.256687e-01 -8.384591e-01 -8.499567e-01 -8.601437e-01 -8.690045e-01 -8.765252e-01 -8.826945e-01 -8.875027e-01 -8.909424e-01 -8.930084e-01 -8.936974e-01 
8.874512e-01 8.867670e-01 8.847155e-01 8.812998e-01 8.765252e-01 8.703991e-01 8.629309e-01 8.541321e-01 8.440163e-01 8.325990e-01 8.198980e-01 8.059328e-01 7.907248e-01 7.742976e-01 7.566765e-01 7.378887e-01 7.179631e-01 6.969305e-01 6.748232e-01 6.516754e-01 6.275228e-01 6.024025e-01 5.763534e-01 5.494157e-01 5.216307e-01 4.930415e-01 4.636920e-01 4.336275e-01 4.028944e-01 3.715401e-01 3.396129e-01 3.071620e-01 2.742375e-01 2.408901e-01 2.071713e-01 1.731331e-01 1.388279e-01 1.043087e-01 6.962858e-02 3.484113e-02 -3.879173e-08 -3.484121e-02 -6.962866e-02 -1.043087e-01 -1.388280e-01 -1.731332e-01 -2.071714e-01 -2.408902e-01 -2.742376e-01 -3.071620e-01 -3.396129e-01 -3.715401e-01 -4.028945e-01 -4.336276e-01 -4.636920e-01 -4.930415e-01 -5.216308e-01 -5.494157e-01 -5.763535e-01 -6.024026e-01 -6.275228e-01 -6.516754e-01 -6.748232e-01 -6.969305e-01 -7.179632e-01 -7.378888e-01 -7.566766e-01 -7.742977e-01 -7.907249e-01 -8.059328e-01 -8.198980e-01 -8.325991e-01 -8.440163e-01 -8.541321e-01 -8.629309e-01 -8.703991e-01 -8.765252e-01 -8.812998e-01 -8.847155e-01 -8.867670e-01 -8.874512e-01 
8.798367e-01 8.791584e-01 8.771244e-01 8.737381e-01 8.690044e-01 8.629309e-01 8.555267e-01 8.468034e-01 8.367744e-01 8.254552e-01 8.128631e-01 7.990177e-01 7.839402e-01 7.676540e-01 7.501841e-01 7.315575e-01 7.118028e-01 6.909506e-01 6.690331e-01 6.460839e-01 6.221385e-01 5.972338e-01 5.714082e-01 5.447016e-01 5.171550e-01 4.888111e-01 4.597134e-01 4.299069e-01 3.994375e-01 3.683522e-01 3.366989e-01 3.045265e-01 2.718845e-01 2.388232e-01 2.053938e-01 1.716476e-01 1.376367e-01 1.034137e-01 6.903115e-02 3.454219e-02 -3.845888e-08 -3.454227e-02 -6.903123e-02 -1.034138e-01 -1.376368e-01 -1.716477e-01 -2.053938e-01 -2.388233e-01 -2.718845e-01 -3.045265e-01 -3.366990e-01 -3.683522e-01 -3.994375e-01 -4.299069e-01 -4.597134e-01 -4.888111e-01 -5.171551e-01 -5.447016e-01 -5.714083e-01 -5.972338e-01 -6.221385e-01 -6.460839e-01 -6.690331e-01 -6.909507e-01 -7.118029e-01 -7.315575e-01 -7.501841e-01 -7.676540e-01 -7.839403e-01 -7.990177e-01 -8.128631e-01 -8.254552e-01 -8.367744e-01 -8.468034e-01 -8.555267e-01 -8.629309e-01 -8.690044e-01 -8.737381e-01 -8.771244e-01 -8.791584e-01 -8.798367e-01 
8.708655e-01 8.701941e-01 8.681809e-01 8.648291e-01 8.601437e-01 8.541321e-01 8.468034e-01 8.381691e-01 8.282423e-01 8.170385e-01 8.045748e-01 7.908706e-01 7.759468e-01 7.598267e-01 7.425349e-01 7.240982e-01 7.045450e-01 6.839054e-01 6.622113e-01 6.394961e-01 6.157949e-01 5.911441e-01 5.655819e-01 5.391475e-01 5.118819e-01 4.838269e-01 4.550260e-01 4.255234e-01 3.953646e-01 3.645963e-01 3.332658e-01 3.014214e-01 2.691122e-01 2.363881e-01 2.032995e-01 1.698974e-01 1.362333e-01 1.023592e-01 6.832728e-02 3.418998e-02 -3.806674e-08 -3.419006e-02 -6.832736e-02 -1.023593e-01 -1.362334e-01 -1.698975e-01 -2.032996e-01 -2.363882e-01 -2.691123e-01 -3.014215e-01 -3.332658e-01 -3.645964e-01 -3.953647e-01 -4.255234e-01 -4.550260e-01 -4.838270e-01 -5.118819e-01 -5.391476e-01 -5.655819e-01 -5.911442e-01 -6.157949e-01 -6.394962e-01 -6.622114e-01 -6.839055e-01 -7.045450e-01 -7.240982e-01 -7.425349e-01 -7.598267e-01 -7.759469e-01 -7.908706e-01 -8.045748e-01 -8.170385e-01 -8.282423e-01 -8.381691e-01 -8.468034e-01 -8.541321e-01 -8.601437e-01 -8.648291e-01 -8.681809e-01 -8.701941e-01 -8.708655e-01 
8.605515e-01 8.598881e-01 8.578987e-01 8.545866e-01 8.499567e-01 8.440163e-01 8.367744e-01 8.282423e-01 8.184331e-01 8.073620e-01 7.950459e-01 7.815040e-01 7.667570e-01 7.508278e-01 7.337408e-01 7.155224e-01 6.962008e-01 6.758057e-01 6.543685e-01 6.319223e-01 6.085018e-01 5.841430e-01 5.588835e-01 5.327622e-01 5.058195e-01 4.780968e-01 4.496369e-01 4.204837e-01 3.906822e-01 3.602782e-01 3.293188e-01 2.978515e-01 2.659250e-01 2.335885e-01 2.008917e-01 1.678852e-01 1.346199e-01 1.011470e-01 6.751806e-02 3.378506e-02 -3.761590e-08 -3.378513e-02 -6.751813e-02 -1.011470e-01 -1.346200e-01 -1.678853e-01 -2.008918e-01 -2.335885e-01 -2.659251e-01 -2.978516e-01 -3.293189e-01 -3.602783e-01 -3.906823e-01 -4.204838e-01 -4.496370e-01 -4.780969e-01 -5.058195e-01 -5.327623e-01 -5.588835e-01 -5.841431e-01 -6.085019e-01 -6.319224e-01 -6.543685e-01 -6.758057e-01 -6.962008e-01 -7.155225e-01 -7.337408e-01 -7.508278e-01 -7.667570e-01 -7.815040e-01 -7.950460e-01 -8.073620e-01 -8.184332e-01 -8.282423e-01 -8.367744e-01 -8.440163e-01 -8.499567e-01 -8.545866e-01 -8.578987e-01 -8.598881e-01 -8.605515e-01 
8.489106e-01 8.482561e-01 8.462937e-01 8.430264e-01 8.384591e-01 8.325990e-01 8.254552e-01 8.170385e-01 8.073620e-01 7.964406e-01 7.842911e-01 7.709324e-01 7.563849e-01 7.406711e-01 7.238153e-01 7.058434e-01 6.867831e-01 6.666639e-01 6.455167e-01 6.233742e-01 6.002704e-01 5.762411e-01 5.513233e-01 5.255554e-01 4.989771e-01 4.716295e-01 4.435546e-01 4.147957e-01 3.853973e-01 3.554047e-01 3.248640e-01 2.938224e-01 2.623278e-01 2.304287e-01 1.981742e-01 1.656142e-01 1.327988e-01 9.977871e-02 6.660472e-02 3.332804e-02 -3.710706e-08 -3.332811e-02 -6.660480e-02 -9.977878e-02 -1.327989e-01 -1.656143e-01 -1.981743e-01 -2.304287e-01 -2.623279e-01 -2.938225e-01 -3.248641e-01 -3.554047e-01 -3.853974e-01 -4.147958e-01 -4.435546e-01 -4.716295e-01 -4.989772e-01 -5.255555e-01 -5.513234e-01 -5.762412e-01 -6.002705e-01 -6.233742e-01 -6.455167e-01 -6.666639e-01 -6.867832e-01 -7.058434e-01 -7.238153e-01 -7.406712e-01 -7.563849e-01 -7.709324e-01 -7.842912e-01 -7.964406e-01 -8.073620e-01 -8.170385e-01 -8.254552e-01 -8.325991e-01 -8.384591e-01 -8.430264e-01 -8.462937e-01 -8.482561e-01 -8.489106e-01 
8.359608e-01 8.353163e-01 8.333838e-01 8.301663e-01 8.256687e-01 8.198980e-01 8.128631e-01 8.045748e-01 7.950459e-01 7.842911e-01 7.723270e-01 7.591721e-01 7.448465e-01 7.293724e-01 7.127737e-01 6.950760e-01 6.763065e-01 6.564941e-01 6.356695e-01 6.138648e-01 5.911135e-01 5.674508e-01 5.429131e-01 5.175382e-01 4.913654e-01 4.644349e-01 4.367883e-01 4.084682e-01 3.795182e-01 3.499831e-01 3.199083e-01 2.893403e-01 2.583261e-01 2.269135e-01 1.951511e-01 1.630878e-01 1.307730e-01 9.825662e-02 6.558869e-02 3.281963e-02 -3.654101e-08 -3.281970e-02 -6.558876e-02 -9.825669e-02 -1.307731e-01 -1.630879e-01 -1.951512e-01 -2.269136e-01 -2.583261e-01 -2.893403e-01 -3.199084e-01 -3.499832e-01 -3.795183e-01 -4.084682e-01 -4.367883e-01 -4.644350e-01 -4.913655e-01 -5.175383e-01 -5.429131e-01 -5.674508e-01 -5.911136e-01 -6.138648e-01 -6.356696e-01 -6.564942e-01 -6.763065e-01 -6.950760e-01 -7.127738e-01 -7.293725e-01 -7.448465e-01 -7.591721e-01 -7.723271e-01 -7.842912e-01 -7.950460e-01 -8.045748e-01 -8.128631e-01 -8.198980e-01 -8.256687e-01 -8.301663e-01 -8.333838e-01 -8.353163e-01 -8.359608e-01 
8.217219e-01 8.210884e-01 8.191888e-01 8.160261e-01 8.116052e-01 8.059328e-01 7.990177e-01 7.908706e-01 7.815040e-01 7.709324e-01 7.591721e-01 7.462411e-01 7.321596e-01 7.169491e-01 7.006331e-01 6.832368e-01 6.647870e-01 6.453121e-01 6.248422e-01 6.034089e-01 5.810451e-01 5.577854e-01 5.336657e-01 5.087231e-01 4.829960e-01 4.565242e-01 4.293485e-01 4.015108e-01 3.730539e-01 3.440219e-01 3.144593e-01 2.844119e-01 2.539260e-01 2.230485e-01 1.918271e-01 1.603100e-01 1.285456e-01 9.658302e-02 6.447152e-02 3.226062e-02 -3.591861e-08 -3.226069e-02 -6.447160e-02 -9.658309e-02 -1.285457e-01 -1.603100e-01 -1.918272e-01 -2.230486e-01 -2.539261e-01 -2.844120e-01 -3.144594e-01 -3.440219e-01 -3.730540e-01 -4.015108e-01 -4.293486e-01 -4.565243e-01 -4.829961e-01 -5.087231e-01 -5.336657e-01 -5.577855e-01 -5.810452e-01 -6.034089e-01 -6.248423e-01 -6.453122e-01 -6.647870e-01 -6.832368e-01 -7.006331e-01 -7.169491e-01 -7.321596e-01 -7.462412e-01 -7.591721e-01 -7.709324e-01 -7.815040e-01 -7.908706e-01 -7.990177e-01 -8.059328e-01 -8.116052e-01 -8.160261e-01 -8.191888e-01 -8.210884e-01 -8.217219e-01 
8.062160e-01 8.055945e-01 8.037307e-01 8.006277e-01 7.962902e-01 7.907248e-01 7.839402e-01 7.759468e-01 7.667570e-01 7.563849e-01 7.448465e-01 7.321596e-01 7.183437e-01 7.034203e-01 6.874122e-01 6.703441e-01 6.522425e-01 6.331351e-01 6.130515e-01 5.920226e-01 5.700808e-01 5.472600e-01 5.235954e-01 4.991235e-01 4.738819e-01 4.479096e-01 4.212467e-01 3.939343e-01 3.660144e-01 3.375302e-01 3.085255e-01 2.790451e-01 2.491344e-01 2.188396e-01 1.882074e-01 1.572849e-01 1.261199e-01 9.476050e-02 6.325495e-02 3.165186e-02 -3.524082e-08 -3.165193e-02 -6.325502e-02 -9.476057e-02 -1.261200e-01 -1.572850e-01 -1.882074e-01 -2.188397e-01 -2.491345e-01 -2.790452e-01 -3.085256e-01 -3.375302e-01 -3.660145e-01 -3.939343e-01 -4.212468e-01 -4.479097e-01 -4.738819e-01 -4.991235e-01 -5.235955e-01 -5.472601e-01 -5.700809e-01 -5.920226e-01 -6.130515e-01 -6.331351e-01 -6.522425e-01 -6.703442e-01 -6.874122e-01 -7.034203e-01 -7.183438e-01 -7.321596e-01 -7.448465e-01 -7.563849e-01 -7.667570e-01 -7.759469e-01 -7.839402e-01 -7.907248e-01 -7.962902e-01 -8.006277e-01 -8.037307e-01 -8.055945e-01 -8.062160e-01 
7.894670e-01 7.888584e-01 7.870334e-01 7.839948e-01 7.797474e-01 7.742976e-01 7.676540e-01 7.598267e-01 7.508278e-01 7.406711e-01 7.293724e-01 7.169491e-01 7.034203e-01 6.888068e-01 6.731313e-01 6.564178e-01 6.386922e-01 6.199818e-01 6.003154e-01 5.797234e-01 5.582375e-01 5.358908e-01 5.127178e-01 4.887542e-01 4.640371e-01 4.386044e-01 4.124954e-01 3.857503e-01 3.584105e-01 3.305180e-01 3.021159e-01 2.732480e-01 2.439587e-01 2.142933e-01 1.842974e-01 1.540173e-01 1.234998e-01 9.279187e-02 6.194084e-02 3.099430e-02 -3.450870e-08 -3.099437e-02 -6.194091e-02 -9.279194e-02 -1.234999e-01 -1.540174e-01 -1.842975e-01 -2.142933e-01 -2.439588e-01 -2.732480e-01 -3.021160e-01 -3.305181e-01 -3.584106e-01 -3.857504e-01 -4.124954e-01 -4.386044e-01 -4.640371e-01 -4.887543e-01 -5.127179e-01 -5.358908e-01 -5.582375e-01 -5.797234e-01 -6.003155e-01 -6.199819e-01 -6.386923e-01 -6.564179e-01 -6.731313e-01 -6.888069e-01 -7.034203e-01 -7.169491e-01 -7.293725e-01 -7.406711e-01 -7.508278e-01 -7.598267e-01 -7.676540e-01 -7.742977e-01 -7.797474e-01 -7.839948e-01 -7.870334e-01 -7.888584e-01 -7.894670e-01 
7.715007e-01 7.709059e-01 7.691224e-01 7.661530e-01 7.620023e-01 7.566765e-01 7.501841e-01 7.425349e-01 7.337408e-01 7.238153e-01 7.127737e-01 7.006331e-01 6.874122e-01 6.731313e-01 6.578125e-01 6.414794e-01 6.241572e-01 6.058726e-01 5.866537e-01 5.665303e-01 5.455334e-01 5.236952e-01 5.010496e-01 4.776314e-01 4.534767e-01 4.286228e-01 4.031080e-01 3.769716e-01 3.502540e-01 3.229963e-01 2.952405e-01 2.670295e-01 2.384068e-01 2.094165e-01 1.801032e-01 1.505123e-01 1.206893e-01 9.068016e-02 6.053122e-02 3.028894e-02 -3.372337e-08 -3.028901e-02 -6.053128e-02 -9.068022e-02 -1.206893e-01 -1.505124e-01 -1.801033e-01 -2.094165e-01 -2.384069e-01 -2.670296e-01 -2.952406e-01 -3.229963e-01 -3.502540e-01 -3.769717e-01 -4.031081e-01 -4.286229e-01 -4.534768e-01 -4.776315e-01 -5.010497e-01 -5.236953e-01 -5.455334e-01 -5.665304e-01 -5.866538e-01 -6.058726e-01 -6.241572e-01 -6.414794e-01 -6.578125e-01 -6.731313e-01 -6.874122e-01 -7.006331e-01 -7.127737e-01 -7.238153e-01 -7.337408e-01 -7.425349e-01 -7.501841e-01 -7.566766e-01 -7.620023e-01 -7.661530e-01 -7.691224e-01 -7.709059e-01 -7.715007e-01 
7.523448e-01 7.517648e-01 7.500256e-01 7.471299e-01 7.430822e-01 7.378887e-01 7.315575e-01 7.240982e-01 7.155224e-01 7.058434e-01 6.950760e-01 6.832368e-01 6.703441e-01 6.564178e-01 6.414794e-01 6.255518e-01 6.086597e-01 5.908291e-01 5.720875e-01 5.524637e-01 5.319881e-01 5.106922e-01 4.886089e-01 4.657721e-01 4.422172e-01 4.179804e-01 3.930991e-01 3.676116e-01 3.415574e-01 3.149765e-01 2.879099e-01 2.603993e-01 2.324873e-01 2.042168e-01 1.756314e-01 1.467752e-01 1.176926e-01 8.842862e-02 5.902826e-02 2.953689e-02 -3.288604e-08 -2.953695e-02 -5.902833e-02 -8.842869e-02 -1.176927e-01 -1.467752e-01 -1.756314e-01 -2.042169e-01 -2.324874e-01 -2.603994e-01 -2.879099e-01 -3.149765e-01 -3.415574e-01 -3.676117e-01 -3.930991e-01 -4.179804e-01 -4.422172e-01 -4.657722e-01 -4.886089e-01 -5.106923e-01 -5.319882e-01 -5.524638e-01 -5.720875e-01 -5.908291e-01 -6.086598e-01 -6.255519e-01 -6.414794e-01 -6.564179e-01 -6.703442e-01 -6.832368e-01 -6.950760e-01 -7.058434e-01 -7.155225e-01 -7.240982e-01 -7.315575e-01 -7.378887e-01 -7.430822e-01 -7.471299e-01 -7.500256e-01 -7.517648e-01 -7.523448e-01 
7.320288e-01 7.314645e-01 7.297722e-01 7.269547e-01 7.230163e-01 7.179631e-01 7.118028e-01 7.045450e-01 6.962008e-01 6.867831e-01 6.763065e-01 6.647870e-01 6.522425e-01 6.386922e-01 6.241572e-01 6.086597e-01 5.922238e-01 5.748746e-01 5.566391e-01 5.375452e-01 5.176225e-01 4.969017e-01 4.754147e-01 4.531946e-01 4.302757e-01 4.066934e-01 3.824840e-01 3.576848e-01 3.323341e-01 3.064710e-01 2.801353e-01 2.533676e-01 2.262093e-01 1.987022e-01 1.708887e-01 1.428117e-01 1.145145e-01 8.604074e-02 5.743429e-02 2.873929e-02 -3.199800e-08 -2.873935e-02 -5.743435e-02 -8.604080e-02 -1.145146e-01 -1.428118e-01 -1.708888e-01 -1.987023e-01 -2.262094e-01 -2.533677e-01 -2.801353e-01 -3.064710e-01 -3.323342e-01 -3.576849e-01 -3.824841e-01 -4.066935e-01 -4.302758e-01 -4.531947e-01 -4.754147e-01 -4.969018e-01 -5.176226e-01 -5.375453e-01 -5.566391e-01 -5.748747e-01 -5.922238e-01 -6.086598e-01 -6.241572e-01 -6.386923e-01 -6.522425e-01 -6.647870e-01 -6.763065e-01 -6.867831e-01 -6.962008e-01 -7.045450e-01 -7.118028e-01 -7.179631e-01 -7.230164e-01 -7.269548e-01 -7.297722e-01 -7.314645e-01 -7.320288e-01 
7.105841e-01 7.100363e-01 7.083936e-01 7.056587e-01 7.018357e-01 6.969305e-01 6.909506e-01 6.839054e-01 6.758057e-01 6.666639e-01 6.564941e-01 6.453121e-01 6.331351e-01 6.199818e-01 6.058726e-01 5.908291e-01 5.748746e-01 5.580337e-01 5.403324e-01 5.217979e-01 5.024588e-01 4.823450e-01 4.614875e-01 4.399183e-01 4.176709e-01 3.947794e-01 3.712792e-01 3.472065e-01 3.225984e-01 2.974929e-01 2.719288e-01 2.459453e-01 2.195825e-01 1.928813e-01 1.658825e-01 1.386281e-01 1.111598e-01 8.352018e-02 5.575176e-02 2.789737e-02 -3.106062e-08 -2.789743e-02 -5.575182e-02 -8.352024e-02 -1.111599e-01 -1.386281e-01 -1.658826e-01 -1.928813e-01 -2.195826e-01 -2.459453e-01 -2.719288e-01 -2.974930e-01 -3.225985e-01 -3.472065e-01 -3.712792e-01 -3.947794e-01 -4.176709e-01 -4.399184e-01 -4.614875e-01 -4.823451e-01 -5.024589e-01 -5.217980e-01 -5.403324e-01 -5.580338e-01 -5.748747e-01 -5.908291e-01 -6.058726e-01 -6.199818e-01 -6.331351e-01 -6.453122e-01 -6.564942e-01 -6.666639e-01 -6.758057e-01 -6.839054e-01 -6.909506e-01 -6.969305e-01 -7.018357e-01 -7.056587e-01 -7.083936e-01 -7.100363e-01 -7.105841e-01 
6.880438e-01 6.875133e-01 6.859227e-01 6.832746e-01 6.795728e-01 6.748232e-01 6.690331e-01 6.622113e-01 6.543685e-01 6.455167e-01 6.356695e-01 6.248422e-01 6.130515e-01 6.003154e-01 5.866537e-01 5.720875e-01 5.566391e-01 5.403324e-01 5.231926e-01 5.052460e-01 4.865204e-01 4.670446e-01 4.468487e-01 4.259637e-01 4.044220e-01 3.822566e-01 3.595019e-01 3.361928e-01 3.123653e-01 2.880562e-01 2.633029e-01 2.381437e-01 2.126172e-01 1.867629e-01 1.606206e-01 1.342307e-01 1.076337e-01 8.087085e-02 5.398326e-02 2.701244e-02 -3.007535e-08 -2.701250e-02 -5.398332e-02 -8.087090e-02 -1.076338e-01 -1.342307e-01 -1.606207e-01 -1.867629e-01 -2.126172e-01 -2.381437e-01 -2.633030e-01 -2.880563e-01 -3.123654e-01 -3.361928e-01 -3.595019e-01 -3.822567e-01 -4.044220e-01 -4.259638e-01 -4.468487e-01 -4.670446e-01 -4.865204e-01 -5.052461e-01 -5.231926e-01 -5.403324e-01 -5.566391e-01 -5.720875e-01 -5.866538e-01 -6.003155e-01 -6.130515e-01 -6.248423e-01 -6.356696e-01 -6.455167e-01 -6.543685e-01 -6.622113e-01 -6.690331e-01 -6.748232e-01 -6.795728e-01 -6.832746e-01 -6.859228e-01 -6.875133e-01 -6.880438e-01 
6.644425e-01 6.639302e-01 6.623942e-01 6.598369e-01 6.562621e-01 6.516754e-01 6.460839e-01 6.394961e-01 6.319223e-01 6.233742e-01 6.138648e-01 6.034089e-01 5.920226e-01 5.797234e-01 5.665303e-01 5.524637e-01 5.375452e-01 5.217979e-01 5.052460e-01 4.879151e-01 4.698318e-01 4.510240e-01 4.315209e-01 4.113523e-01 3.905495e-01 3.691444e-01 3.471702e-01 3.246607e-01 3.016506e-01 2.781753e-01 2.542711e-01 2.299749e-01 2.053240e-01 1.803565e-01 1.551110e-01 1.296263e-01 1.039417e-01 7.809681e-02 5.213153e-02 2.608586e-02 -2.904370e-08 -2.608592e-02 -5.213159e-02 -7.809687e-02 -1.039417e-01 -1.296263e-01 -1.551110e-01 -1.803566e-01 -2.053240e-01 -2.299749e-01 -2.542712e-01 -2.781753e-01 -3.016506e-01 -3.246607e-01 -3.471703e-01 -3.691445e-01 -3.905495e-01 -4.113523e-01 -4.315209e-01 -4.510241e-01 -4.698318e-01 -4.879151e-01 -5.052460e-01 -5.217979e-01 -5.375453e-01 -5.524637e-01 -5.665304e-01 -5.797234e-01 -5.920226e-01 -6.034089e-01 -6.138648e-01 -6.233742e-01 -6.319224e-01 -6.394961e-01 -6.460839e-01 -6.516754e-01 -6.562621e-01 -6.598369e-01 -6.623942e-01 -6.639302e-01 -6.644425e-01 
6.398167e-01 6.393234e-01 6.378443e-01 6.353817e-01 6.319395e-01 6.275228e-01 6.221385e-01 6.157949e-01 6.085018e-01 6.002704e-01 5.911135e-01 5.810451e-01 5.700808e-01 5.582375e-01 5.455334e-01 5.319881e-01 5.176225e-01 5.024588e-01 4.865204e-01 4.698318e-01 4.524187e-01 4.343080e-01 4.155277e-01 3.961066e-01 3.760748e-01 3.554631e-01 3.343033e-01 3.126280e-01 2.904707e-01 2.678655e-01 2.448472e-01 2.214514e-01 1.977142e-01 1.736721e-01 1.493622e-01 1.248220e-01 1.000894e-01 7.520236e-02 5.019941e-02 2.511906e-02 -2.796728e-08 -2.511911e-02 -5.019947e-02 -7.520241e-02 -1.000894e-01 -1.248221e-01 -1.493623e-01 -1.736722e-01 -1.977143e-01 -2.214515e-01 -2.448473e-01 -2.678655e-01 -2.904707e-01 -3.126280e-01 -3.343033e-01 -3.554631e-01 -3.760748e-01 -3.961067e-01 -4.155277e-01 -4.343081e-01 -4.524187e-01 -4.698318e-01 -4.865204e-01 -5.024589e-01 -5.176226e-01 -5.319881e-01 -5.455334e-01 -5.582375e-01 -5.700808e-01 -5.810452e-01 -5.911135e-01 -6.002705e-01 -6.085018e-01 -6.157949e-01 -6.221385e-01 -6.275228e-01 -6.319395e-01 -6.353817e-01 -6.378443e-01 -6.393234e-01 -6.398167e-01 
6.142043e-01 6.137308e-01 6.123109e-01 6.099469e-01 6.066424e-01 6.024025e-01 5.972338e-01 5.911441e-01 5.841430e-01 5.762411e-01 5.674508e-01 5.577854e-01 5.472600e-01 5.358908e-01 5.236952e-01 5.106922e-01 4.969017e-01 4.823450e-01 4.670446e-01 4.510240e-01 4.343080e-01 4.169223e-01 3.988938e-01 3.802502e-01 3.610202e-01 3.412336e-01 3.209208e-01 3.001133e-01 2.788429e-01 2.571426e-01 2.350458e-01 2.125866e-01 1.897995e-01 1.667199e-01 1.433831e-01 1.198253e-01 9.608270e-02 7.219195e-02 4.818989e-02 2.411352e-02 -2.684772e-08 -2.411358e-02 -4.818994e-02 -7.219200e-02 -9.608275e-02 -1.198253e-01 -1.433832e-01 -1.667199e-01 -1.897996e-01 -2.125866e-01 -2.350458e-01 -2.571426e-01 -2.788429e-01 -3.001133e-01 -3.209209e-01 -3.412337e-01 -3.610203e-01 -3.802502e-01 -3.988938e-01 -4.169224e-01 -4.343081e-01 -4.510241e-01 -4.670446e-01 -4.823451e-01 -4.969017e-01 -5.106922e-01 -5.236953e-01 -5.358908e-01 -5.472601e-01 -5.577855e-01 -5.674508e-01 -5.762412e-01 -5.841430e-01 -5.911442e-01 -5.972338e-01 -6.024025e-01 -6.066424e-01 -6.099469e-01 -6.123109e-01 -6.137308e-01 -6.142043e-01 
5.876449e-01 5.871918e-01 5.858334e-01 5.835716e-01 5.804100e-01 5.763534e-01 5.714082e-01 5.655819e-01 5.588835e-01 5.513233e-01 5.429131e-01 5.336657e-01 5.235954e-01 5.127178e-01 5.010496e-01 4.886089e-01 4.754147e-01 4.614875e-01 4.468487e-01 4.315209e-01 4.155277e-01 3.988938e-01 3.816448e-01 3.638074e-01 3.454090e-01 3.264780e-01 3.070436e-01 2.871358e-01 2.667852e-01 2.460232e-01 2.248819e-01 2.033939e-01 1.815922e-01 1.595106e-01 1.371830e-01 1.146438e-01 9.192789e-02 6.907023e-02 4.610606e-02 2.307080e-02 -2.568677e-08 -2.307086e-02 -4.610611e-02 -6.907028e-02 -9.192794e-02 -1.146439e-01 -1.371830e-01 -1.595106e-01 -1.815923e-01 -2.033939e-01 -2.248820e-01 -2.460233e-01 -2.667852e-01 -2.871358e-01 -3.070436e-01 -3.264780e-01 -3.454090e-01 -3.638074e-01 -3.816448e-01 -3.988938e-01 -4.155277e-01 -4.315209e-01 -4.468487e-01 -4.614875e-01 -4.754147e-01 -4.886089e-01 -5.010496e-01 -5.127178e-01 -5.235954e-01 -5.336657e-01 -5.429131e-01 -5.513233e-01 -5.588835e-01 -5.655819e-01 -5.714082e-01 -5.763535e-01 -5.804100e-01 -5.835716e-01 -5.858334e-01 -5.871918e-01 -5.876449e-01 
5.601794e-01 5.597475e-01 5.584525e-01 5.562964e-01 5.532826e-01 5.494157e-01 5.447016e-01 5.391475e-01 5.327622e-01 5.255554e-01 5.175382e-01 5.087231e-01 4.991235e-01 4.887542e-01 4.776314e-01 4.657721e-01 4.531946e-01 4.399183e-01 4.259637e-01 4.113523e-01 3.961066e-01 3.802502e-01 3.638074e-01 3.468036e-01 3.292651e-01 3.112190e-01 2.926929e-01 2.737155e-01 2.543161e-01 2.345245e-01 2.143713e-01 1.938876e-01 1.731049e-01 1.520553e-01 1.307713e-01 1.092855e-01 8.763134e-02 6.584200e-02 4.395114e-02 2.199251e-02 -2.448622e-08 -2.199256e-02 -4.395119e-02 -6.584205e-02 -8.763138e-02 -1.092856e-01 -1.307713e-01 -1.520554e-01 -1.731050e-01 -1.938877e-01 -2.143714e-01 -2.345246e-01 -2.543161e-01 -2.737156e-01 -2.926929e-01 -3.112190e-01 -3.292652e-01 -3.468037e-01 -3.638074e-01 -3.802502e-01 -3.961066e-01 -4.113523e-01 -4.259637e-01 -4.399184e-01 -4.531946e-01 -4.657721e-01 -4.776314e-01 -4.887543e-01 -4.991235e-01 -5.087231e-01 -5.175383e-01 -5.255554e-01 -5.327622e-01 -5.391476e-01 -5.447016e-01 -5.494157e-01 -5.532826e-01 -5.562965e-01 -5.584525e-01 -5.597475e-01 -5.601794e-01 
5.318501e-01 5.314400e-01 5.302106e-01 5.281635e-01 5.253021e-01 5.216307e-01 5.171550e-01 5.118819e-01 5.058195e-01 4.989771e-01 4.913654e-01 4.829960e-01 4.738819e-01 4.640371e-01 4.534767e-01 4.422172e-01 4.302757e-01 4.176709e-01 4.044220e-01 3.905495e-01 3.760748e-01 3.610202e-01 3.454090e-01 3.292651e-01 3.126136e-01 2.954801e-01 2.778909e-01 2.598732e-01 2.414549e-01 2.226642e-01 2.035302e-01 1.840824e-01 1.643507e-01 1.443656e-01 1.241579e-01 1.037588e-01 8.319966e-02 6.251225e-02 4.172845e-02 2.088031e-02 -2.324791e-08 -2.088036e-02 -4.172850e-02 -6.251230e-02 -8.319971e-02 -1.037588e-01 -1.241580e-01 -1.443656e-01 -1.643507e-01 -1.840824e-01 -2.035302e-01 -2.226642e-01 -2.414549e-01 -2.598733e-01 -2.778909e-01 -2.954801e-01 -3.126137e-01 -3.292652e-01 -3.454090e-01 -3.610202e-01 -3.760748e-01 -3.905495e-01 -4.044220e-01 -4.176709e-01 -4.302758e-01 -4.422172e-01 -4.534768e-01 -4.640371e-01 -4.738819e-01 -4.829960e-01 -4.913654e-01 -4.989771e-01 -5.058195e-01 -5.118819e-01 -5.171550e-01 -5.216307e-01 -5.253021e-01 -5.281635e-01 -5.302106e-01 -5.314400e-01 -5.318501e-01 
5.027007e-01 5.023131e-01 5.011511e-01 4.992162e-01 4.965116e-01 4.930415e-01 4.888111e-01 4.838269e-01 4.780968e-01 4.716295e-01 4.644349e-01 4.565242e-01 4.479096e-01 4.386044e-01 4.286228e-01 4.179804e-01 4.066934e-01 3.947794e-01 3.822566e-01 3.691444e-01 3.554631e-01 3.412336e-01 3.264780e-01 3.112190e-01 2.954801e-01 2.792855e-01 2.626604e-01 2.456302e-01 2.282213e-01 2.104605e-01 1.923752e-01 1.739933e-01 1.553430e-01 1.364533e-01 1.173531e-01 9.807203e-02 7.863970e-02 5.908611e-02 3.944142e-02 1.973592e-02 -2.197375e-08 -1.973596e-02 -3.944147e-02 -5.908616e-02 -7.863974e-02 -9.807207e-02 -1.173532e-01 -1.364533e-01 -1.553431e-01 -1.739933e-01 -1.923753e-01 -2.104606e-01 -2.282214e-01 -2.456303e-01 -2.626604e-01 -2.792856e-01 -2.954801e-01 -3.112190e-01 -3.264780e-01 -3.412336e-01 -3.554631e-01 -3.691445e-01 -3.822566e-01 -3.947794e-01 -4.066934e-01 -4.179804e-01 -4.286228e-01 -4.386044e-01 -4.479096e-01 -4.565242e-01 -4.644349e-01 -4.716295e-01 -4.780968e-01 -4.838269e-01 -4.888111e-01 -4.930415e-01 -4.965116e-01 -4.992162e-01 -5.011511e-01 -5.023132e-01 -5.027007e-01 
4.727762e-01 4.724117e-01 4.713188e-01 4.694992e-01 4.669556e-01 4.636920e-01 4.597134e-01 4.550260e-01 4.496369e-01 4.435546e-01 4.367883e-01 4.293485e-01 4.212467e-01 4.124954e-01 4.031080e-01 3.930991e-01 3.824840e-01 3.712792e-01 3.595019e-01 3.471702e-01 3.343033e-01 3.209208e-01 3.070436e-01 2.926929e-01 2.778909e-01 2.626604e-01 2.470249e-01 2.310085e-01 2.146359e-01 1.979324e-01 1.809236e-01 1.636359e-01 1.460959e-01 1.283306e-01 1.103674e-01 9.223405e-02 7.395848e-02 5.556887e-02 3.709358e-02 1.856109e-02 -2.066571e-08 -1.856113e-02 -3.709362e-02 -5.556891e-02 -7.395852e-02 -9.223409e-02 -1.103674e-01 -1.283306e-01 -1.460959e-01 -1.636359e-01 -1.809237e-01 -1.979324e-01 -2.146359e-01 -2.310085e-01 -2.470249e-01 -2.626604e-01 -2.778909e-01 -2.926929e-01 -3.070436e-01 -3.209209e-01 -3.343033e-01 -3.471702e-01 -3.595019e-01 -3.712792e-01 -3.824840e-01 -3.930991e-01 -4.031080e-01 -4.124954e-01 -4.212467e-01 -4.293485e-01 -4.367883e-01 -4.435546e-01 -4.496369e-01 -4.550260e-01 -4.597134e-01 -4.636920e-01 -4.669556e-01 -4.694992e-01 -4.713188e-01 -4.724117e-01 -4.727762e-01 
4.421228e-01 4.417819e-01 4.407598e-01 4.390582e-01 4.366795e-01 4.336275e-01 4.299069e-01 4.255234e-01 4.204837e-01 4.147957e-01 4.084682e-01 4.015108e-01 3.939343e-01 3.857503e-01 3.769716e-01 3.676116e-01 3.576848e-01 3.472065e-01 3.361928e-01 3.246607e-01 3.126280e-01 3.001133e-01 2.871358e-01 2.737155e-01 2.598732e-01 2.456302e-01 2.310085e-01 2.160306e-01 2.007195e-01 1.850990e-01 1.691930e-01 1.530262e-01 1.366234e-01 1.200100e-01 1.032115e-01 8.625385e-02 6.916322e-02 5.196594e-02 3.468853e-02 1.735764e-02 -1.932580e-08 -1.735768e-02 -3.468857e-02 -5.196598e-02 -6.916326e-02 -8.625389e-02 -1.032115e-01 -1.200100e-01 -1.366235e-01 -1.530263e-01 -1.691931e-01 -1.850990e-01 -2.007196e-01 -2.160306e-01 -2.310085e-01 -2.456303e-01 -2.598733e-01 -2.737155e-01 -2.871358e-01 -3.001133e-01 -3.126280e-01 -3.246607e-01 -3.361928e-01 -3.472065e-01 -3.576848e-01 -3.676117e-01 -3.769716e-01 -3.857504e-01 -3.939343e-01 -4.015108e-01 -4.084682e-01 -4.147958e-01 -4.204837e-01 -4.255234e-01 -4.299069e-01 -4.336275e-01 -4.366795e-01 -4.390582e-01 -4.407598e-01 -4.417819e-01 -4.421228e-01 
4.107876e-01 4.104709e-01 4.095212e-01 4.079402e-01 4.057301e-01 4.028944e-01 3.994375e-01 3.953646e-01 3.906822e-01 3.853973e-01 3.795182e-01 3.730539e-01 3.660144e-01 3.584105e-01 3.502540e-01 3.415574e-01 3.323341e-01 3.225984e-01 3.123653e-01 3.016506e-01 2.904707e-01 2.788429e-01 2.667852e-01 2.543161e-01 2.414549e-01 2.282213e-01 2.146359e-01 2.007195e-01 1.864936e-01 1.719802e-01 1.572016e-01 1.421806e-01 1.269403e-01 1.115043e-01 9.589644e-02 8.014066e-02 6.426132e-02 4.828288e-02 3.223000e-02 1.612743e-02 -1.795610e-08 -1.612746e-02 -3.223004e-02 -4.828292e-02 -6.426135e-02 -8.014070e-02 -9.589647e-02 -1.115044e-01 -1.269404e-01 -1.421806e-01 -1.572016e-01 -1.719802e-01 -1.864937e-01 -2.007196e-01 -2.146359e-01 -2.282214e-01 -2.414549e-01 -2.543161e-01 -2.667852e-01 -2.788429e-01 -2.904707e-01 -3.016506e-01 -3.123653e-01 -3.225984e-01 -3.323341e-01 -3.415574e-01 -3.502540e-01 -3.584105e-01 -3.660144e-01 -3.730539e-01 -3.795182e-01 -3.853973e-01 -3.906822e-01 -3.953647e-01 -3.994375e-01 -4.028944e-01 -4.057301e-01 -4.079402e-01 -4.095212e-01 -4.104709e-01 -4.107876e-01 
3.788190e-01 3.785269e-01 3.776512e-01 3.761932e-01 3.741551e-01 3.715401e-01 3.683522e-01 3.645963e-01 3.602782e-01 3.554047e-01 3.499831e-01 3.440219e-01 3.375302e-01 3.305180e-01 3.229963e-01 3.149765e-01 3.064710e-01 2.974929e-01 2.880562e-01 2.781753e-01 2.678655e-01 2.571426e-01 2.460232e-01 2.345245e-01 2.226642e-01 2.104605e-01 1.979324e-01 1.850990e-01 1.719802e-01 1.585962e-01 1.449677e-01 1.311157e-01 1.170615e-01 1.028268e-01 8.843352e-02 7.390390e-02 5.926033e-02 4.452538e-02 2.972178e-02 1.487235e-02 -1.655870e-08 -1.487238e-02 -2.972181e-02 -4.452541e-02 -5.926036e-02 -7.390393e-02 -8.843355e-02 -1.028268e-01 -1.170615e-01 -1.311157e-01 -1.449678e-01 -1.585963e-01 -1.719802e-01 -1.850990e-01 -1.979324e-01 -2.104606e-01 -2.226642e-01 -2.345246e-01 -2.460233e-01 -2.571426e-01 -2.678655e-01 -2.781753e-01 -2.880562e-01 -2.974930e-01 -3.064710e-01 -3.149765e-01 -3.229963e-01 -3.305181e-01 -3.375302e-01 -3.440219e-01 -3.499831e-01 -3.554047e-01 -3.602783e-01 -3.645963e-01 -3.683522e-01 -3.715401e-01 -3.741551e-01 -3.761932e-01 -3.776512e-01 -3.785269e-01 -3.788190e-01 
3.462663e-01 3.459993e-01 3.451988e-01 3.438661e-01 3.420031e-01 3.396129e-01 3.366989e-01 3.332658e-01 3.293188e-01 3.248640e-01 3.199083e-01 3.144593e-01 3.085255e-01 3.021159e-01 2.952405e-01 2.879099e-01 2.801353e-01 2.719288e-01 2.633029e-01 2.542711e-01 2.448472e-01 2.350458e-01 2.248819e-01 2.143713e-01 2.035302e-01 1.923752e-01 1.809236e-01 1.691930e-01 1.572016e-01 1.449677e-01 1.325104e-01 1.198486e-01 1.070021e-01 9.399066e-02 8.083424e-02 6.755318e-02 5.416796e-02 4.069922e-02 2.716772e-02 1.359433e-02 -1.513578e-08 -1.359437e-02 -2.716775e-02 -4.069925e-02 -5.416799e-02 -6.755321e-02 -8.083427e-02 -9.399069e-02 -1.070022e-01 -1.198487e-01 -1.325104e-01 -1.449678e-01 -1.572016e-01 -1.691931e-01 -1.809236e-01 -1.923752e-01 -2.035302e-01 -2.143714e-01 -2.248820e-01 -2.350458e-01 -2.448472e-01 -2.542711e-01 -2.633029e-01 -2.719288e-01 -2.801353e-01 -2.879099e-01 -2.952405e-01 -3.021159e-01 -3.085255e-01 -3.144594e-01 -3.199083e-01 -3.248640e-01 -3.293188e-01 -3.332658e-01 -3.366989e-01 -3.396129e-01 -3.420032e-01 -3.438661e-01 -3.451988e-01 -3.459993e-01 -3.462663e-01 
3.131796e-01 3.129382e-01 3.122142e-01 3.110088e-01 3.093239e-01 3.071620e-01 3.045265e-01 3.014214e-01 2.978515e-01 2.938224e-01 2.893403e-01 2.844119e-01 2.790451e-01 2.732480e-01 2.670295e-01 2.603993e-01 2.533676e-01 2.459453e-01 2.381437e-01 2.299749e-01 2.214514e-01 2.125866e-01 2.033939e-01 1.938876e-01 1.840824e-01 1.739933e-01 1.636359e-01 1.530262e-01 1.421806e-01 1.311157e-01 1.198486e-01 1.083968e-01 9.677782e-02 8.500961e-02 7.311032e-02 6.109830e-02 4.899208e-02 3.681031e-02 2.457178e-02 1.229536e-02 -1.368952e-08 -1.229539e-02 -2.457181e-02 -3.681033e-02 -4.899210e-02 -6.109833e-02 -7.311035e-02 -8.500964e-02 -9.677785e-02 -1.083968e-01 -1.198487e-01 -1.311157e-01 -1.421806e-01 -1.530262e-01 -1.636359e-01 -1.739933e-01 -1.840824e-01 -1.938876e-01 -2.033939e-01 -2.125866e-01 -2.214515e-01 -2.299749e-01 -2.381437e-01 -2.459453e-01 -2.533677e-01 -2.603994e-01 -2.670295e-01 -2.732480e-01 -2.790451e-01 -2.844120e-01 -2.893403e-01 -2.938224e-01 -2.978515e-01 -3.014214e-01 -3.045265e-01 -3.071620e-01 -3.093239e-01 -3.110088e-01 -3.122142e-01 -3.129382e-01 -3.131796e-01 
2.796101e-01 2.793945e-01 2.787482e-01 2.776720e-01 2.761676e-01 2.742375e-01 2.718845e-01 2.691122e-01 2.659250e-01 2.623278e-01 2.583261e-01 2.539260e-01 2.491344e-01 2.439587e-01 2.384068e-01 2.324873e-01 2.262093e-01 2.195825e-01 2.126172e-01 2.053240e-01 1.977142e-01 1.897995e-01 1.815922e-01 1.731049e-01 1.643507e-01 1.553430e-01 1.460959e-01 1.366234e-01 1.269403e-01 1.170615e-01 1.070021e-01 9.677782e-02 8.640427e-02 7.589748e-02 6.527367e-02 5.454922e-02 4.374065e-02 3.286463e-02 2.193794e-02 1.097743e-02 -1.222215e-08 -1.097745e-02 -2.193797e-02 -3.286466e-02 -4.374067e-02 -5.454924e-02 -6.527370e-02 -7.589751e-02 -8.640429e-02 -9.677784e-02 -1.070022e-01 -1.170615e-01 -1.269403e-01 -1.366235e-01 -1.460959e-01 -1.553431e-01 -1.643507e-01 -1.731049e-01 -1.815923e-01 -1.897996e-01 -1.977142e-01 -2.053240e-01 -2.126172e-01 -2.195826e-01 -2.262093e-01 -2.324873e-01 -2.384068e-01 -2.439587e-01 -2.491344e-01 -2.539260e-01 -2.583261e-01 -2.623278e-01 -2.659250e-01 -2.691122e-01 -2.718845e-01 -2.742375e-01 -2.761676e-01 -2.776720e-01 -2.787482e-01 -2.793945e-01 -2.796101e-01 
2.456094e-01 2.454201e-01 2.448523e-01 2.439070e-01 2.425856e-01 2.408901e-01 2.388232e-01 2.363881e-01 2.335885e-01 2.304287e-01 2.269135e-01 2.230485e-01 2.188396e-01 2.142933e-01 2.094165e-01 2.042168e-01 1.987022e-01 1.928813e-01 1.867629e-01 1.803565e-01 1.736721e-01 1.667199e-01 1.595106e-01 1.520553e-01 1.443656e-01 1.364533e-01 1.283306e-01 1.200100e-01 1.115043e-01 1.028268e-01 9.399066e-02 8.500961e-02 7.589748e-02 6.666833e-02 5.733638e-02 4.791602e-02 3.842177e-02 2.886828e-02 1.927028e-02 9.642571e-03 -1.073593e-08 -9.642593e-03 -1.927031e-02 -2.886831e-02 -3.842179e-02 -4.791604e-02 -5.733640e-02 -6.666835e-02 -7.589750e-02 -8.500963e-02 -9.399068e-02 -1.028268e-01 -1.115044e-01 -1.200100e-01 -1.283306e-01 -1.364533e-01 -1.443656e-01 -1.520553e-01 -1.595106e-01 -1.667199e-01 -1.736721e-01 -1.803566e-01 -1.867629e-01 -1.928813e-01 -1.987022e-01 -2.042168e-01 -2.094165e-01 -2.142933e-01 -2.188396e-01 -2.230485e-01 -2.269135e-01 -2.304287e-01 -2.335885e-01 -2.363881e-01 -2.388232e-01 -2.408901e-01 -2.425856e-01 -2.439070e-01 -2.448523e-01 -2.454201e-01 -2.456094e-01 
2.112301e-01 2.110672e-01 2.105789e-01 2.097659e-01 2.086295e-01 2.071713e-01 2.053938e-01 2.032995e-01 2.008917e-01 1.981742e-01 1.951511e-01 1.918271e-01 1.882074e-01 1.842974e-01 1.801032e-01 1.756314e-01 1.708887e-01 1.658825e-01 1.606206e-01 1.551110e-01 1.493622e-01 1.433831e-01 1.371830e-01 1.307713e-01 1.241579e-01 1.173531e-01 1.103674e-01 1.032115e-01 9.589644e-02 8.843352e-02 8.083424e-02 7.311032e-02 6.527367e-02 5.733638e-02 4.931067e-02 4.120893e-02 3.304365e-02 2.482742e-02 1.657291e-02 8.292845e-03 -9.233160e-09 -8.292863e-03 -1.657293e-02 -2.482744e-02 -3.304367e-02 -4.120895e-02 -4.931069e-02 -5.733639e-02 -6.527369e-02 -7.311034e-02 -8.083426e-02 -8.843354e-02 -9.589645e-02 -1.032115e-01 -1.103674e-01 -1.173531e-01 -1.241579e-01 -1.307713e-01 -1.371830e-01 -1.433831e-01 -1.493622e-01 -1.551110e-01 -1.606206e-01 -1.658826e-01 -1.708887e-01 -1.756314e-01 -1.801032e-01 -1.842974e-01 -1.882074e-01 -1.918272e-01 -1.951511e-01 -1.981742e-01 -2.008917e-01 -2.032995e-01 -2.053938e-01 -2.071713e-01 -2.086295e-01 -2.097659e-01 -2.105789e-01 -2.110672e-01 -2.112301e-01 
1.765250e-01 1.763889e-01 1.759808e-01 1.753014e-01 1.743517e-01 1.731331e-01 1.716476e-01 1.698974e-01 1.678852e-01 1.656142e-01 1.630878e-01 1.603100e-01 1.572849e-01 1.540173e-01 1.505123e-01 1.467752e-01 1.428117e-01 1.386281e-01 1.342307e-01 1.296263e-01 1.248220e-01 1.198253e-01 1.146438e-01 1.092855e-01 1.037588e-01 9.807203e-02 9.223405e-02 8.625385e-02 8.014066e-02 7.390390e-02 6.755318e-02 6.109830e-02 5.454922e-02 4.791602e-02 4.120893e-02 3.443831e-02 2.761459e-02 2.074828e-02 1.384998e-02 6.930331e-03 -7.716153e-09 -6.930346e-03 -1.385000e-02 -2.074830e-02 -2.761460e-02 -3.443833e-02 -4.120895e-02 -4.791603e-02 -5.454923e-02 -6.109832e-02 -6.755320e-02 -7.390391e-02 -8.014068e-02 -8.625387e-02 -9.223406e-02 -9.807204e-02 -1.037588e-01 -1.092856e-01 -1.146438e-01 -1.198253e-01 -1.248220e-01 -1.296263e-01 -1.342307e-01 -1.386281e-01 -1.428117e-01 -1.467752e-01 -1.505123e-01 -1.540174e-01 -1.572849e-01 -1.603100e-01 -1.630878e-01 -1.656142e-01 -1.678852e-01 -1.698974e-01 -1.716476e-01 -1.731331e-01 -1.743517e-01 -1.753014e-01 -1.759808e-01 -1.763889e-01 -1.765250e-01 
