9.048374e-01 9.041509e-01 9.020925e-01 8.986653e-01 8.938745e-01 8.877274e-01 8.802333e-01 8.714035e-01 8.612515e-01 8.497927e-01 8.370445e-01 8.230261e-01 8.077589e-01 7.912661e-01 7.735726e-01 7.547054e-01 7.346929e-01 7.135657e-01 6.913558e-01 6.680968e-01 6.438241e-01 6.185745e-01 5.923862e-01 5.652991e-01 5.373543e-01 5.085941e-01 4.790621e-01 4.488033e-01 4.178634e-01 3.862895e-01 3.541295e-01 3.214321e-01 2.882470e-01 2.546246e-01 2.206157e-01 1.862722e-01 1.516459e-01 1.167896e-01 8.175607e-02 4.659848e-02 1.137018e-02 -2.387537e-02 -5.908469e-02 -9.420436e-02 -1.291811e-01 -1.639618e-01 -1.984937e-01 -2.327245e-01 -2.666021e-01 -3.000752e-01 -3.330929e-01 -3.656053e-01 -3.975628e-01 -4.289172e-01 -4.596207e-01 -4.896268e-01 -5.188900e-01 -5.473658e-01 -5.750111e-01 -6.017839e-01 -6.276435e-01 -6.525508e-01 -6.764679e-01 -6.993586e-01 -7.211882e-01 -7.419234e-01 -7.615328e-01 -7.799868e-01 -7.972572e-01 -8.133179e-01 -8.281445e-01 -8.417145e-01 -8.540073e-01 -8.650043e-01 -8.746888e-01 -8.830460e-01 -8.900634e-01 -8.957302e-01 -9.000378e-01 -9.029798e-01 -9.045517e-01 -9.047510e-01 
9.041509e-01 9.034650e-01 9.014081e-01 8.979835e-01 8.931964e-01 8.870539e-01 8.795655e-01 8.707424e-01 8.605981e-01 8.491480e-01 8.364094e-01 8.224017e-01 8.071461e-01 7.906658e-01 7.729857e-01 7.541328e-01 7.341356e-01 7.130244e-01 6.908313e-01 6.675899e-01 6.433356e-01 6.181052e-01 5.919368e-01 5.648702e-01 5.369466e-01 5.082082e-01 4.786987e-01 4.484628e-01 4.175464e-01 3.859965e-01 3.538608e-01 3.211883e-01 2.880284e-01 2.544314e-01 2.204484e-01 1.861308e-01 1.515309e-01 1.167010e-01 8.169404e-02 4.656313e-02 1.136156e-02 -2.385725e-02 -5.903986e-02 -9.413289e-02 -1.290831e-01 -1.638374e-01 -1.983431e-01 -2.325479e-01 -2.663998e-01 -2.998475e-01 -3.328402e-01 -3.653279e-01 -3.972612e-01 -4.285918e-01 -4.592720e-01 -4.892553e-01 -5.184963e-01 -5.469505e-01 -5.745748e-01 -6.013273e-01 -6.271673e-01 -6.520557e-01 -6.759547e-01 -6.988281e-01 -7.206410e-01 -7.413605e-01 -7.609551e-01 -7.793950e-01 -7.966523e-01 -8.127008e-01 -8.275162e-01 -8.410759e-01 -8.533594e-01 -8.643480e-01 -8.740252e-01 -8.823761e-01 -8.893881e-01 -8.950506e-01 -8.993550e-01 -9.022948e-01 -9.038654e-01 -9.040646e-01 
9.020925e-01 9.014081e-01 8.993560e-01 8.959392e-01 8.911629e-01 8.850344e-01 8.775630e-01 8.687601e-01 8.586389e-01 8.472148e-01 8.345052e-01 8.205294e-01 8.053085e-01 7.888657e-01 7.712259e-01 7.524159e-01 7.324642e-01 7.114011e-01 6.892585e-01 6.660701e-01 6.418710e-01 6.166980e-01 5.905892e-01 5.635843e-01 5.357242e-01 5.070512e-01 4.776088e-01 4.474418e-01 4.165958e-01 3.851177e-01 3.530552e-01 3.204571e-01 2.873726e-01 2.538521e-01 2.199465e-01 1.857071e-01 1.511859e-01 1.164353e-01 8.150806e-02 4.645712e-02 1.133569e-02 -2.380294e-02 -5.890545e-02 -9.391858e-02 -1.287892e-01 -1.634644e-01 -1.978916e-01 -2.320185e-01 -2.657933e-01 -2.991649e-01 -3.320825e-01 -3.644962e-01 -3.963568e-01 -4.276160e-01 -4.582264e-01 -4.881415e-01 -5.173159e-01 -5.457053e-01 -5.732667e-01 -5.999583e-01 -6.257395e-01 -6.505712e-01 -6.744158e-01 -6.972371e-01 -7.190004e-01 -7.396727e-01 -7.592227e-01 -7.776206e-01 -7.948387e-01 -8.108506e-01 -8.256323e-01 -8.391611e-01 -8.514166e-01 -8.623803e-01 -8.720353e-01 -8.803672e-01 -8.873633e-01 -8.930129e-01 -8.973075e-01 -9.002406e-01 -9.018076e-01 -9.020063e-01 
8.986653e-01 8.979835e-01 8.959392e-01 8.925353e-01 8.877772e-01 8.816720e-01 8.742290e-01 8.654595e-01 8.553768e-01 8.439961e-01 8.313348e-01 8.174121e-01 8.022490e-01 7.858687e-01 7.682959e-01 7.495574e-01 7.296815e-01 7.086984e-01 6.866399e-01 6.635396e-01 6.394324e-01 6.143550e-01 5.883454e-01 5.614431e-01 5.336889e-01 5.051248e-01 4.757943e-01 4.457419e-01 4.150131e-01 3.836546e-01 3.517139e-01 3.192396e-01 2.862808e-01 2.528877e-01 2.191109e-01 1.850016e-01 1.506115e-01 1.159930e-01 8.119840e-02 4.628062e-02 1.129263e-02 -2.371251e-02 -5.868166e-02 -9.356177e-02 -1.282999e-01 -1.628434e-01 -1.971398e-01 -2.311370e-01 -2.647835e-01 -2.980283e-01 -3.308208e-01 -3.631114e-01 -3.948510e-01 -4.259914e-01 -4.564855e-01 -4.862870e-01 -5.153505e-01 -5.436321e-01 -5.710888e-01 -5.976790e-01 -6.233622e-01 -6.480996e-01 -6.718536e-01 -6.945882e-01 -7.162688e-01 -7.368626e-01 -7.563383e-01 -7.746663e-01 -7.918189e-01 -8.077701e-01 -8.224955e-01 -8.359730e-01 -8.481820e-01 -8.591039e-01 -8.687223e-01 -8.770226e-01 -8.839921e-01 -8.896202e-01 -8.938985e-01 -8.968204e-01 -8.983815e-01 -8.985795e-01 
8.938745e-01 8.931964e-01 8.911629e-01 8.877772e-01 8.830445e-01 8.769718e-01 8.695685e-01 8.608457e-01 8.508167e-01 8.394968e-01 8.269030e-01 8.130544e-01 7.979722e-01 7.816792e-01 7.642001e-01 7.455615e-01 7.257915e-01 7.049203e-01 6.829794e-01 6.600022e-01 6.360236e-01 6.110799e-01 5.852090e-01 5.584500e-01 5.308438e-01 5.024320e-01 4.732579e-01 4.433656e-01 4.128007e-01 3.816093e-01 3.498389e-01 3.175377e-01 2.847547e-01 2.515396e-01 2.179428e-01 1.840153e-01 1.498086e-01 1.153746e-01 8.076553e-02 4.603390e-02 1.123242e-02 -2.358610e-02 -5.836883e-02 -9.306299e-02 -1.276159e-01 -1.619753e-01 -1.960888e-01 -2.299048e-01 -2.633720e-01 -2.964395e-01 -3.290572e-01 -3.611756e-01 -3.927460e-01 -4.237205e-01 -4.540520e-01 -4.836946e-01 -5.126032e-01 -5.407340e-01 -5.680443e-01 -5.944927e-01 -6.200391e-01 -6.446446e-01 -6.682720e-01 -6.908853e-01 -7.124504e-01 -7.329343e-01 -7.523062e-01 -7.705366e-01 -7.875977e-01 -8.034638e-01 -8.181108e-01 -8.315164e-01 -8.436603e-01 -8.545240e-01 -8.640912e-01 -8.723472e-01 -8.792795e-01 -8.848776e-01 -8.891331e-01 -8.920394e-01 -8.935922e-01 -8.937891e-01 
8.877274e-01 8.870539e-01 8.850344e-01 8.816720e-01 8.769718e-01 8.709409e-01 8.635885e-01 8.549257e-01 8.449657e-01 8.337236e-01 8.212164e-01 8.074631e-01 7.924846e-01 7.763037e-01 7.589448e-01 7.404343e-01 7.208003e-01 7.000726e-01 6.782826e-01 6.554634e-01 6.316497e-01 6.068775e-01 5.811845e-01 5.546096e-01 5.271932e-01 4.989768e-01 4.700033e-01 4.403166e-01 4.099618e-01 3.789850e-01 3.474331e-01 3.153540e-01 2.827964e-01 2.498098e-01 2.164440e-01 1.827498e-01 1.487784e-01 1.145812e-01 8.021011e-02 4.571733e-02 1.115518e-02 -2.342389e-02 -5.796743e-02 -9.242300e-02 -1.267383e-01 -1.608614e-01 -1.947403e-01 -2.283238e-01 -2.615608e-01 -2.944009e-01 -3.267943e-01 -3.586918e-01 -3.900451e-01 -4.208066e-01 -4.509295e-01 -4.803682e-01 -5.090780e-01 -5.370154e-01 -5.641379e-01 -5.904044e-01 -6.157751e-01 -6.402114e-01 -6.636763e-01 -6.861341e-01 -7.075509e-01 -7.278940e-01 -7.471326e-01 -7.652376e-01 -7.821815e-01 -7.979385e-01 -8.124847e-01 -8.257981e-01 -8.378585e-01 -8.486475e-01 -8.581489e-01 -8.663481e-01 -8.732327e-01 -8.787924e-01 -8.830186e-01 -8.859049e-01 -8.874471e-01 -8.876426e-01 
8.802333e-01 8.795655e-01 8.775630e-01 8.742290e-01 8.695685e-01 8.635885e-01 8.562982e-01 8.477085e-01 8.378326e-01 8.266853e-01 8.142837e-01 8.006466e-01 7.857945e-01 7.697502e-01 7.525378e-01 7.341836e-01 7.147153e-01 6.941626e-01 6.725566e-01 6.499301e-01 6.263174e-01 6.017543e-01 5.762782e-01 5.499276e-01 5.227427e-01 4.947645e-01 4.660356e-01 4.365995e-01 4.065010e-01 3.757856e-01 3.445001e-01 3.126918e-01 2.804091e-01 2.477009e-01 2.146168e-01 1.812071e-01 1.475224e-01 1.136139e-01 7.953298e-02 4.533139e-02 1.106101e-02 -2.322615e-02 -5.747807e-02 -9.164277e-02 -1.256684e-01 -1.595034e-01 -1.930963e-01 -2.263963e-01 -2.593527e-01 -2.919156e-01 -3.240355e-01 -3.556638e-01 -3.867524e-01 -4.172542e-01 -4.471228e-01 -4.763130e-01 -5.047804e-01 -5.324819e-01 -5.593755e-01 -5.854203e-01 -6.105768e-01 -6.348068e-01 -6.580736e-01 -6.803418e-01 -7.015778e-01 -7.217492e-01 -7.408254e-01 -7.587776e-01 -7.755784e-01 -7.912023e-01 -8.056258e-01 -8.188268e-01 -8.307853e-01 -8.414833e-01 -8.509044e-01 -8.590344e-01 -8.658610e-01 -8.713737e-01 -8.755642e-01 -8.784262e-01 -8.799553e-01 -8.801492e-01 
8.714035e-01 8.707424e-01 8.687601e-01 8.654595e-01 8.608457e-01 8.549257e-01 8.477085e-01 8.392050e-01 8.294282e-01 8.183927e-01 8.061155e-01 7.926152e-01 7.779121e-01 7.620287e-01 7.449890e-01 7.268189e-01 7.075459e-01 6.871994e-01 6.658101e-01 6.434105e-01 6.200347e-01 5.957180e-01 5.704975e-01 5.444112e-01 5.174989e-01 4.898014e-01 4.613607e-01 4.322199e-01 4.024233e-01 3.720161e-01 3.410444e-01 3.095552e-01 2.775963e-01 2.452161e-01 2.124640e-01 1.793894e-01 1.460426e-01 1.124742e-01 7.873517e-02 4.487666e-02 1.095005e-02 -2.299317e-02 -5.690150e-02 -9.072349e-02 -1.244078e-01 -1.579034e-01 -1.911593e-01 -2.241253e-01 -2.567511e-01 -2.889873e-01 -3.207851e-01 -3.520961e-01 -3.828728e-01 -4.130686e-01 -4.426376e-01 -4.715350e-01 -4.997169e-01 -5.271405e-01 -5.537643e-01 -5.795478e-01 -6.044520e-01 -6.284389e-01 -6.514723e-01 -6.735172e-01 -6.945401e-01 -7.145092e-01 -7.333941e-01 -7.511661e-01 -7.677984e-01 -7.832657e-01 -7.975444e-01 -8.106130e-01 -8.224516e-01 -8.330423e-01 -8.423689e-01 -8.504173e-01 -8.571754e-01 -8.626328e-01 -8.667813e-01 -8.696146e-01 -8.711283e-01 -8.713203e-01 
8.612515e-01 8.605981e-01 8.586389e-01 8.553768e-01 8.508167e-01 8.449657e-01 8.378326e-01 8.294282e-01 8.197652e-01 8.088583e-01 7.967242e-01 7.833811e-01 7.688493e-01 7.531509e-01 7.363098e-01 7.183513e-01 6.993029e-01 6.791934e-01 6.580533e-01 6.359147e-01 6.128112e-01 5.887778e-01 5.638511e-01 5.380688e-01 5.114700e-01 4.840952e-01 4.559858e-01 4.271845e-01 3.977350e-01 3.676820e-01 3.370711e-01 3.059488e-01 2.743622e-01 2.423593e-01 2.099887e-01 1.772995e-01 1.443412e-01 1.111639e-01 7.781789e-02 4.435384e-02 1.082248e-02 -2.272529e-02 -5.623859e-02 -8.966655e-02 -1.229585e-01 -1.560638e-01 -1.889323e-01 -2.215142e-01 -2.537599e-01 -2.856206e-01 -3.170479e-01 -3.479941e-01 -3.784123e-01 -4.082563e-01 -4.374808e-01 -4.660416e-01 -4.938951e-01 -5.209993e-01 -5.473129e-01 -5.727960e-01 -5.974100e-01 -6.211175e-01 -6.438826e-01 -6.656706e-01 -6.864486e-01 -7.061850e-01 -7.248499e-01 -7.424149e-01 -7.588534e-01 -7.741405e-01 -7.882529e-01 -8.011692e-01 -8.128699e-01 -8.233372e-01 -8.325551e-01 -8.405098e-01 -8.471892e-01 -8.525830e-01 -8.566832e-01 -8.594834e-01 -8.609795e-01 -8.611693e-01 
8.497927e-01 8.491480e-01 8.472148e-01 8.439961e-01 8.394968e-01 8.337236e-01 8.266853e-01 8.183927e-01 8.088583e-01 7.980966e-01 7.861239e-01 7.729583e-01 7.586199e-01 7.431304e-01 7.265133e-01 7.087938e-01 6.899988e-01 6.701568e-01 6.492980e-01 6.274539e-01 6.046578e-01 5.809442e-01 5.563491e-01 5.309098e-01 5.046650e-01 4.776543e-01 4.499189e-01 4.215009e-01 3.924432e-01 3.627901e-01 3.325865e-01 3.018782e-01 2.707119e-01 2.391348e-01 2.071948e-01 1.749405e-01 1.424207e-01 1.096849e-01 7.678254e-02 4.376372e-02 1.067849e-02 -2.242294e-02 -5.549034e-02 -8.847355e-02 -1.213225e-01 -1.539874e-01 -1.864186e-01 -2.185669e-01 -2.503837e-01 -2.818204e-01 -3.128296e-01 -3.433641e-01 -3.733776e-01 -4.028245e-01 -4.316602e-01 -4.598409e-01 -4.873239e-01 -5.140675e-01 -5.400310e-01 -5.651751e-01 -5.894616e-01 -6.128537e-01 -6.353158e-01 -6.568140e-01 -6.773156e-01 -6.967894e-01 -7.152059e-01 -7.325372e-01 -7.487570e-01 -7.638407e-01 -7.777653e-01 -7.905098e-01 -8.020548e-01 -8.123828e-01 -8.214781e-01 -8.293270e-01 -8.359174e-01 -8.412395e-01 -8.452851e-01 -8.480481e-01 -8.495244e-01 -8.497115e-01 
8.370445e-01 8.364094e-01 8.345052e-01 8.313348e-01 8.269030e-01 8.212164e-01 8.142837e-01 8.061155e-01 7.967242e-01 7.861239e-01 7.743308e-01 7.613627e-01 7.472394e-01 7.319822e-01 7.156144e-01 6.981607e-01 6.796477e-01 6.601034e-01 6.395575e-01 6.180411e-01 5.955870e-01 5.722291e-01 5.480030e-01 5.229453e-01 4.970942e-01 4.704888e-01 4.431694e-01 4.151777e-01 3.865559e-01 3.573476e-01 3.275971e-01 2.973495e-01 2.666508e-01 2.355474e-01 2.040866e-01 1.723161e-01 1.402842e-01 1.080394e-01 7.563068e-02 4.310719e-02 1.051830e-02 -2.208656e-02 -5.465790e-02 -8.714630e-02 -1.195025e-01 -1.516773e-01 -1.836220e-01 -2.152881e-01 -2.466275e-01 -2.775927e-01 -3.081367e-01 -3.382131e-01 -3.677763e-01 -3.967815e-01 -4.251846e-01 -4.529426e-01 -4.800133e-01 -5.063556e-01 -5.319296e-01 -5.566965e-01 -5.806187e-01 -6.036599e-01 -6.257851e-01 -6.469607e-01 -6.671547e-01 -6.863364e-01 -7.044767e-01 -7.215480e-01 -7.375245e-01 -7.523818e-01 -7.660976e-01 -7.786509e-01 -7.900227e-01 -8.001958e-01 -8.091546e-01 -8.168857e-01 -8.233773e-01 -8.286196e-01 -8.326045e-01 -8.353260e-01 -8.367801e-01 -8.369645e-01 
8.230261e-01 8.224017e-01 8.205294e-01 8.174121e-01 8.130544e-01 8.074631e-01 8.006466e-01 7.926152e-01 7.833811e-01 7.729583e-01 7.613627e-01 7.486118e-01 7.347250e-01 7.197234e-01 7.036297e-01 6.864683e-01 6.682653e-01 6.490484e-01 6.288465e-01 6.076905e-01 5.856124e-01 5.626458e-01 5.388253e-01 5.141873e-01 4.887691e-01 4.626093e-01 4.357475e-01 4.082245e-01 3.800821e-01 3.513630e-01 3.221107e-01 2.923697e-01 2.621850e-01 2.316026e-01 2.006687e-01 1.694303e-01 1.379348e-01 1.062300e-01 7.436406e-02 4.238526e-02 1.034214e-02 -2.171666e-02 -5.374252e-02 -8.568683e-02 -1.175011e-01 -1.491371e-01 -1.805468e-01 -2.116826e-01 -2.424971e-01 -2.729437e-01 -3.029762e-01 -3.325489e-01 -3.616170e-01 -3.901364e-01 -4.180639e-01 -4.453570e-01 -4.719743e-01 -4.978755e-01 -5.230212e-01 -5.473733e-01 -5.708948e-01 -5.935501e-01 -6.153048e-01 -6.361258e-01 -6.559816e-01 -6.748420e-01 -6.926785e-01 -7.094639e-01 -7.251728e-01 -7.397814e-01 -7.532674e-01 -7.656105e-01 -7.767918e-01 -7.867945e-01 -7.956034e-01 -8.032050e-01 -8.095879e-01 -8.147423e-01 -8.186605e-01 -8.213365e-01 -8.227662e-01 -8.229475e-01 
8.077589e-01 8.071461e-01 8.053085e-01 8.022490e-01 7.979722e-01 7.924846e-01 7.857945e-01 7.779121e-01 7.688493e-01 7.586199e-01 7.472394e-01 7.347250e-01 7.210958e-01 7.063725e-01 6.905773e-01 6.737343e-01 6.558690e-01 6.370085e-01 6.171814e-01 5.964178e-01 5.747493e-01 5.522086e-01 5.288301e-01 5.046491e-01 4.797024e-01 4.540279e-01 4.276643e-01 4.006519e-01 3.730316e-01 3.448452e-01 3.161356e-01 2.869462e-01 2.573215e-01 2.273063e-01 1.969462e-01 1.662873e-01 1.353761e-01 1.042594e-01 7.298460e-02 4.159901e-02 1.015030e-02 -2.131382e-02 -5.274559e-02 -8.409733e-02 -1.153215e-01 -1.463706e-01 -1.771977e-01 -2.077558e-01 -2.379988e-01 -2.678806e-01 -2.973559e-01 -3.263801e-01 -3.549090e-01 -3.828994e-01 -4.103088e-01 -4.370956e-01 -4.632191e-01 -4.886398e-01 -5.133191e-01 -5.372195e-01 -5.603047e-01 -5.825397e-01 -6.038908e-01 -6.243256e-01 -6.438131e-01 -6.623237e-01 -6.798293e-01 -6.963033e-01 -7.117208e-01 -7.260584e-01 -7.392943e-01 -7.514084e-01 -7.623823e-01 -7.721994e-01 -7.808449e-01 -7.883055e-01 -7.945700e-01 -7.996288e-01 -8.034743e-01 -8.061006e-01 -8.075038e-01 -8.076818e-01 
7.912661e-01 7.906658e-01 7.888657e-01 7.858687e-01 7.816792e-01 7.763037e-01 7.697502e-01 7.620287e-01 7.531509e-01 7.431304e-01 7.319822e-01 7.197234e-01 7.063725e-01 6.919498e-01 6.764771e-01 6.599780e-01 6.424774e-01 6.240020e-01 6.045798e-01 5.842402e-01 5.630140e-01 5.409336e-01 5.180324e-01 4.943452e-01 4.699079e-01 4.447575e-01 4.189323e-01 3.924714e-01 3.654150e-01 3.378041e-01 3.096807e-01 2.810874e-01 2.520675e-01 2.226652e-01 1.929250e-01 1.628921e-01 1.326120e-01 1.021307e-01 7.149440e-02 4.074964e-02 9.943047e-03 -2.087863e-02 -5.166863e-02 -8.238023e-02 -1.129668e-01 -1.433820e-01 -1.735796e-01 -2.035139e-01 -2.331393e-01 -2.624110e-01 -2.912845e-01 -3.197160e-01 -3.476625e-01 -3.750813e-01 -4.019311e-01 -4.281709e-01 -4.537611e-01 -4.786628e-01 -5.028381e-01 -5.262505e-01 -5.488644e-01 -5.706454e-01 -5.915606e-01 -6.115781e-01 -6.306677e-01 -6.488003e-01 -6.659485e-01 -6.820862e-01 -6.971889e-01 -7.112337e-01 -7.241993e-01 -7.360661e-01 -7.468160e-01 -7.564327e-01 -7.649016e-01 -7.722099e-01 -7.783464e-01 -7.833020e-01 -7.870689e-01 -7.896417e-01 -7.910162e-01 -7.911905e-01 
7.735726e-01 7.729857e-01 7.712259e-01 7.682959e-01 7.642001e-01 7.589448e-01 7.525378e-01 7.449890e-01 7.363098e-01 7.265133e-01 7.156144e-01 7.036297e-01 6.905773e-01 6.764771e-01 6.613504e-01 6.452202e-01 6.281110e-01 6.100487e-01 5.910608e-01 5.711760e-01 5.504245e-01 5.288378e-01 5.064487e-01 4.832912e-01 4.594003e-01 4.348123e-01 4.095646e-01 3.836954e-01 3.572440e-01 3.302505e-01 3.027559e-01 2.748020e-01 2.464310e-01 2.176862e-01 1.886110e-01 1.592497e-01 1.296467e-01 9.984694e-02 6.989572e-02 3.983844e-02 9.720711e-03 -2.041177e-02 -5.051327e-02 -8.053813e-02 -1.104408e-01 -1.401759e-01 -1.696982e-01 -1.989631e-01 -2.279261e-01 -2.565432e-01 -2.847711e-01 -3.125669e-01 -3.398884e-01 -3.666941e-01 -3.929435e-01 -4.185966e-01 -4.436146e-01 -4.679594e-01 -4.915942e-01 -5.144831e-01 -5.365912e-01 -5.578852e-01 -5.783327e-01 -5.979027e-01 -6.165654e-01 -6.342925e-01 -6.510572e-01 -6.668341e-01 -6.815991e-01 -6.953298e-01 -7.080055e-01 -7.196069e-01 -7.301164e-01 -7.395181e-01 -7.477976e-01 -7.549425e-01 -7.609419e-01 -7.657866e-01 -7.694693e-01 -7.719845e-01 -7.733283e-01 -7.734987e-01 
7.547054e-01 7.541328e-01 7.524159e-01 7.495574e-01 7.455615e-01 7.404343e-01 7.341836e-01 7.268189e-01 7.183513e-01 7.087938e-01 6.981607e-01 6.864683e-01 6.737343e-01 6.599780e-01 6.452202e-01 6.294835e-01 6.127915e-01 5.951698e-01 5.766450e-01 5.572451e-01 5.369998e-01 5.159396e-01 4.940966e-01 4.715038e-01 4.481956e-01 4.242073e-01 3.995754e-01 3.743371e-01 3.485309e-01 3.221958e-01 2.953718e-01 2.680996e-01 2.404206e-01 2.123769e-01 1.840108e-01 1.553656e-01 1.264846e-01 9.741169e-02 6.819097e-02 3.886679e-02 9.483625e-03 -1.991393e-02 -4.928126e-02 -7.857382e-02 -1.077472e-01 -1.367570e-01 -1.655593e-01 -1.941105e-01 -2.223670e-01 -2.502862e-01 -2.778256e-01 -3.049435e-01 -3.315986e-01 -3.577506e-01 -3.833597e-01 -4.083872e-01 -4.327949e-01 -4.565460e-01 -4.796043e-01 -5.019349e-01 -5.235039e-01 -5.442785e-01 -5.642273e-01 -5.833200e-01 -6.015275e-01 -6.188223e-01 -6.351781e-01 -6.505701e-01 -6.649750e-01 -6.783709e-01 -6.907374e-01 -7.020559e-01 -7.123091e-01 -7.214814e-01 -7.295590e-01 -7.365296e-01 -7.423827e-01 -7.471092e-01 -7.507021e-01 -7.531560e-01 -7.544670e-01 -7.546333e-01 
7.346929e-01 7.341356e-01 7.324642e-01 7.296815e-01 7.257915e-01 7.208003e-01 7.147153e-01 7.075459e-01 6.993029e-01 6.899988e-01 6.796477e-01 6.682653e-01 6.558690e-01 6.424774e-01 6.281110e-01 6.127915e-01 5.965422e-01 5.793878e-01 5.613541e-01 5.424687e-01 5.227602e-01 5.022585e-01 4.809947e-01 4.590010e-01 4.363109e-01 4.129587e-01 3.889799e-01 3.644109e-01 3.392889e-01 3.136522e-01 2.875395e-01 2.609905e-01 2.340454e-01 2.067453e-01 1.791314e-01 1.512458e-01 1.231306e-01 9.482864e-02 6.638276e-02 3.783616e-02 9.232149e-03 -1.938587e-02 -4.797448e-02 -7.649029e-02 -1.048900e-01 -1.331306e-01 -1.611692e-01 -1.889633e-01 -2.164706e-01 -2.436494e-01 -2.704586e-01 -2.968573e-01 -3.228056e-01 -3.482641e-01 -3.731942e-01 -3.975580e-01 -4.213186e-01 -4.444398e-01 -4.668867e-01 -4.886252e-01 -5.096222e-01 -5.298460e-01 -5.492658e-01 -5.678521e-01 -5.855769e-01 -6.024131e-01 -6.183352e-01 -6.333191e-01 -6.473420e-01 -6.603826e-01 -6.724213e-01 -6.834396e-01 -6.934209e-01 -7.023500e-01 -7.102134e-01 -7.169992e-01 -7.226970e-01 -7.272982e-01 -7.307959e-01 -7.331847e-01 -7.344609e-01 -7.346228e-01 
7.135657e-01 7.130244e-01 7.114011e-01 7.086984e-01 7.049203e-01 7.000726e-01 6.941626e-01 6.871994e-01 6.791934e-01 6.701568e-01 6.601034e-01 6.490484e-01 6.370085e-01 6.240020e-01 6.100487e-01 5.951698e-01 5.793878e-01 5.627266e-01 5.452115e-01 5.268692e-01 5.077275e-01 4.878153e-01 4.671629e-01 4.458017e-01 4.237641e-01 4.010834e-01 3.777942e-01 3.539317e-01 3.295322e-01 3.046326e-01 2.792708e-01 2.534853e-01 2.273151e-01 2.008000e-01 1.739802e-01 1.468965e-01 1.195898e-01 9.210170e-02 6.447383e-02 3.674813e-02 8.966665e-03 -1.882840e-02 -4.659490e-02 -7.429070e-02 -1.018738e-01 -1.293023e-01 -1.565346e-01 -1.835293e-01 -2.102456e-01 -2.366429e-01 -2.626811e-01 -2.883207e-01 -3.135229e-01 -3.382493e-01 -3.624624e-01 -3.861256e-01 -4.092029e-01 -4.316593e-01 -4.534607e-01 -4.745740e-01 -4.949673e-01 -5.146095e-01 -5.334708e-01 -5.515227e-01 -5.687377e-01 -5.850898e-01 -6.005540e-01 -6.151070e-01 -6.287267e-01 -6.413923e-01 -6.530848e-01 -6.637862e-01 -6.734805e-01 -6.821529e-01 -6.897901e-01 -6.963808e-01 -7.019147e-01 -7.063837e-01 -7.097807e-01 -7.121008e-01 -7.133404e-01 -7.134976e-01 
6.913558e-01 6.908313e-01 6.892585e-01 6.866399e-01 6.829794e-01 6.782826e-01 6.725566e-01 6.658101e-01 6.580533e-01 6.492980e-01 6.395575e-01 6.288465e-01 6.171814e-01 6.045798e-01 5.910608e-01 5.766450e-01 5.613541e-01 5.452115e-01 5.282417e-01 5.104703e-01 4.919243e-01 4.726319e-01 4.526224e-01 4.319260e-01 4.105743e-01 3.885996e-01 3.660352e-01 3.429155e-01 3.192754e-01 2.951508e-01 2.705784e-01 2.455955e-01 2.202399e-01 1.945501e-01 1.685651e-01 1.423243e-01 1.158675e-01 8.923501e-02 6.246706e-02 3.560433e-02 8.687574e-03 -1.824236e-02 -4.514462e-02 -7.197838e-02 -9.870292e-02 -1.252777e-01 -1.516624e-01 -1.778169e-01 -2.037017e-01 -2.292773e-01 -2.545051e-01 -2.793467e-01 -3.037644e-01 -3.277212e-01 -3.511807e-01 -3.741073e-01 -3.964663e-01 -4.182238e-01 -4.393466e-01 -4.598028e-01 -4.795613e-01 -4.985921e-01 -5.168664e-01 -5.343564e-01 -5.510356e-01 -5.668787e-01 -5.818616e-01 -5.959616e-01 -6.091574e-01 -6.214288e-01 -6.327573e-01 -6.431257e-01 -6.525182e-01 -6.609207e-01 -6.683202e-01 -6.747057e-01 -6.800674e-01 -6.843973e-01 -6.876886e-01 -6.899365e-01 -6.911375e-01 -6.912897e-01 
6.680968e-01 6.675899e-01 6.660701e-01 6.635396e-01 6.600022e-01 6.554634e-01 6.499301e-01 6.434105e-01 6.359147e-01 6.274539e-01 6.180411e-01 6.076905e-01 5.964178e-01 5.842402e-01 5.711760e-01 5.572451e-01 5.424687e-01 5.268692e-01 5.104703e-01 4.932967e-01 4.753747e-01 4.567314e-01 4.373950e-01 4.173949e-01 3.967615e-01 3.755261e-01 3.537209e-01 3.313789e-01 3.085341e-01 2.852212e-01 2.614755e-01 2.373330e-01 2.128304e-01 1.880049e-01 1.628941e-01 1.375361e-01 1.119695e-01 8.623291e-02 6.036551e-02 3.440651e-02 8.395302e-03 -1.762864e-02 -4.362584e-02 -6.955684e-02 -9.538230e-02 -1.210630e-01 -1.465601e-01 -1.718347e-01 -1.968486e-01 -2.215638e-01 -2.459429e-01 -2.699487e-01 -2.935450e-01 -3.166958e-01 -3.393661e-01 -3.615214e-01 -3.831282e-01 -4.041536e-01 -4.245658e-01 -4.443338e-01 -4.634276e-01 -4.818182e-01 -4.994777e-01 -5.163793e-01 -5.324973e-01 -5.478074e-01 -5.622863e-01 -5.759119e-01 -5.886638e-01 -6.005223e-01 -6.114697e-01 -6.214893e-01 -6.305658e-01 -6.386856e-01 -6.458362e-01 -6.520069e-01 -6.571882e-01 -6.613724e-01 -6.645530e-01 -6.667252e-01 -6.678858e-01 -6.680330e-01 
6.438241e-01 6.433356e-01 6.418710e-01 6.394324e-01 6.360236e-01 6.316497e-01 6.263174e-01 6.200347e-01 6.128112e-01 6.046578e-01 5.955870e-01 5.856124e-01 5.747493e-01 5.630140e-01 5.504245e-01 5.369998e-01 5.227602e-01 5.077275e-01 4.919243e-01 4.753747e-01 4.581038e-01 4.401378e-01 4.215039e-01 4.022305e-01 3.823467e-01 3.618828e-01 3.408698e-01 3.193395e-01 2.973247e-01 2.748588e-01 2.519758e-01 2.287104e-01 2.050980e-01 1.811745e-01 1.569760e-01 1.325393e-01 1.079015e-01 8.309997e-02 5.817236e-02 3.315648e-02 8.090291e-03 -1.698817e-02 -4.204086e-02 -6.702976e-02 -9.191695e-02 -1.166647e-01 -1.412354e-01 -1.655918e-01 -1.896969e-01 -2.135142e-01 -2.370075e-01 -2.601412e-01 -2.828801e-01 -3.051899e-01 -3.270365e-01 -3.483869e-01 -3.692087e-01 -3.894703e-01 -4.091409e-01 -4.281907e-01 -4.465907e-01 -4.643132e-01 -4.813311e-01 -4.976186e-01 -5.131511e-01 -5.279049e-01 -5.418578e-01 -5.549884e-01 -5.672769e-01 -5.787047e-01 -5.892543e-01 -5.989099e-01 -6.076567e-01 -6.154814e-01 -6.223723e-01 -6.283187e-01 -6.333118e-01 -6.373440e-01 -6.404090e-01 -6.425023e-01 -6.436208e-01 -6.437626e-01 
6.185745e-01 6.181052e-01 6.166980e-01 6.143550e-01 6.110799e-01 6.068775e-01 6.017543e-01 5.957180e-01 5.887778e-01 5.809442e-01 5.722291e-01 5.626458e-01 5.522086e-01 5.409336e-01 5.288378e-01 5.159396e-01 5.022585e-01 4.878153e-01 4.726319e-01 4.567314e-01 4.401378e-01 4.228764e-01 4.049733e-01 3.864557e-01 3.673518e-01 3.476904e-01 3.275015e-01 3.068156e-01 2.856642e-01 2.640793e-01 2.420937e-01 2.197408e-01 1.970545e-01 1.740691e-01 1.508196e-01 1.273413e-01 1.036698e-01 7.984094e-02 5.589094e-02 3.185614e-02 7.773004e-03 -1.632193e-02 -4.039209e-02 -6.440097e-02 -8.831213e-02 -1.120893e-01 -1.356964e-01 -1.590975e-01 -1.822573e-01 -2.051405e-01 -2.277125e-01 -2.499389e-01 -2.717861e-01 -2.932209e-01 -3.142107e-01 -3.347238e-01 -3.547290e-01 -3.741960e-01 -3.930951e-01 -4.113978e-01 -4.290762e-01 -4.461036e-01 -4.624541e-01 -4.781029e-01 -4.930262e-01 -5.072015e-01 -5.206071e-01 -5.332228e-01 -5.450293e-01 -5.560089e-01 -5.661448e-01 -5.754217e-01 -5.838254e-01 -5.913433e-01 -5.979639e-01 -6.036772e-01 -6.084745e-01 -6.123485e-01 -6.152933e-01 -6.173045e-01 -6.183791e-01 -6.185154e-01 
5.923862e-01 5.919368e-01 5.905892e-01 5.883454e-01 5.852090e-01 5.811845e-01 5.762782e-01 5.704975e-01 5.638511e-01 5.563491e-01 5.480030e-01 5.388253e-01 5.288301e-01 5.180324e-01 5.064487e-01 4.940966e-01 4.809947e-01 4.671629e-01 4.526224e-01 4.373950e-01 4.215039e-01 4.049733e-01 3.878282e-01 3.700946e-01 3.517994e-01 3.329704e-01 3.136362e-01 2.938261e-01 2.735702e-01 2.528991e-01 2.318444e-01 2.104378e-01 1.887119e-01 1.666997e-01 1.444345e-01 1.219502e-01 9.928078e-02 7.646076e-02 5.352472e-02 3.050747e-02 7.443923e-03 -1.563092e-02 -3.868204e-02 -6.167446e-02 -8.457331e-02 -1.073438e-01 -1.299515e-01 -1.523619e-01 -1.745412e-01 -1.964556e-01 -2.180719e-01 -2.393574e-01 -2.602796e-01 -2.808069e-01 -3.009082e-01 -3.205528e-01 -3.397110e-01 -3.583538e-01 -3.764529e-01 -3.939807e-01 -4.109107e-01 -4.272172e-01 -4.428755e-01 -4.578617e-01 -4.721533e-01 -4.857284e-01 -4.985664e-01 -5.106480e-01 -5.219547e-01 -5.324695e-01 -5.421763e-01 -5.510604e-01 -5.591084e-01 -5.663080e-01 -5.726483e-01 -5.781197e-01 -5.827138e-01 -5.864238e-01 -5.892440e-01 -5.911701e-01 -5.921991e-01 -5.923296e-01 
5.652991e-01 5.648702e-01 5.635843e-01 5.614431e-01 5.584500e-01 5.546096e-01 5.499276e-01 5.444112e-01 5.380688e-01 5.309098e-01 5.229453e-01 5.141873e-01 5.046491e-01 4.943452e-01 4.832912e-01 4.715038e-01 4.590010e-01 4.458017e-01 4.319260e-01 4.173949e-01 4.022305e-01 3.864557e-01 3.700946e-01 3.531718e-01 3.357132e-01 3.177452e-01 2.992951e-01 2.803908e-01 2.610611e-01 2.413352e-01 2.212432e-01 2.008154e-01 1.800830e-01 1.590772e-01 1.378302e-01 1.163739e-01 9.474112e-02 7.296456e-02 5.107728e-02 2.911250e-02 7.103547e-03 -1.491619e-02 -3.691329e-02 -5.885438e-02 -8.070616e-02 -1.024355e-01 -1.240094e-01 -1.453951e-01 -1.665602e-01 -1.874726e-01 -2.081005e-01 -2.284127e-01 -2.483782e-01 -2.679669e-01 -2.871490e-01 -3.058954e-01 -3.241776e-01 -3.419680e-01 -3.592394e-01 -3.759658e-01 -3.921216e-01 -4.076825e-01 -4.226248e-01 -4.369258e-01 -4.505639e-01 -4.635182e-01 -4.757693e-01 -4.872984e-01 -4.980882e-01 -5.081221e-01 -5.173851e-01 -5.258629e-01 -5.335429e-01 -5.404133e-01 -5.464637e-01 -5.516849e-01 -5.560690e-01 -5.596094e-01 -5.623006e-01 -5.641386e-01 -5.651206e-01 -5.652451e-01 
5.373543e-01 5.369466e-01 5.357242e-01 5.336889e-01 5.308438e-01 5.271932e-01 5.227427e-01 5.174989e-01 5.114700e-01 5.046650e-01 4.970942e-01 4.887691e-01 4.797024e-01 4.699079e-01 4.594003e-01 4.481956e-01 4.363109e-01 4.237641e-01 4.105743e-01 3.967615e-01 3.823467e-01 3.673518e-01 3.517994e-01 3.357132e-01 3.191177e-01 3.020379e-01 2.844998e-01 2.665300e-01 2.481558e-01 2.294051e-01 2.103063e-01 1.908884e-01 1.711808e-01 1.512135e-01 1.310167e-01 1.106211e-01 9.005771e-02 6.935765e-02 4.855234e-02 2.767336e-02 6.752392e-03 -1.417882e-02 -3.508852e-02 -5.594498e-02 -7.671655e-02 -9.737172e-02 -1.178791e-01 -1.382077e-01 -1.583265e-01 -1.782051e-01 -1.978133e-01 -2.171214e-01 -2.361000e-01 -2.547203e-01 -2.729542e-01 -2.907738e-01 -3.081523e-01 -3.250632e-01 -3.414809e-01 -3.573804e-01 -3.727376e-01 -3.875292e-01 -4.017329e-01 -4.153269e-01 -4.282908e-01 -4.406048e-01 -4.522502e-01 -4.632094e-01 -4.734658e-01 -4.830037e-01 -4.918088e-01 -4.998676e-01 -5.071679e-01 -5.136986e-01 -5.194499e-01 -5.244130e-01 -5.285804e-01 -5.319458e-01 -5.345040e-01 -5.362511e-01 -5.371846e-01 -5.373029e-01 
5.085941e-01 5.082082e-01 5.070512e-01 5.051248e-01 5.024320e-01 4.989768e-01 4.947645e-01 4.898014e-01 4.840952e-01 4.776543e-01 4.704888e-01 4.626093e-01 4.540279e-01 4.447575e-01 4.348123e-01 4.242073e-01 4.129587e-01 4.010834e-01 3.885996e-01 3.755261e-01 3.618828e-01 3.476904e-01 3.329704e-01 3.177452e-01 3.020379e-01 2.858723e-01 2.692728e-01 2.522648e-01 2.348741e-01 2.171269e-01 1.990503e-01 1.806717e-01 1.620189e-01 1.431202e-01 1.240044e-01 1.047005e-01 8.523766e-02 6.564549e-02 4.595373e-02 2.619223e-02 6.390991e-03 -1.341995e-02 -3.321052e-02 -5.295070e-02 -7.261054e-02 -9.216020e-02 -1.115700e-01 -1.308105e-01 -1.498526e-01 -1.686673e-01 -1.872260e-01 -2.055006e-01 -2.234635e-01 -2.410872e-01 -2.583451e-01 -2.752111e-01 -2.916594e-01 -3.076652e-01 -3.232042e-01 -3.382527e-01 -3.527880e-01 -3.667879e-01 -3.802314e-01 -3.930979e-01 -4.053679e-01 -4.170228e-01 -4.280449e-01 -4.384176e-01 -4.481250e-01 -4.571524e-01 -4.654862e-01 -4.731137e-01 -4.800233e-01 -4.862045e-01 -4.916480e-01 -4.963455e-01 -5.002898e-01 -5.034750e-01 -5.058963e-01 -5.075499e-01 -5.084334e-01 -5.085455e-01 
4.790621e-01 4.786987e-01 4.776088e-01 4.757943e-01 4.732579e-01 4.700033e-01 4.660356e-01 4.613607e-01 4.559858e-01 4.499189e-01 4.431694e-01 4.357475e-01 4.276643e-01 4.189323e-01 4.095646e-01 3.995754e-01 3.889799e-01 3.777942e-01 3.660352e-01 3.537209e-01 3.408698e-01 3.275015e-01 3.136362e-01 2.992951e-01 2.844998e-01 2.692728e-01 2.536373e-01 2.376169e-01 2.212359e-01 2.045193e-01 1.874923e-01 1.701808e-01 1.526111e-01 1.348098e-01 1.168040e-01 9.862096e-02 8.028826e-02 6.183373e-02 4.328539e-02 2.467136e-02 6.019893e-03 -1.264071e-02 -3.128212e-02 -4.987607e-02 -6.839435e-02 -8.680884e-02 -1.050916e-01 -1.232149e-01 -1.411513e-01 -1.588734e-01 -1.763546e-01 -1.935681e-01 -2.104879e-01 -2.270883e-01 -2.433441e-01 -2.592307e-01 -2.747240e-01 -2.898004e-01 -3.044370e-01 -3.186118e-01 -3.323030e-01 -3.454901e-01 -3.581529e-01 -3.702723e-01 -3.818298e-01 -3.928080e-01 -4.031901e-01 -4.129605e-01 -4.221042e-01 -4.306075e-01 -4.384574e-01 -4.456420e-01 -4.521503e-01 -4.579727e-01 -4.631000e-01 -4.675248e-01 -4.712401e-01 -4.742403e-01 -4.765210e-01 -4.780786e-01 -4.789108e-01 -4.790163e-01 
4.488033e-01 4.484628e-01 4.474418e-01 4.457419e-01 4.433656e-01 4.403166e-01 4.365995e-01 4.322199e-01 4.271845e-01 4.215009e-01 4.151777e-01 4.082245e-01 4.006519e-01 3.924714e-01 3.836954e-01 3.743371e-01 3.644109e-01 3.539317e-01 3.429155e-01 3.313789e-01 3.193395e-01 3.068156e-01 2.938261e-01 2.803908e-01 2.665300e-01 2.522648e-01 2.376169e-01 2.226084e-01 2.072621e-01 1.916013e-01 1.756498e-01 1.594317e-01 1.429718e-01 1.262949e-01 1.094264e-01 9.239180e-02 7.521704e-02 5.792815e-02 4.055136e-02 2.311305e-02 5.639660e-03 -1.184228e-02 -2.930626e-02 -4.672577e-02 -6.407438e-02 -8.132576e-02 -9.845374e-02 -1.154323e-01 -1.322358e-01 -1.488386e-01 -1.652155e-01 -1.813418e-01 -1.971929e-01 -2.127448e-01 -2.279739e-01 -2.428570e-01 -2.573717e-01 -2.714958e-01 -2.852080e-01 -2.984874e-01 -3.113139e-01 -3.236680e-01 -3.355310e-01 -3.468849e-01 -3.577124e-01 -3.679972e-01 -3.777236e-01 -3.868768e-01 -3.954430e-01 -4.034092e-01 -4.107632e-01 -4.174940e-01 -4.235913e-01 -4.290459e-01 -4.338494e-01 -4.379946e-01 -4.414753e-01 -4.442860e-01 -4.464227e-01 -4.478819e-01 -4.486615e-01 -4.487604e-01 
4.178634e-01 4.175464e-01 4.165958e-01 4.150131e-01 4.128007e-01 4.099618e-01 4.065010e-01 4.024233e-01 3.977350e-01 3.924432e-01 3.865559e-01 3.800821e-01 3.730316e-01 3.654150e-01 3.572440e-01 3.485309e-01 3.392889e-01 3.295322e-01 3.192754e-01 3.085341e-01 2.973247e-01 2.856642e-01 2.735702e-01 2.610611e-01 2.481558e-01 2.348741e-01 2.212359e-01 2.072621e-01 1.929737e-01 1.783926e-01 1.635407e-01 1.484407e-01 1.331155e-01 1.175883e-01 1.018827e-01 8.602244e-02 7.003169e-02 5.393467e-02 3.775581e-02 2.151967e-02 5.250870e-03 -1.102589e-02 -2.728593e-02 -4.350456e-02 -5.965718e-02 -7.571928e-02 -9.166649e-02 -1.074746e-01 -1.231196e-01 -1.385779e-01 -1.538258e-01 -1.688403e-01 -1.835987e-01 -1.980785e-01 -2.122577e-01 -2.261148e-01 -2.396288e-01 -2.527793e-01 -2.655462e-01 -2.779101e-01 -2.898524e-01 -3.013548e-01 -3.124000e-01 -3.229712e-01 -3.330523e-01 -3.426280e-01 -3.516839e-01 -3.602061e-01 -3.681818e-01 -3.755987e-01 -3.824458e-01 -3.887126e-01 -3.943896e-01 -3.994681e-01 -4.039405e-01 -4.077999e-01 -4.110406e-01 -4.136576e-01 -4.156469e-01 -4.170056e-01 -4.177315e-01 -4.178235e-01 
3.862895e-01 3.859965e-01 3.851177e-01 3.836546e-01 3.816093e-01 3.789850e-01 3.757856e-01 3.720161e-01 3.676820e-01 3.627901e-01 3.573476e-01 3.513630e-01 3.448452e-01 3.378041e-01 3.302505e-01 3.221958e-01 3.136522e-01 3.046326e-01 2.951508e-01 2.852212e-01 2.748588e-01 2.640793e-01 2.528991e-01 2.413352e-01 2.294051e-01 2.171269e-01 2.045193e-01 1.916013e-01 1.783926e-01 1.649132e-01 1.511835e-01 1.372245e-01 1.230573e-01 1.087033e-01 9.418438e-02 7.952256e-02 6.474007e-02 4.985935e-02 3.490297e-02 1.989364e-02 4.854113e-03 -1.019277e-02 -2.522420e-02 -4.021734e-02 -5.514947e-02 -6.999791e-02 -8.474014e-02 -9.935379e-02 -1.138167e-01 -1.281069e-01 -1.422027e-01 -1.560827e-01 -1.697259e-01 -1.831116e-01 -1.962194e-01 -2.090295e-01 -2.215224e-01 -2.336792e-01 -2.454814e-01 -2.569111e-01 -2.679510e-01 -2.785844e-01 -2.887950e-01 -2.985674e-01 -3.078867e-01 -3.167389e-01 -3.251105e-01 -3.329888e-01 -3.403618e-01 -3.472184e-01 -3.535481e-01 -3.593414e-01 -3.645894e-01 -3.692841e-01 -3.734186e-01 -3.769864e-01 -3.799823e-01 -3.824015e-01 -3.842405e-01 -3.854965e-01 -3.861675e-01 -3.862526e-01 
3.541295e-01 3.538608e-01 3.530552e-01 3.517139e-01 3.498389e-01 3.474331e-01 3.445001e-01 3.410444e-01 3.370711e-01 3.325865e-01 3.275971e-01 3.221107e-01 3.161356e-01 3.096807e-01 3.027559e-01 2.953718e-01 2.875395e-01 2.792708e-01 2.705784e-01 2.614755e-01 2.519758e-01 2.420937e-01 2.318444e-01 2.212432e-01 2.103063e-01 1.990503e-01 1.874923e-01 1.756498e-01 1.635407e-01 1.511835e-01 1.385970e-01 1.258001e-01 1.128123e-01 9.965334e-02 8.634318e-02 7.290201e-02 5.935022e-02 4.570837e-02 3.199717e-02 1.823742e-02 4.449990e-03 -9.344189e-03 -2.312419e-02 -3.686910e-02 -5.055807e-02 -6.417033e-02 -7.768521e-02 -9.108222e-02 -1.043410e-01 -1.174415e-01 -1.303638e-01 -1.430883e-01 -1.555956e-01 -1.678669e-01 -1.798834e-01 -1.916270e-01 -2.030799e-01 -2.142245e-01 -2.250442e-01 -2.355223e-01 -2.456431e-01 -2.553912e-01 -2.647517e-01 -2.737105e-01 -2.822540e-01 -2.903693e-01 -2.980439e-01 -3.052663e-01 -3.120254e-01 -3.183112e-01 -3.241139e-01 -3.294249e-01 -3.342359e-01 -3.385399e-01 -3.423301e-01 -3.456009e-01 -3.483473e-01 -3.505652e-01 -3.522511e-01 -3.534025e-01 -3.540177e-01 -3.540957e-01 
3.214321e-01 3.211883e-01 3.204571e-01 3.192396e-01 3.175377e-01 3.153540e-01 3.126918e-01 3.095552e-01 3.059488e-01 3.018782e-01 2.973495e-01 2.923697e-01 2.869462e-01 2.810874e-01 2.748020e-01 2.680996e-01 2.609905e-01 2.534853e-01 2.455955e-01 2.373330e-01 2.287104e-01 2.197408e-01 2.104378e-01 2.008154e-01 1.908884e-01 1.806717e-01 1.701808e-01 1.594317e-01 1.484407e-01 1.372245e-01 1.258001e-01 1.141847e-01 1.023961e-01 9.045218e-02 7.837097e-02 6.617085e-02 5.387032e-02 4.148804e-02 2.904282e-02 1.655353e-02 4.039115e-03 -8.481424e-03 -2.098909e-02 -3.346492e-02 -4.588996e-02 -5.824537e-02 -7.051240e-02 -8.267245e-02 -9.470704e-02 -1.065979e-01 -1.183271e-01 -1.298767e-01 -1.412292e-01 -1.523674e-01 -1.632745e-01 -1.739338e-01 -1.843292e-01 -1.944448e-01 -2.042655e-01 -2.137762e-01 -2.229625e-01 -2.318105e-01 -2.403068e-01 -2.484384e-01 -2.561930e-01 -2.635590e-01 -2.705250e-01 -2.770805e-01 -2.832156e-01 -2.889210e-01 -2.941879e-01 -2.990085e-01 -3.033754e-01 -3.072819e-01 -3.107222e-01 -3.136910e-01 -3.161838e-01 -3.181969e-01 -3.197272e-01 -3.207723e-01 -3.213306e-01 -3.214014e-01 
2.882470e-01 2.880284e-01 2.873726e-01 2.862808e-01 2.847547e-01 2.827964e-01 2.804091e-01 2.775963e-01 2.743622e-01 2.707119e-01 2.666508e-01 2.621850e-01 2.573215e-01 2.520675e-01 2.464310e-01 2.404206e-01 2.340454e-01 2.273151e-01 2.202399e-01 2.128304e-01 2.050980e-01 1.970545e-01 1.887119e-01 1.800830e-01 1.711808e-01 1.620189e-01 1.526111e-01 1.429718e-01 1.331155e-01 1.230573e-01 1.128123e-01 1.023961e-01 9.182463e-02 8.111378e-02 7.027985e-02 5.933928e-02 4.830867e-02 3.720476e-02 2.604440e-02 1.484452e-02 3.622111e-03 -7.605790e-03 -1.882215e-02 -3.000995e-02 -4.115222e-02 -5.223204e-02 -6.323261e-02 -7.413723e-02 -8.492936e-02 -9.559262e-02 -1.061108e-01 -1.164680e-01 -1.266485e-01 -1.366368e-01 -1.464178e-01 -1.559766e-01 -1.652988e-01 -1.743701e-01 -1.831768e-01 -1.917056e-01 -1.999435e-01 -2.078781e-01 -2.154971e-01 -2.227893e-01 -2.297433e-01 -2.363488e-01 -2.425956e-01 -2.484743e-01 -2.539760e-01 -2.590924e-01 -2.638156e-01 -2.681385e-01 -2.720545e-01 -2.755577e-01 -2.786428e-01 -2.813051e-01 -2.835406e-01 -2.853458e-01 -2.867181e-01 -2.876553e-01 -2.881560e-01 -2.882195e-01 
2.546246e-01 2.544314e-01 2.538521e-01 2.528877e-01 2.515396e-01 2.498098e-01 2.477009e-01 2.452161e-01 2.423593e-01 2.391348e-01 2.355474e-01 2.316026e-01 2.273063e-01 2.226652e-01 2.176862e-01 2.123769e-01 2.067453e-01 2.008000e-01 1.945501e-01 1.880049e-01 1.811745e-01 1.740691e-01 1.666997e-01 1.590772e-01 1.512135e-01 1.431202e-01 1.348098e-01 1.262949e-01 1.175883e-01 1.087033e-01 9.965334e-02 9.045218e-02 8.111378e-02 7.165229e-02 6.208208e-02 5.241767e-02 4.267372e-02 3.286502e-02 2.300646e-02 1.311298e-02 3.199611e-03 -6.718616e-03 -1.662665e-02 -2.650945e-02 -3.635203e-02 -4.613945e-02 -5.585686e-02 -6.548952e-02 -7.502280e-02 -8.444225e-02 -9.373357e-02 -1.028827e-01 -1.118756e-01 -1.206989e-01 -1.293389e-01 -1.377828e-01 -1.460175e-01 -1.540307e-01 -1.618102e-01 -1.693442e-01 -1.766212e-01 -1.836302e-01 -1.903606e-01 -1.968021e-01 -2.029450e-01 -2.087800e-01 -2.142981e-01 -2.194911e-01 -2.243511e-01 -2.288706e-01 -2.330429e-01 -2.368615e-01 -2.403208e-01 -2.434154e-01 -2.461406e-01 -2.484924e-01 -2.504671e-01 -2.520618e-01 -2.532740e-01 -2.541018e-01 -2.545442e-01 -2.546002e-01 
2.206157e-01 2.204484e-01 2.199465e-01 2.191109e-01 2.179428e-01 2.164440e-01 2.146168e-01 2.124640e-01 2.099887e-01 2.071948e-01 2.040866e-01 2.006687e-01 1.969462e-01 1.929250e-01 1.886110e-01 1.840108e-01 1.791314e-01 1.739802e-01 1.685651e-01 1.628941e-01 1.569760e-01 1.508196e-01 1.444345e-01 1.378302e-01 1.310167e-01 1.240044e-01 1.168040e-01 1.094264e-01 1.018827e-01 9.418438e-02 8.634318e-02 7.837097e-02 7.027985e-02 6.208208e-02 5.379011e-02 4.541652e-02 3.697402e-02 2.847542e-02 1.993361e-02 1.136155e-02 2.772257e-03 -5.821246e-03 -1.440592e-02 -2.296873e-02 -3.149669e-02 -3.997685e-02 -4.839636e-02 -5.674244e-02 -6.500241e-02 -7.316375e-02 -8.121408e-02 -8.914118e-02 -9.693302e-02 -1.045778e-01 -1.120638e-01 -1.193799e-01 -1.265148e-01 -1.334577e-01 -1.401981e-01 -1.467258e-01 -1.530308e-01 -1.591037e-01 -1.649351e-01 -1.705163e-01 -1.758387e-01 -1.808944e-01 -1.856755e-01 -1.901749e-01 -1.943857e-01 -1.983016e-01 -2.019166e-01 -2.052252e-01 -2.082224e-01 -2.109037e-01 -2.132650e-01 -2.153026e-01 -2.170136e-01 -2.183952e-01 -2.194455e-01 -2.201628e-01 -2.205461e-01 -2.205947e-01 
1.862722e-01 1.861308e-01 1.857071e-01 1.850016e-01 1.840153e-01 1.827498e-01 1.812071e-01 1.793894e-01 1.772995e-01 1.749405e-01 1.723161e-01 1.694303e-01 1.662873e-01 1.628921e-01 1.592497e-01 1.553656e-01 1.512458e-01 1.468965e-01 1.423243e-01 1.375361e-01 1.325393e-01 1.273413e-01 1.219502e-01 1.163739e-01 1.106211e-01 1.047005e-01 9.862096e-02 9.239180e-02 8.602244e-02 7.952256e-02 7.290201e-02 6.617085e-02 5.933928e-02 5.241767e-02 4.541652e-02 3.834647e-02 3.121822e-02 2.404261e-02 1.683052e-02 9.592883e-03 2.340695e-03 -4.915044e-03 -1.216333e-02 -1.939315e-02 -2.659355e-02 -3.375360e-02 -4.086243e-02 -4.790926e-02 -5.488339e-02 -6.177424e-02 -6.857136e-02 -7.526444e-02 -8.184331e-02 -8.829799e-02 -9.461870e-02 -1.007958e-01 -1.068200e-01 -1.126821e-01 -1.183733e-01 -1.238848e-01 -1.292083e-01 -1.343358e-01 -1.392594e-01 -1.439718e-01 -1.484657e-01 -1.527343e-01 -1.567711e-01 -1.605701e-01 -1.641254e-01 -1.674317e-01 -1.704840e-01 -1.732775e-01 -1.758081e-01 -1.780720e-01 -1.800657e-01 -1.817861e-01 -1.832307e-01 -1.843973e-01 -1.852841e-01 -1.858897e-01 -1.862133e-01 -1.862544e-01 
