9.048374e-01 9.041286e-01 9.020033e-01 8.984649e-01 8.935188e-01 8.871728e-01 8.794370e-01 8.703233e-01 8.598461e-01 8.480217e-01 8.348688e-01 8.204079e-01 8.046617e-01 7.876548e-01 7.694139e-01 7.499675e-01 7.293462e-01 7.075823e-01 6.847097e-01 6.607645e-01 6.357840e-01 6.098074e-01 5.828755e-01 5.550303e-01 5.263156e-01 4.967764e-01 4.664588e-01 4.354104e-01 4.036799e-01 3.713170e-01 3.383723e-01 3.048974e-01 2.709449e-01 2.365679e-01 2.018203e-01 1.667565e-01 1.314314e-01 9.590042e-02 6.021919e-02 2.444361e-02 -1.137026e-02 -4.716632e-02 -8.288849e-02 -1.184808e-01 -1.538875e-01 -1.890531e-01 -2.239225e-01 -2.584410e-01 -2.925547e-01 -3.262101e-01 -3.593543e-01 -3.919356e-01 -4.239028e-01 -4.552059e-01 -4.857958e-01 -5.156247e-01 -5.446457e-01 -5.728134e-01 -6.000837e-01 -6.264138e-01 -6.517626e-01 -6.760902e-01 -6.993586e-01 -7.215314e-01 -7.425737e-01 -7.624526e-01 -7.811370e-01 -7.985976e-01 -8.148070e-01 -8.297399e-01 -8.433728e-01 -8.556845e-01 -8.666555e-01 -8.762687e-01 -8.845091e-01 -8.913638e-01 -8.968219e-01 -9.008750e-01 -9.035168e-01 -9.047429e-01 
9.041286e-01 9.034204e-01 9.012967e-01 8.977611e-01 8.928189e-01 8.864779e-01 8.787481e-01 8.696415e-01 8.591725e-01 8.473574e-01 8.342148e-01 8.197652e-01 8.040313e-01 7.870378e-01 7.688112e-01 7.493801e-01 7.287749e-01 7.070280e-01 6.841734e-01 6.602468e-01 6.352859e-01 6.093297e-01 5.824189e-01 5.545955e-01 5.259033e-01 4.963872e-01 4.660934e-01 4.350694e-01 4.033637e-01 3.710261e-01 3.381072e-01 3.046586e-01 2.707327e-01 2.363826e-01 2.016622e-01 1.666259e-01 1.313284e-01 9.582530e-02 6.017201e-02 2.442446e-02 -1.136136e-02 -4.712937e-02 -8.282356e-02 -1.183880e-01 -1.537669e-01 -1.889050e-01 -2.237470e-01 -2.582386e-01 -2.923255e-01 -3.259545e-01 -3.590728e-01 -3.916286e-01 -4.235707e-01 -4.548493e-01 -4.854153e-01 -5.152208e-01 -5.442190e-01 -5.723647e-01 -5.996136e-01 -6.259232e-01 -6.512520e-01 -6.755606e-01 -6.988108e-01 -7.209662e-01 -7.419920e-01 -7.618553e-01 -7.805251e-01 -7.979720e-01 -8.141688e-01 -8.290899e-01 -8.427122e-01 -8.550142e-01 -8.659766e-01 -8.755823e-01 -8.838163e-01 -8.906655e-01 -8.961194e-01 -9.001694e-01 -9.028090e-01 -9.040342e-01 
9.020033e-01 9.012967e-01 8.991781e-01 8.956507e-01 8.907201e-01 8.843941e-01 8.766824e-01 8.675973e-01 8.571529e-01 8.453656e-01 8.322539e-01 8.178383e-01 8.021413e-01 7.851877e-01 7.670040e-01 7.476185e-01 7.270618e-01 7.053660e-01 6.825651e-01 6.586948e-01 6.337926e-01 6.078974e-01 5.810498e-01 5.532919e-01 5.246671e-01 4.952204e-01 4.649978e-01 4.340467e-01 4.024155e-01 3.701539e-01 3.373124e-01 3.039424e-01 2.700963e-01 2.358270e-01 2.011882e-01 1.662342e-01 1.310197e-01 9.560004e-02 6.003057e-02 2.436705e-02 -1.133465e-02 -4.701859e-02 -8.262887e-02 -1.181097e-01 -1.534055e-01 -1.884609e-01 -2.232211e-01 -2.576316e-01 -2.916384e-01 -3.251883e-01 -3.582288e-01 -3.907080e-01 -4.225751e-01 -4.537801e-01 -4.842742e-01 -5.140097e-01 -5.429398e-01 -5.710193e-01 -5.982041e-01 -6.244518e-01 -6.497212e-01 -6.739726e-01 -6.971681e-01 -7.192714e-01 -7.402478e-01 -7.600645e-01 -7.786904e-01 -7.960963e-01 -8.122549e-01 -8.271410e-01 -8.407313e-01 -8.530043e-01 -8.639410e-01 -8.735241e-01 -8.817387e-01 -8.885719e-01 -8.940130e-01 -8.980534e-01 -9.006868e-01 -9.019091e-01 
8.984649e-01 8.977611e-01 8.956507e-01 8.921372e-01 8.872259e-01 8.809247e-01 8.732433e-01 8.641938e-01 8.537904e-01 8.420493e-01 8.289890e-01 8.146300e-01 7.989946e-01 7.821075e-01 7.639951e-01 7.446857e-01 7.242096e-01 7.025989e-01 6.798875e-01 6.561108e-01 6.313063e-01 6.055127e-01 5.787704e-01 5.511214e-01 5.226089e-01 4.932777e-01 4.631736e-01 4.323439e-01 4.008369e-01 3.687019e-01 3.359892e-01 3.027501e-01 2.690367e-01 2.349018e-01 2.003989e-01 1.655821e-01 1.305058e-01 9.522502e-02 5.979508e-02 2.427146e-02 -1.129018e-02 -4.683414e-02 -8.230472e-02 -1.176464e-01 -1.528037e-01 -1.877216e-01 -2.223454e-01 -2.566209e-01 -2.904943e-01 -3.239126e-01 -3.568235e-01 -3.891753e-01 -4.209174e-01 -4.520000e-01 -4.823745e-01 -5.119933e-01 -5.408099e-01 -5.687792e-01 -5.958575e-01 -6.220022e-01 -6.471724e-01 -6.713287e-01 -6.944332e-01 -7.164498e-01 -7.373439e-01 -7.570828e-01 -7.756356e-01 -7.929733e-01 -8.090685e-01 -8.238963e-01 -8.374332e-01 -8.496581e-01 -8.605519e-01 -8.700974e-01 -8.782798e-01 -8.850861e-01 -8.905058e-01 -8.945304e-01 -8.971535e-01 -8.983710e-01 
8.935188e-01 8.928189e-01 8.907201e-01 8.872259e-01 8.823417e-01 8.760752e-01 8.684361e-01 8.594364e-01 8.490902e-01 8.374138e-01 8.244254e-01 8.101454e-01 7.945961e-01 7.778020e-01 7.597893e-01 7.405862e-01 7.202228e-01 6.987311e-01 6.761447e-01 6.524989e-01 6.278309e-01 6.021793e-01 5.755843e-01 5.480874e-01 5.197319e-01 4.905622e-01 4.606239e-01 4.299639e-01 3.986303e-01 3.666721e-01 3.341395e-01 3.010835e-01 2.675557e-01 2.336087e-01 1.992957e-01 1.646705e-01 1.297873e-01 9.470080e-02 5.946590e-02 2.413784e-02 -1.122803e-02 -4.657632e-02 -8.185163e-02 -1.169987e-01 -1.519625e-01 -1.866882e-01 -2.211214e-01 -2.552082e-01 -2.888951e-01 -3.221295e-01 -3.548591e-01 -3.870329e-01 -4.186002e-01 -4.495117e-01 -4.797190e-01 -5.091747e-01 -5.378327e-01 -5.656481e-01 -5.925772e-01 -6.185780e-01 -6.436097e-01 -6.676330e-01 -6.906104e-01 -7.125057e-01 -7.332848e-01 -7.529151e-01 -7.713657e-01 -7.886079e-01 -8.046146e-01 -8.193607e-01 -8.328231e-01 -8.449807e-01 -8.558145e-01 -8.653075e-01 -8.734448e-01 -8.802137e-01 -8.856036e-01 -8.896060e-01 -8.922146e-01 -8.934255e-01 
8.871728e-01 8.864779e-01 8.843941e-01 8.809247e-01 8.760752e-01 8.698531e-01 8.622683e-01 8.533325e-01 8.430598e-01 8.314663e-01 8.185702e-01 8.043916e-01 7.889528e-01 7.722779e-01 7.543931e-01 7.353264e-01 7.151077e-01 6.937686e-01 6.713426e-01 6.478648e-01 6.233720e-01 5.979025e-01 5.714963e-01 5.441948e-01 5.160407e-01 4.870781e-01 4.573524e-01 4.269102e-01 3.957991e-01 3.640680e-01 3.317664e-01 2.989451e-01 2.656554e-01 2.319496e-01 1.978803e-01 1.635010e-01 1.288656e-01 9.402822e-02 5.904357e-02 2.396641e-02 -1.114829e-02 -4.624552e-02 -8.127031e-02 -1.161678e-01 -1.508832e-01 -1.853623e-01 -2.195510e-01 -2.533956e-01 -2.868433e-01 -3.198417e-01 -3.523389e-01 -3.842841e-01 -4.156272e-01 -4.463192e-01 -4.763120e-01 -5.055585e-01 -5.340129e-01 -5.616307e-01 -5.883686e-01 -6.141848e-01 -6.390386e-01 -6.628913e-01 -6.857055e-01 -7.074454e-01 -7.280769e-01 -7.475677e-01 -7.658874e-01 -7.830071e-01 -7.989001e-01 -8.135414e-01 -8.269082e-01 -8.389795e-01 -8.497363e-01 -8.591619e-01 -8.672414e-01 -8.739623e-01 -8.793138e-01 -8.832878e-01 -8.858780e-01 -8.870802e-01 
8.794370e-01 8.787481e-01 8.766824e-01 8.732433e-01 8.684361e-01 8.622683e-01 8.547495e-01 8.458917e-01 8.357086e-01 8.242162e-01 8.114325e-01 7.973775e-01 7.820733e-01 7.655439e-01 7.478150e-01 7.289146e-01 7.088721e-01 6.877191e-01 6.654887e-01 6.422156e-01 6.179363e-01 5.926890e-01 5.665131e-01 5.394496e-01 5.115410e-01 4.828309e-01 4.533644e-01 4.231877e-01 3.923479e-01 3.608934e-01 3.288735e-01 2.963384e-01 2.633390e-01 2.299270e-01 1.961548e-01 1.620753e-01 1.277419e-01 9.320832e-02 5.852872e-02 2.375743e-02 -1.105108e-02 -4.584228e-02 -8.056165e-02 -1.151548e-01 -1.495676e-01 -1.837460e-01 -2.176365e-01 -2.511861e-01 -2.843422e-01 -3.170527e-01 -3.492666e-01 -3.809332e-01 -4.120031e-01 -4.424274e-01 -4.721587e-01 -5.011501e-01 -5.293565e-01 -5.567335e-01 -5.832382e-01 -6.088293e-01 -6.334664e-01 -6.571111e-01 -6.797264e-01 -7.012767e-01 -7.217283e-01 -7.410492e-01 -7.592090e-01 -7.761795e-01 -7.919339e-01 -8.064476e-01 -8.196978e-01 -8.316638e-01 -8.423269e-01 -8.516703e-01 -8.596793e-01 -8.663416e-01 -8.716465e-01 -8.755858e-01 -8.781534e-01 -8.793451e-01 
8.703233e-01 8.696415e-01 8.675973e-01 8.641938e-01 8.594364e-01 8.533325e-01 8.458917e-01 8.371256e-01 8.270481e-01 8.156748e-01 8.030236e-01 7.891143e-01 7.739686e-01 7.576105e-01 7.400653e-01 7.213608e-01 7.015260e-01 6.805922e-01 6.585921e-01 6.355602e-01 6.115326e-01 5.865469e-01 5.606422e-01 5.338592e-01 5.062398e-01 4.778273e-01 4.486662e-01 4.188021e-01 3.882819e-01 3.571534e-01 3.254654e-01 2.932674e-01 2.606100e-01 2.275443e-01 1.941221e-01 1.603957e-01 1.264181e-01 9.224239e-02 5.792219e-02 2.351123e-02 -1.093656e-02 -4.536721e-02 -7.972679e-02 -1.139615e-01 -1.480176e-01 -1.818418e-01 -2.153811e-01 -2.485831e-01 -2.813955e-01 -3.137671e-01 -3.456471e-01 -3.769856e-01 -4.077335e-01 -4.378425e-01 -4.672656e-01 -4.959567e-01 -5.238707e-01 -5.509640e-01 -5.771941e-01 -6.025199e-01 -6.269018e-01 -6.503014e-01 -6.726823e-01 -6.940093e-01 -7.142489e-01 -7.333696e-01 -7.513413e-01 -7.681359e-01 -7.837270e-01 -7.980903e-01 -8.112032e-01 -8.230452e-01 -8.335978e-01 -8.428443e-01 -8.507704e-01 -8.573636e-01 -8.626135e-01 -8.665121e-01 -8.690530e-01 -8.702324e-01 
8.598461e-01 8.591725e-01 8.571529e-01 8.537904e-01 8.490902e-01 8.430598e-01 8.357086e-01 8.270481e-01 8.170918e-01 8.058554e-01 7.933565e-01 7.796147e-01 7.646514e-01 7.484901e-01 7.311562e-01 7.126768e-01 6.930809e-01 6.723991e-01 6.506638e-01 6.279092e-01 6.041708e-01 5.794859e-01 5.538931e-01 5.274325e-01 5.001456e-01 4.720751e-01 4.432650e-01 4.137605e-01 3.836077e-01 3.528539e-01 3.215473e-01 2.897370e-01 2.574727e-01 2.248050e-01 1.917852e-01 1.584648e-01 1.248962e-01 9.113195e-02 5.722490e-02 2.322820e-02 -1.080490e-02 -4.482106e-02 -7.876701e-02 -1.125896e-01 -1.462357e-01 -1.796527e-01 -2.127883e-01 -2.455905e-01 -2.780080e-01 -3.099899e-01 -3.414861e-01 -3.724473e-01 -4.028250e-01 -4.325716e-01 -4.616405e-01 -4.899862e-01 -5.175642e-01 -5.443313e-01 -5.702457e-01 -5.952666e-01 -6.193549e-01 -6.424729e-01 -6.645843e-01 -6.856546e-01 -7.056506e-01 -7.245411e-01 -7.422964e-01 -7.588888e-01 -7.742923e-01 -7.884826e-01 -8.014377e-01 -8.131372e-01 -8.235627e-01 -8.326979e-01 -8.405286e-01 -8.470424e-01 -8.522291e-01 -8.560807e-01 -8.585911e-01 -8.597563e-01 
8.480217e-01 8.473574e-01 8.453656e-01 8.420493e-01 8.374138e-01 8.314663e-01 8.242162e-01 8.156748e-01 8.058554e-01 7.947736e-01 7.824465e-01 7.688936e-01 7.541361e-01 7.381971e-01 7.211016e-01 7.028763e-01 6.835498e-01 6.631524e-01 6.417161e-01 6.192744e-01 5.958624e-01 5.715170e-01 5.462761e-01 5.201794e-01 4.932677e-01 4.655833e-01 4.371694e-01 4.080706e-01 3.783324e-01 3.480016e-01 3.171255e-01 2.857526e-01 2.539320e-01 2.217136e-01 1.891478e-01 1.562857e-01 1.231787e-01 8.987873e-02 5.643796e-02 2.290877e-02 -1.065631e-02 -4.420470e-02 -7.768383e-02 -1.110413e-01 -1.442247e-01 -1.771822e-01 -2.098621e-01 -2.422133e-01 -2.741849e-01 -3.057270e-01 -3.367901e-01 -3.673255e-01 -3.972855e-01 -4.266231e-01 -4.552922e-01 -4.832481e-01 -5.104468e-01 -5.368459e-01 -5.624038e-01 -5.870807e-01 -6.108377e-01 -6.336378e-01 -6.554452e-01 -6.762257e-01 -6.959467e-01 -7.145774e-01 -7.320886e-01 -7.484528e-01 -7.636444e-01 -7.776397e-01 -7.904166e-01 -8.019552e-01 -8.122373e-01 -8.212469e-01 -8.289699e-01 -8.353941e-01 -8.405096e-01 -8.443082e-01 -8.467840e-01 -8.479332e-01 
8.348688e-01 8.342148e-01 8.322539e-01 8.289890e-01 8.244254e-01 8.185702e-01 8.114325e-01 8.030236e-01 7.933565e-01 7.824465e-01 7.703107e-01 7.569680e-01 7.424394e-01 7.267476e-01 7.099172e-01 6.919746e-01 6.729479e-01 6.528669e-01 6.317630e-01 6.096693e-01 5.866205e-01 5.626527e-01 5.378033e-01 5.121114e-01 4.856171e-01 4.583620e-01 4.303888e-01 4.017413e-01 3.724645e-01 3.426040e-01 3.122069e-01 2.813205e-01 2.499935e-01 2.182748e-01 1.862141e-01 1.538617e-01 1.212682e-01 8.848470e-02 5.556260e-02 2.255345e-02 -1.049103e-02 -4.351908e-02 -7.647895e-02 -1.093190e-01 -1.419878e-01 -1.744341e-01 -2.066071e-01 -2.384565e-01 -2.699323e-01 -3.009851e-01 -3.315664e-01 -3.616283e-01 -3.911236e-01 -4.200061e-01 -4.482306e-01 -4.757528e-01 -5.025297e-01 -5.285193e-01 -5.536809e-01 -5.779750e-01 -6.013636e-01 -6.238100e-01 -6.452792e-01 -6.657373e-01 -6.851525e-01 -7.034942e-01 -7.207338e-01 -7.368442e-01 -7.518002e-01 -7.655784e-01 -7.781571e-01 -7.895167e-01 -7.996394e-01 -8.085093e-01 -8.161125e-01 -8.224371e-01 -8.274732e-01 -8.312128e-01 -8.336503e-01 -8.347816e-01 
8.204079e-01 8.197652e-01 8.178383e-01 8.146300e-01 8.101454e-01 8.043916e-01 7.973775e-01 7.891143e-01 7.796147e-01 7.688936e-01 7.569680e-01 7.438564e-01 7.295795e-01 7.141595e-01 6.976206e-01 6.799888e-01 6.612916e-01 6.415584e-01 6.208201e-01 5.991092e-01 5.764596e-01 5.529069e-01 5.284879e-01 5.032410e-01 4.772056e-01 4.504226e-01 4.229340e-01 3.947827e-01 3.660129e-01 3.366697e-01 3.067991e-01 2.764477e-01 2.456633e-01 2.144940e-01 1.829886e-01 1.511966e-01 1.191677e-01 8.695204e-02 5.460019e-02 2.216280e-02 -1.030931e-02 -4.276528e-02 -7.515424e-02 -1.074255e-01 -1.395284e-01 -1.714127e-01 -2.030285e-01 -2.343261e-01 -2.652567e-01 -2.957717e-01 -3.258233e-01 -3.553645e-01 -3.843488e-01 -4.127311e-01 -4.404667e-01 -4.675122e-01 -4.938253e-01 -5.193647e-01 -5.440905e-01 -5.679638e-01 -5.909473e-01 -6.130049e-01 -6.341022e-01 -6.542060e-01 -6.732849e-01 -6.913089e-01 -7.082499e-01 -7.240812e-01 -7.387782e-01 -7.523177e-01 -7.646785e-01 -7.758414e-01 -7.857887e-01 -7.945050e-01 -8.019764e-01 -8.081915e-01 -8.131404e-01 -8.168153e-01 -8.192105e-01 -8.203222e-01 
8.046617e-01 8.040313e-01 8.021413e-01 7.989946e-01 7.945961e-01 7.889528e-01 7.820733e-01 7.739686e-01 7.646514e-01 7.541361e-01 7.424394e-01 7.295795e-01 7.155765e-01 7.004525e-01 6.842311e-01 6.669377e-01 6.485994e-01 6.292449e-01 6.089046e-01 5.876104e-01 5.653955e-01 5.422948e-01 5.183446e-01 4.935822e-01 4.680465e-01 4.417776e-01 4.148165e-01 3.872056e-01 3.589880e-01 3.302080e-01 3.009106e-01 2.711418e-01 2.409482e-01 2.103772e-01 1.794765e-01 1.482946e-01 1.168805e-01 8.528316e-02 5.355224e-02 2.173743e-02 -1.011145e-02 -4.194448e-02 -7.371179e-02 -1.053636e-01 -1.368504e-01 -1.681227e-01 -1.991317e-01 -2.298287e-01 -2.601656e-01 -2.900949e-01 -3.195697e-01 -3.485439e-01 -3.769720e-01 -4.048095e-01 -4.320127e-01 -4.585392e-01 -4.843472e-01 -5.093965e-01 -5.336476e-01 -5.570627e-01 -5.796051e-01 -6.012394e-01 -6.219317e-01 -6.416497e-01 -6.603624e-01 -6.780405e-01 -6.946563e-01 -7.101838e-01 -7.245987e-01 -7.378783e-01 -7.500019e-01 -7.609505e-01 -7.707069e-01 -7.792559e-01 -7.865840e-01 -7.926797e-01 -7.975336e-01 -8.011380e-01 -8.034872e-01 -8.045777e-01 
7.876548e-01 7.870378e-01 7.851877e-01 7.821075e-01 7.778020e-01 7.722779e-01 7.655439e-01 7.576105e-01 7.484901e-01 7.381971e-01 7.267476e-01 7.141595e-01 7.004525e-01 6.856481e-01 6.697695e-01 6.528416e-01 6.348909e-01 6.159455e-01 5.960351e-01 5.751909e-01 5.534456e-01 5.308332e-01 5.073891e-01 4.831501e-01 4.581542e-01 4.324404e-01 4.060492e-01 3.790218e-01 3.514006e-01 3.232289e-01 2.945507e-01 2.654111e-01 2.358557e-01 2.059308e-01 1.756832e-01 1.451604e-01 1.144101e-01 8.348066e-02 5.242039e-02 2.127800e-02 -9.897736e-03 -4.105796e-02 -7.215386e-02 -1.031367e-01 -1.339580e-01 -1.645694e-01 -1.949230e-01 -2.249712e-01 -2.546669e-01 -2.839636e-01 -3.128155e-01 -3.411772e-01 -3.690045e-01 -3.962536e-01 -4.228820e-01 -4.488478e-01 -4.741103e-01 -4.986302e-01 -5.223688e-01 -5.452890e-01 -5.673549e-01 -5.885319e-01 -6.087869e-01 -6.280881e-01 -6.464053e-01 -6.637098e-01 -6.799744e-01 -6.951737e-01 -7.092840e-01 -7.222829e-01 -7.341503e-01 -7.448675e-01 -7.544177e-01 -7.627860e-01 -7.699592e-01 -7.759261e-01 -7.806774e-01 -7.842056e-01 -7.865052e-01 -7.875725e-01 
7.694139e-01 7.688112e-01 7.670040e-01 7.639951e-01 7.597893e-01 7.543931e-01 7.478150e-01 7.400653e-01 7.311562e-01 7.211016e-01 7.099172e-01 6.976206e-01 6.842311e-01 6.697695e-01 6.542587e-01 6.377228e-01 6.201878e-01 6.016811e-01 5.822319e-01 5.618704e-01 5.406286e-01 5.185399e-01 4.956387e-01 4.719611e-01 4.475440e-01 4.224258e-01 3.966457e-01 3.702442e-01 3.432627e-01 3.157434e-01 2.877294e-01 2.592646e-01 2.303936e-01 2.011617e-01 1.716146e-01 1.417987e-01 1.117606e-01 8.154737e-02 5.120641e-02 2.078523e-02 -9.668519e-03 -4.010712e-02 -7.048289e-02 -1.007482e-01 -1.308557e-01 -1.607582e-01 -1.904088e-01 -2.197612e-01 -2.487692e-01 -2.773874e-01 -3.055711e-01 -3.332761e-01 -3.604589e-01 -3.870770e-01 -4.130886e-01 -4.384531e-01 -4.631307e-01 -4.870826e-01 -5.102715e-01 -5.326609e-01 -5.542158e-01 -5.749024e-01 -5.946883e-01 -6.135425e-01 -6.314355e-01 -6.483393e-01 -6.642272e-01 -6.790746e-01 -6.928580e-01 -7.055559e-01 -7.171485e-01 -7.276175e-01 -7.369465e-01 -7.451210e-01 -7.521281e-01 -7.579568e-01 -7.625981e-01 -7.660445e-01 -7.682909e-01 -7.693335e-01 
7.499675e-01 7.493801e-01 7.476185e-01 7.446857e-01 7.405862e-01 7.353264e-01 7.289146e-01 7.213608e-01 7.126768e-01 7.028763e-01 6.919746e-01 6.799888e-01 6.669377e-01 6.528416e-01 6.377228e-01 6.216048e-01 6.045130e-01 5.864741e-01 5.675164e-01 5.476695e-01 5.269647e-01 5.054342e-01 4.831118e-01 4.600326e-01 4.362327e-01 4.117493e-01 3.866208e-01 3.608866e-01 3.345870e-01 3.077632e-01 2.804572e-01 2.527119e-01 2.245706e-01 1.960775e-01 1.672772e-01 1.382148e-01 1.089359e-01 7.948633e-02 4.991221e-02 2.025990e-02 -9.424155e-03 -3.909344e-02 -6.870149e-02 -9.820189e-02 -1.275484e-01 -1.566952e-01 -1.855964e-01 -2.142069e-01 -2.424817e-01 -2.703767e-01 -2.978481e-01 -3.248528e-01 -3.513486e-01 -3.772939e-01 -4.026482e-01 -4.273716e-01 -4.514254e-01 -4.747720e-01 -4.973748e-01 -5.191983e-01 -5.402084e-01 -5.603722e-01 -5.796580e-01 -5.980357e-01 -6.154765e-01 -6.319530e-01 -6.474394e-01 -6.619115e-01 -6.753465e-01 -6.877236e-01 -6.990231e-01 -7.092275e-01 -7.183208e-01 -7.262886e-01 -7.331186e-01 -7.388000e-01 -7.433240e-01 -7.466834e-01 -7.488729e-01 -7.498892e-01 
7.293462e-01 7.287749e-01 7.270618e-01 7.242096e-01 7.202228e-01 7.151077e-01 7.088721e-01 7.015260e-01 6.930809e-01 6.835498e-01 6.729479e-01 6.612916e-01 6.485994e-01 6.348909e-01 6.201878e-01 6.045130e-01 5.878912e-01 5.703483e-01 5.519118e-01 5.326107e-01 5.124751e-01 4.915366e-01 4.698281e-01 4.473834e-01 4.242379e-01 4.004277e-01 3.759902e-01 3.509636e-01 3.253871e-01 2.993009e-01 2.727457e-01 2.457633e-01 2.183958e-01 1.906861e-01 1.626777e-01 1.344144e-01 1.059406e-01 7.730075e-02 4.853981e-02 1.970283e-02 -9.165026e-03 -3.801852e-02 -6.681245e-02 -9.550171e-02 -1.240413e-01 -1.523866e-01 -1.804932e-01 -2.083170e-01 -2.358144e-01 -2.629423e-01 -2.896584e-01 -3.159206e-01 -3.416878e-01 -3.669197e-01 -3.915768e-01 -4.156204e-01 -4.390129e-01 -4.617175e-01 -4.836988e-01 -5.049223e-01 -5.253547e-01 -5.449641e-01 -5.637196e-01 -5.815920e-01 -5.985532e-01 -6.145766e-01 -6.296372e-01 -6.437114e-01 -6.567770e-01 -6.688137e-01 -6.798026e-01 -6.897264e-01 -6.985696e-01 -7.063184e-01 -7.129606e-01 -7.184858e-01 -7.228853e-01 -7.261524e-01 -7.282817e-01 -7.292701e-01 
7.075823e-01 7.070280e-01 7.053660e-01 7.025989e-01 6.987311e-01 6.937686e-01 6.877191e-01 6.805922e-01 6.723991e-01 6.631524e-01 6.528669e-01 6.415584e-01 6.292449e-01 6.159455e-01 6.016811e-01 5.864741e-01 5.703483e-01 5.533289e-01 5.354425e-01 5.167174e-01 4.971826e-01 4.768690e-01 4.558082e-01 4.340334e-01 4.115785e-01 3.884788e-01 3.647705e-01 3.404907e-01 3.156774e-01 2.903696e-01 2.646069e-01 2.384296e-01 2.118787e-01 1.849960e-01 1.578233e-01 1.304035e-01 1.027793e-01 7.499406e-02 4.709136e-02 1.911489e-02 -8.891538e-03 -3.688403e-02 -6.481874e-02 -9.265190e-02 -1.203399e-01 -1.478394e-01 -1.751072e-01 -2.021007e-01 -2.287776e-01 -2.550960e-01 -2.810148e-01 -3.064934e-01 -3.314917e-01 -3.559707e-01 -3.798920e-01 -4.032182e-01 -4.259126e-01 -4.479397e-01 -4.692651e-01 -4.898552e-01 -5.096779e-01 -5.287021e-01 -5.468980e-01 -5.642371e-01 -5.806921e-01 -5.962374e-01 -6.108486e-01 -6.245028e-01 -6.371786e-01 -6.488561e-01 -6.595170e-01 -6.691447e-01 -6.777240e-01 -6.852416e-01 -6.916856e-01 -6.970459e-01 -7.013142e-01 -7.044837e-01 -7.065495e-01 -7.075084e-01 
6.847097e-01 6.841734e-01 6.825651e-01 6.798875e-01 6.761447e-01 6.713426e-01 6.654887e-01 6.585921e-01 6.506638e-01 6.417161e-01 6.317630e-01 6.208201e-01 6.089046e-01 5.960351e-01 5.822319e-01 5.675164e-01 5.519118e-01 5.354425e-01 5.181344e-01 5.000145e-01 4.811113e-01 4.614542e-01 4.410743e-01 4.200033e-01 3.982742e-01 3.759212e-01 3.529793e-01 3.294843e-01 3.054732e-01 2.809834e-01 2.560535e-01 2.307224e-01 2.050298e-01 1.790160e-01 1.527217e-01 1.261882e-01 9.945694e-02 7.256989e-02 4.556914e-02 1.849700e-02 -8.604120e-03 -3.569176e-02 -6.272348e-02 -8.965693e-02 -1.164499e-01 -1.430605e-01 -1.694469e-01 -1.955678e-01 -2.213824e-01 -2.468501e-01 -2.719311e-01 -2.965860e-01 -3.207763e-01 -3.444640e-01 -3.676120e-01 -3.901842e-01 -4.121450e-01 -4.334601e-01 -4.540961e-01 -4.740207e-01 -4.932026e-01 -5.116119e-01 -5.292196e-01 -5.459981e-01 -5.619213e-01 -5.769641e-01 -5.911030e-01 -6.043158e-01 -6.165818e-01 -6.278818e-01 -6.381982e-01 -6.475146e-01 -6.558167e-01 -6.630912e-01 -6.693269e-01 -6.745139e-01 -6.786442e-01 -6.817113e-01 -6.837104e-01 -6.846382e-01 
6.607645e-01 6.602468e-01 6.586948e-01 6.561108e-01 6.524989e-01 6.478648e-01 6.422156e-01 6.355602e-01 6.279092e-01 6.192744e-01 6.096693e-01 5.991092e-01 5.876104e-01 5.751909e-01 5.618704e-01 5.476695e-01 5.326107e-01 5.167174e-01 5.000145e-01 4.825283e-01 4.642861e-01 4.453165e-01 4.256493e-01 4.053151e-01 3.843460e-01 3.627747e-01 3.406351e-01 3.179618e-01 2.947904e-01 2.711571e-01 2.470989e-01 2.226537e-01 1.978596e-01 1.727555e-01 1.473808e-01 1.217752e-01 9.597879e-02 7.003202e-02 4.397552e-02 1.785013e-02 -8.303222e-03 -3.444357e-02 -6.052995e-02 -8.652150e-02 -1.123775e-01 -1.380574e-01 -1.635211e-01 -1.887285e-01 -2.136403e-01 -2.382174e-01 -2.624212e-01 -2.862140e-01 -3.095583e-01 -3.324176e-01 -3.547561e-01 -3.765389e-01 -3.977317e-01 -4.183014e-01 -4.382157e-01 -4.574435e-01 -4.759546e-01 -4.937201e-01 -5.107120e-01 -5.269038e-01 -5.422701e-01 -5.567869e-01 -5.704313e-01 -5.831820e-01 -5.950191e-01 -6.059239e-01 -6.158795e-01 -6.248701e-01 -6.328818e-01 -6.399020e-01 -6.459196e-01 -6.509252e-01 -6.549111e-01 -6.578709e-01 -6.598000e-01 -6.606955e-01 
6.357840e-01 6.352859e-01 6.337926e-01 6.313063e-01 6.278309e-01 6.233720e-01 6.179363e-01 6.115326e-01 6.041708e-01 5.958624e-01 5.866205e-01 5.764596e-01 5.653955e-01 5.534456e-01 5.406286e-01 5.269647e-01 5.124751e-01 4.971826e-01 4.811113e-01 4.642861e-01 4.467336e-01 4.284811e-01 4.095574e-01 3.899920e-01 3.698157e-01 3.490599e-01 3.277573e-01 3.059411e-01 2.836457e-01 2.609058e-01 2.377572e-01 2.142362e-01 1.903794e-01 1.662244e-01 1.418090e-01 1.171714e-01 9.235027e-02 6.738443e-02 4.231301e-02 1.717530e-02 -7.989315e-03 -3.314141e-02 -5.824159e-02 -8.325052e-02 -1.081290e-01 -1.328381e-01 -1.573391e-01 -1.815936e-01 -2.055636e-01 -2.292115e-01 -2.525003e-01 -2.753935e-01 -2.978553e-01 -3.198504e-01 -3.413444e-01 -3.623037e-01 -3.826953e-01 -4.024873e-01 -4.216488e-01 -4.401497e-01 -4.579610e-01 -4.750548e-01 -4.914043e-01 -5.069840e-01 -5.217694e-01 -5.357373e-01 -5.488659e-01 -5.611346e-01 -5.725241e-01 -5.830167e-01 -5.925959e-01 -6.012467e-01 -6.089554e-01 -6.157102e-01 -6.215003e-01 -6.263167e-01 -6.301519e-01 -6.329998e-01 -6.348560e-01 -6.357176e-01 
6.098074e-01 6.093297e-01 6.078974e-01 6.055127e-01 6.021793e-01 5.979025e-01 5.926890e-01 5.865469e-01 5.794859e-01 5.715170e-01 5.626527e-01 5.529069e-01 5.422948e-01 5.308332e-01 5.185399e-01 5.054342e-01 4.915366e-01 4.768690e-01 4.614542e-01 4.453165e-01 4.284811e-01 4.109745e-01 3.928239e-01 3.740579e-01 3.547059e-01 3.347982e-01 3.143659e-01 2.934411e-01 2.720566e-01 2.502459e-01 2.280431e-01 2.054830e-01 1.826010e-01 1.594329e-01 1.360151e-01 1.123841e-01 8.857707e-02 6.463126e-02 4.058420e-02 1.647356e-02 -7.662891e-03 -3.178734e-02 -5.586198e-02 -7.984911e-02 -1.037111e-01 -1.274107e-01 -1.509106e-01 -1.741741e-01 -1.971647e-01 -2.198465e-01 -2.421838e-01 -2.641416e-01 -2.856857e-01 -3.067821e-01 -3.273979e-01 -3.475008e-01 -3.670593e-01 -3.860427e-01 -4.044213e-01 -4.221662e-01 -4.392498e-01 -4.556452e-01 -4.713268e-01 -4.862699e-01 -5.004512e-01 -5.138484e-01 -5.264406e-01 -5.382080e-01 -5.491322e-01 -5.591961e-01 -5.683839e-01 -5.766812e-01 -5.840750e-01 -5.905538e-01 -5.961073e-01 -6.007270e-01 -6.044054e-01 -6.071370e-01 -6.089174e-01 -6.097437e-01 
5.828755e-01 5.824189e-01 5.810498e-01 5.787704e-01 5.755843e-01 5.714963e-01 5.665131e-01 5.606422e-01 5.538931e-01 5.462761e-01 5.378033e-01 5.284879e-01 5.183446e-01 5.073891e-01 4.956387e-01 4.831118e-01 4.698281e-01 4.558082e-01 4.410743e-01 4.256493e-01 4.095574e-01 3.928239e-01 3.754750e-01 3.575378e-01 3.390404e-01 3.200119e-01 3.004820e-01 2.804814e-01 2.600413e-01 2.391938e-01 2.179716e-01 1.964079e-01 1.745365e-01 1.523916e-01 1.300080e-01 1.074207e-01 8.466509e-02 6.177685e-02 3.879182e-02 1.574601e-02 -7.324462e-03 -3.038346e-02 -5.339486e-02 -7.632260e-02 -9.913077e-02 -1.217836e-01 -1.442457e-01 -1.664818e-01 -1.884570e-01 -2.101370e-01 -2.314878e-01 -2.524759e-01 -2.730684e-01 -2.932332e-01 -3.129385e-01 -3.321536e-01 -3.508482e-01 -3.689932e-01 -3.865601e-01 -4.035214e-01 -4.198505e-01 -4.355218e-01 -4.505108e-01 -4.647939e-01 -4.783489e-01 -4.911544e-01 -5.031905e-01 -5.144382e-01 -5.248800e-01 -5.344994e-01 -5.432814e-01 -5.512123e-01 -5.582795e-01 -5.644722e-01 -5.697805e-01 -5.741961e-01 -5.777121e-01 -5.803230e-01 -5.820247e-01 -5.828146e-01 
5.550303e-01 5.545955e-01 5.532919e-01 5.511214e-01 5.480874e-01 5.441948e-01 5.394496e-01 5.338592e-01 5.274325e-01 5.201794e-01 5.121114e-01 5.032410e-01 4.935822e-01 4.831501e-01 4.719611e-01 4.600326e-01 4.473834e-01 4.340334e-01 4.200033e-01 4.053151e-01 3.899920e-01 3.740579e-01 3.575378e-01 3.404575e-01 3.228438e-01 3.047243e-01 2.861274e-01 2.670822e-01 2.476186e-01 2.277671e-01 2.075587e-01 1.870251e-01 1.661985e-01 1.451116e-01 1.237973e-01 1.022890e-01 8.062047e-02 5.882564e-02 3.693865e-02 1.499379e-02 -6.974558e-03 -2.893198e-02 -5.084408e-02 -7.267652e-02 -9.439509e-02 -1.159658e-01 -1.373548e-01 -1.585286e-01 -1.794541e-01 -2.000983e-01 -2.204292e-01 -2.404146e-01 -2.600234e-01 -2.792248e-01 -2.979888e-01 -3.162859e-01 -3.340875e-01 -3.513657e-01 -3.680934e-01 -3.842444e-01 -3.997934e-01 -4.147160e-01 -4.289890e-01 -4.425898e-01 -4.554972e-01 -4.676910e-01 -4.791521e-01 -4.898625e-01 -4.998054e-01 -5.089653e-01 -5.173278e-01 -5.248797e-01 -5.316094e-01 -5.375062e-01 -5.425609e-01 -5.467656e-01 -5.501136e-01 -5.525998e-01 -5.542202e-01 -5.549724e-01 
5.263156e-01 5.259033e-01 5.246671e-01 5.226089e-01 5.197319e-01 5.160407e-01 5.115410e-01 5.062398e-01 5.001456e-01 4.932677e-01 4.856171e-01 4.772056e-01 4.680465e-01 4.581542e-01 4.475440e-01 4.362327e-01 4.242379e-01 4.115785e-01 3.982742e-01 3.843460e-01 3.698157e-01 3.547059e-01 3.390404e-01 3.228438e-01 3.061414e-01 2.889593e-01 2.713245e-01 2.532646e-01 2.348080e-01 2.159835e-01 1.968206e-01 1.773493e-01 1.576002e-01 1.376042e-01 1.173926e-01 9.699703e-02 7.644954e-02 5.578228e-02 3.502762e-02 1.421808e-02 -6.613726e-03 -2.743518e-02 -4.821364e-02 -6.891657e-02 -8.951153e-02 -1.099663e-01 -1.302487e-01 -1.503271e-01 -1.701699e-01 -1.897462e-01 -2.090252e-01 -2.279767e-01 -2.465710e-01 -2.647790e-01 -2.825723e-01 -2.999228e-01 -3.168034e-01 -3.331877e-01 -3.490499e-01 -3.643654e-01 -3.791099e-01 -3.932606e-01 -4.067951e-01 -4.196922e-01 -4.319319e-01 -4.434948e-01 -4.543630e-01 -4.645193e-01 -4.739478e-01 -4.826338e-01 -4.905636e-01 -4.977249e-01 -5.041064e-01 -5.096981e-01 -5.144913e-01 -5.184785e-01 -5.216533e-01 -5.240109e-01 -5.255475e-01 -5.262607e-01 
4.967764e-01 4.963872e-01 4.952204e-01 4.932777e-01 4.905622e-01 4.870781e-01 4.828309e-01 4.778273e-01 4.720751e-01 4.655833e-01 4.583620e-01 4.504226e-01 4.417776e-01 4.324404e-01 4.224258e-01 4.117493e-01 4.004277e-01 3.884788e-01 3.759212e-01 3.627747e-01 3.490599e-01 3.347982e-01 3.200119e-01 3.047243e-01 2.889593e-01 2.727415e-01 2.560965e-01 2.390503e-01 2.216295e-01 2.038615e-01 1.857741e-01 1.673956e-01 1.487549e-01 1.298812e-01 1.108039e-01 9.155311e-02 7.215884e-02 5.265152e-02 3.306171e-02 1.342010e-02 -6.242534e-03 -2.589539e-02 -4.550767e-02 -6.504865e-02 -8.448773e-02 -1.037944e-01 -1.229385e-01 -1.418900e-01 -1.606192e-01 -1.790968e-01 -1.972937e-01 -2.151816e-01 -2.327323e-01 -2.499184e-01 -2.667130e-01 -2.830897e-01 -2.990229e-01 -3.144876e-01 -3.294596e-01 -3.439155e-01 -3.578325e-01 -3.711890e-01 -3.839638e-01 -3.961372e-01 -4.076899e-01 -4.186039e-01 -4.288620e-01 -4.384483e-01 -4.473476e-01 -4.555461e-01 -4.630309e-01 -4.697903e-01 -4.758136e-01 -4.810915e-01 -4.856157e-01 -4.893790e-01 -4.923757e-01 -4.946009e-01 -4.960513e-01 -4.967245e-01 
4.664588e-01 4.660934e-01 4.649978e-01 4.631736e-01 4.606239e-01 4.573524e-01 4.533644e-01 4.486662e-01 4.432650e-01 4.371694e-01 4.303888e-01 4.229340e-01 4.148165e-01 4.060492e-01 3.966457e-01 3.866208e-01 3.759902e-01 3.647705e-01 3.529793e-01 3.406351e-01 3.277573e-01 3.143659e-01 3.004820e-01 2.861274e-01 2.713245e-01 2.560965e-01 2.404673e-01 2.244614e-01 2.081037e-01 1.914201e-01 1.744365e-01 1.571797e-01 1.396766e-01 1.219547e-01 1.040417e-01 8.596575e-02 6.775508e-02 4.943827e-02 3.104400e-02 1.260109e-02 -5.861560e-03 -2.431503e-02 -4.273040e-02 -6.107883e-02 -7.933156e-02 -9.746001e-02 -1.154358e-01 -1.332307e-01 -1.508168e-01 -1.681667e-01 -1.852532e-01 -2.020493e-01 -2.185290e-01 -2.346662e-01 -2.504359e-01 -2.658131e-01 -2.807739e-01 -2.952949e-01 -3.093532e-01 -3.229268e-01 -3.359945e-01 -3.485358e-01 -3.605311e-01 -3.719615e-01 -3.828091e-01 -3.930571e-01 -4.026892e-01 -4.116904e-01 -4.200466e-01 -4.277448e-01 -4.347728e-01 -4.411196e-01 -4.467754e-01 -4.517312e-01 -4.559792e-01 -4.595129e-01 -4.623267e-01 -4.644161e-01 -4.657780e-01 -4.664101e-01 
4.354104e-01 4.350694e-01 4.340467e-01 4.323439e-01 4.299639e-01 4.269102e-01 4.231877e-01 4.188021e-01 4.137605e-01 4.080706e-01 4.017413e-01 3.947827e-01 3.872056e-01 3.790218e-01 3.702442e-01 3.608866e-01 3.509636e-01 3.404907e-01 3.294843e-01 3.179618e-01 3.059411e-01 2.934411e-01 2.804814e-01 2.670822e-01 2.532646e-01 2.390503e-01 2.244614e-01 2.095208e-01 1.942520e-01 1.786788e-01 1.628257e-01 1.467175e-01 1.303795e-01 1.138372e-01 9.711652e-02 8.024371e-02 6.324518e-02 4.614757e-02 2.897765e-02 1.176234e-02 -5.471404e-03 -2.269657e-02 -3.988618e-02 -5.701331e-02 -7.405110e-02 -9.097289e-02 -1.077521e-01 -1.243626e-01 -1.407782e-01 -1.569732e-01 -1.729224e-01 -1.886006e-01 -2.039833e-01 -2.190464e-01 -2.337664e-01 -2.481201e-01 -2.620851e-01 -2.756395e-01 -2.887620e-01 -3.014322e-01 -3.136301e-01 -3.253366e-01 -3.365334e-01 -3.472030e-01 -3.573286e-01 -3.668944e-01 -3.758854e-01 -3.842875e-01 -3.920875e-01 -3.992733e-01 -4.058335e-01 -4.117579e-01 -4.170372e-01 -4.216631e-01 -4.256284e-01 -4.289269e-01 -4.315534e-01 -4.335037e-01 -4.347749e-01 -4.353650e-01 
4.036799e-01 4.033637e-01 4.024155e-01 4.008369e-01 3.986303e-01 3.957991e-01 3.923479e-01 3.882819e-01 3.836077e-01 3.783324e-01 3.724645e-01 3.660129e-01 3.589880e-01 3.514006e-01 3.432627e-01 3.345870e-01 3.253871e-01 3.156774e-01 3.054732e-01 2.947904e-01 2.836457e-01 2.720566e-01 2.600413e-01 2.476186e-01 2.348080e-01 2.216295e-01 2.081037e-01 1.942520e-01 1.800959e-01 1.656576e-01 1.509598e-01 1.360255e-01 1.208781e-01 1.055413e-01 9.003916e-02 7.439595e-02 5.863619e-02 4.278456e-02 2.686591e-02 1.090516e-02 -5.072676e-03 -2.104256e-02 -3.697948e-02 -5.285846e-02 -6.865463e-02 -8.434324e-02 -9.989971e-02 -1.152997e-01 -1.305190e-01 -1.455338e-01 -1.603206e-01 -1.748563e-01 -1.891180e-01 -2.030834e-01 -2.167307e-01 -2.300384e-01 -2.429857e-01 -2.555523e-01 -2.677185e-01 -2.794653e-01 -2.907743e-01 -3.016277e-01 -3.120086e-01 -3.219006e-01 -3.312883e-01 -3.401570e-01 -3.484928e-01 -3.562826e-01 -3.635142e-01 -3.701763e-01 -3.762584e-01 -3.817511e-01 -3.866456e-01 -3.909344e-01 -3.946108e-01 -3.976689e-01 -4.001039e-01 -4.019122e-01 -4.030907e-01 -4.036378e-01 
3.713170e-01 3.710261e-01 3.701539e-01 3.687019e-01 3.666721e-01 3.640680e-01 3.608934e-01 3.571534e-01 3.528539e-01 3.480016e-01 3.426040e-01 3.366697e-01 3.302080e-01 3.232289e-01 3.157434e-01 3.077632e-01 2.993009e-01 2.903696e-01 2.809834e-01 2.711571e-01 2.609058e-01 2.502459e-01 2.391938e-01 2.277671e-01 2.159835e-01 2.038615e-01 1.914201e-01 1.786788e-01 1.656576e-01 1.523769e-01 1.388574e-01 1.251204e-01 1.111873e-01 9.708007e-02 8.282073e-02 6.843164e-02 5.393534e-02 3.935453e-02 2.471207e-02 1.003089e-02 -4.666000e-03 -1.935558e-02 -3.401484e-02 -4.862081e-02 -6.315060e-02 -7.758146e-02 -9.189077e-02 -1.060561e-01 -1.200553e-01 -1.338664e-01 -1.474678e-01 -1.608381e-01 -1.739564e-01 -1.868023e-01 -1.993554e-01 -2.115962e-01 -2.235055e-01 -2.350647e-01 -2.462556e-01 -2.570606e-01 -2.674630e-01 -2.774463e-01 -2.869949e-01 -2.960939e-01 -3.047290e-01 -3.128867e-01 -3.205542e-01 -3.277195e-01 -3.343713e-01 -3.404993e-01 -3.460938e-01 -3.511461e-01 -3.556483e-01 -3.595933e-01 -3.629749e-01 -3.657878e-01 -3.680277e-01 -3.696909e-01 -3.707750e-01 -3.712782e-01 
3.383723e-01 3.381072e-01 3.373124e-01 3.359892e-01 3.341395e-01 3.317664e-01 3.288735e-01 3.254654e-01 3.215473e-01 3.171255e-01 3.122069e-01 3.067991e-01 3.009106e-01 2.945507e-01 2.877294e-01 2.804572e-01 2.727457e-01 2.646069e-01 2.560535e-01 2.470989e-01 2.377572e-01 2.280431e-01 2.179716e-01 2.075587e-01 1.968206e-01 1.857741e-01 1.744365e-01 1.628257e-01 1.509598e-01 1.388574e-01 1.265374e-01 1.140192e-01 1.013223e-01 8.846674e-02 7.547255e-02 6.236012e-02 4.914998e-02 3.586284e-02 2.251952e-02 9.140912e-03 -4.252014e-03 -1.763828e-02 -3.099691e-02 -4.430698e-02 -5.754763e-02 -7.069812e-02 -8.373786e-02 -9.664640e-02 -1.094035e-01 -1.219892e-01 -1.343838e-01 -1.465679e-01 -1.585223e-01 -1.702284e-01 -1.816678e-01 -1.928226e-01 -2.036753e-01 -2.142088e-01 -2.244068e-01 -2.342532e-01 -2.437326e-01 -2.528301e-01 -2.615316e-01 -2.698233e-01 -2.776922e-01 -2.851261e-01 -2.921133e-01 -2.986429e-01 -3.047046e-01 -3.102889e-01 -3.153870e-01 -3.199911e-01 -3.240938e-01 -3.276887e-01 -3.307703e-01 -3.333337e-01 -3.353748e-01 -3.368905e-01 -3.378784e-01 -3.383369e-01 
3.048974e-01 3.046586e-01 3.039424e-01 3.027501e-01 3.010835e-01 2.989451e-01 2.963384e-01 2.932674e-01 2.897370e-01 2.857526e-01 2.813205e-01 2.764477e-01 2.711418e-01 2.654111e-01 2.592646e-01 2.527119e-01 2.457633e-01 2.384296e-01 2.307224e-01 2.226537e-01 2.142362e-01 2.054830e-01 1.964079e-01 1.870251e-01 1.773493e-01 1.673956e-01 1.571797e-01 1.467175e-01 1.360255e-01 1.251204e-01 1.140192e-01 1.027394e-01 9.129862e-02 7.971482e-02 6.800613e-02 5.619089e-02 4.428762e-02 3.231497e-02 2.029168e-02 8.236611e-03 -3.831367e-03 -1.589334e-02 -2.793042e-02 -3.992373e-02 -5.185450e-02 -6.370403e-02 -7.545375e-02 -8.708526e-02 -9.858034e-02 -1.099210e-01 -1.210894e-01 -1.320681e-01 -1.428399e-01 -1.533879e-01 -1.636956e-01 -1.737468e-01 -1.835259e-01 -1.930174e-01 -2.022065e-01 -2.110788e-01 -2.196204e-01 -2.278179e-01 -2.356585e-01 -2.431299e-01 -2.502204e-01 -2.569189e-01 -2.632149e-01 -2.690985e-01 -2.745604e-01 -2.795923e-01 -2.841861e-01 -2.883347e-01 -2.920315e-01 -2.952708e-01 -2.980475e-01 -3.003573e-01 -3.021965e-01 -3.035623e-01 -3.044524e-01 -3.048656e-01 
2.709449e-01 2.707327e-01 2.700963e-01 2.690367e-01 2.675557e-01 2.656554e-01 2.633390e-01 2.606100e-01 2.574727e-01 2.539320e-01 2.499935e-01 2.456633e-01 2.409482e-01 2.358557e-01 2.303936e-01 2.245706e-01 2.183958e-01 2.118787e-01 2.050298e-01 1.978596e-01 1.903794e-01 1.826010e-01 1.745365e-01 1.661985e-01 1.576002e-01 1.487549e-01 1.396766e-01 1.303795e-01 1.208781e-01 1.111873e-01 1.013223e-01 9.129862e-02 8.113187e-02 7.083800e-02 6.043316e-02 4.993363e-02 3.935588e-02 2.871646e-02 1.803206e-02 7.319405e-03 -3.404717e-03 -1.412350e-02 -2.482017e-02 -3.547794e-02 -4.608013e-02 -5.661013e-02 -6.705144e-02 -7.738770e-02 -8.760271e-02 -9.768048e-02 -1.076052e-01 -1.173614e-01 -1.269336e-01 -1.363071e-01 -1.454669e-01 -1.543989e-01 -1.630889e-01 -1.715235e-01 -1.796893e-01 -1.875736e-01 -1.951641e-01 -2.024488e-01 -2.094163e-01 -2.160557e-01 -2.223566e-01 -2.283091e-01 -2.339040e-01 -2.391324e-01 -2.439862e-01 -2.484577e-01 -2.525399e-01 -2.562265e-01 -2.595117e-01 -2.623903e-01 -2.648578e-01 -2.669104e-01 -2.685448e-01 -2.697584e-01 -2.705495e-01 -2.709166e-01 
2.365679e-01 2.363826e-01 2.358270e-01 2.349018e-01 2.336087e-01 2.319496e-01 2.299270e-01 2.275443e-01 2.248050e-01 2.217136e-01 2.182748e-01 2.144940e-01 2.103772e-01 2.059308e-01 2.011617e-01 1.960775e-01 1.906861e-01 1.849960e-01 1.790160e-01 1.727555e-01 1.662244e-01 1.594329e-01 1.523916e-01 1.451116e-01 1.376042e-01 1.298812e-01 1.219547e-01 1.138372e-01 1.055413e-01 9.708007e-02 8.846674e-02 7.971482e-02 7.083800e-02 6.185021e-02 5.276551e-02 4.359815e-02 3.436248e-02 2.507297e-02 1.574419e-02 6.390733e-03 -2.972732e-03 -1.233154e-02 -2.167103e-02 -3.097656e-02 -4.023357e-02 -4.942754e-02 -5.854407e-02 -6.756889e-02 -7.648784e-02 -8.528696e-02 -9.395246e-02 -1.024708e-01 -1.108285e-01 -1.190127e-01 -1.270103e-01 -1.348090e-01 -1.423965e-01 -1.497609e-01 -1.568907e-01 -1.637746e-01 -1.704020e-01 -1.767624e-01 -1.828459e-01 -1.886429e-01 -1.941444e-01 -1.993417e-01 -2.042267e-01 -2.087917e-01 -2.130297e-01 -2.169338e-01 -2.204981e-01 -2.237170e-01 -2.265853e-01 -2.290987e-01 -2.312531e-01 -2.330453e-01 -2.344723e-01 -2.355320e-01 -2.362226e-01 -2.365432e-01 
2.018203e-01 2.016622e-01 2.011882e-01 2.003989e-01 1.992957e-01 1.978803e-01 1.961548e-01 1.941221e-01 1.917852e-01 1.891478e-01 1.862141e-01 1.829886e-01 1.794765e-01 1.756832e-01 1.716146e-01 1.672772e-01 1.626777e-01 1.578233e-01 1.527217e-01 1.473808e-01 1.418090e-01 1.360151e-01 1.300080e-01 1.237973e-01 1.173926e-01 1.108039e-01 1.040417e-01 9.711652e-02 9.003916e-02 8.282073e-02 7.547255e-02 6.800613e-02 6.043316e-02 5.276551e-02 4.501519e-02 3.719435e-02 2.931524e-02 2.139020e-02 1.343164e-02 5.452048e-03 -2.536091e-03 -1.052026e-02 -1.848794e-02 -2.642666e-02 -3.432397e-02 -4.216751e-02 -4.994499e-02 -5.764422e-02 -6.525314e-02 -7.275982e-02 -8.015251e-02 -8.741963e-02 -9.454979e-02 -1.015318e-01 -1.083548e-01 -1.150080e-01 -1.214810e-01 -1.277637e-01 -1.338462e-01 -1.397191e-01 -1.453730e-01 -1.507992e-01 -1.559891e-01 -1.609346e-01 -1.656280e-01 -1.700619e-01 -1.742294e-01 -1.781239e-01 -1.817394e-01 -1.850701e-01 -1.881109e-01 -1.908569e-01 -1.933040e-01 -1.954482e-01 -1.972862e-01 -1.988151e-01 -2.000325e-01 -2.009365e-01 -2.015257e-01 -2.017992e-01 
1.667565e-01 1.666259e-01 1.662342e-01 1.655821e-01 1.646705e-01 1.635010e-01 1.620753e-01 1.603957e-01 1.584648e-01 1.562857e-01 1.538617e-01 1.511966e-01 1.482946e-01 1.451604e-01 1.417987e-01 1.382148e-01 1.344144e-01 1.304035e-01 1.261882e-01 1.217752e-01 1.171714e-01 1.123841e-01 1.074207e-01 1.022890e-01 9.699703e-02 9.155311e-02 8.596575e-02 8.024371e-02 7.439595e-02 6.843164e-02 6.236012e-02 5.619089e-02 4.993363e-02 4.359815e-02 3.719435e-02 3.073229e-02 2.422207e-02 1.767391e-02 1.109806e-02 4.504821e-03 -2.095476e-03 -8.692490e-03 -1.527588e-02 -2.183535e-02 -2.836060e-02 -3.484142e-02 -4.126766e-02 -4.762924e-02 -5.391620e-02 -6.011869e-02 -6.622699e-02 -7.223154e-02 -7.812292e-02 -8.389190e-02 -8.952946e-02 -9.502675e-02 -1.003752e-01 -1.055663e-01 -1.105921e-01 -1.154446e-01 -1.201162e-01 -1.245997e-01 -1.288879e-01 -1.329742e-01 -1.368522e-01 -1.405158e-01 -1.439592e-01 -1.471771e-01 -1.501644e-01 -1.529164e-01 -1.554289e-01 -1.576979e-01 -1.597198e-01 -1.614914e-01 -1.630101e-01 -1.642734e-01 -1.652793e-01 -1.660262e-01 -1.665131e-01 -1.667391e-01 
1.314314e-01 1.313284e-01 1.310197e-01 1.305058e-01 1.297873e-01 1.288656e-01 1.277419e-01 1.264181e-01 1.248962e-01 1.231787e-01 1.212682e-01 1.191677e-01 1.168805e-01 1.144101e-01 1.117606e-01 1.089359e-01 1.059406e-01 1.027793e-01 9.945694e-02 9.597879e-02 9.235027e-02 8.857707e-02 8.466509e-02 8.062047e-02 7.644954e-02 7.215884e-02 6.775508e-02 6.324518e-02 5.863619e-02 5.393534e-02 4.914998e-02 4.428762e-02 3.935588e-02 3.436248e-02 2.931524e-02 2.422207e-02 1.909096e-02 1.392994e-02 8.747088e-03 3.550536e-03 -1.651578e-03 -6.851105e-03 -1.203990e-02 -1.720983e-02 -2.235280e-02 -2.746074e-02 -3.252567e-02 -3.753964e-02 -4.249479e-02 -4.738337e-02 -5.219771e-02 -5.693028e-02 -6.157365e-02 -6.612056e-02 -7.056387e-02 -7.489663e-02 -7.911206e-02 -8.320353e-02 -8.716466e-02 -9.098922e-02 -9.467123e-02 -9.820492e-02 -1.015848e-01 -1.048054e-01 -1.078619e-01 -1.107494e-01 -1.134634e-01 -1.159996e-01 -1.183541e-01 -1.205232e-01 -1.225034e-01 -1.242917e-01 -1.258853e-01 -1.272817e-01 -1.284786e-01 -1.294743e-01 -1.302671e-01 -1.308559e-01 -1.312396e-01 -1.314177e-01 
