9.048374e-01 9.041398e-01 9.020481e-01 8.985655e-01 8.936974e-01 8.874512e-01 8.798367e-01 8.708655e-01 8.605515e-01 8.489106e-01 8.359608e-01 8.217219e-01 8.062160e-01 7.894670e-01 7.715007e-01 7.523448e-01 7.320288e-01 7.105841e-01 6.880438e-01 6.644425e-01 6.398167e-01 6.142043e-01 5.876449e-01 5.601794e-01 5.318501e-01 5.027007e-01 4.727763e-01 4.421228e-01 4.107876e-01 3.788190e-01 3.462663e-01 3.131797e-01 2.796101e-01 2.456095e-01 2.112301e-01 1.765250e-01 1.415478e-01 1.063522e-01 7.099273e-02 3.552375e-02 5.540531e-17 -3.552375e-02 -7.099273e-02 -1.063522e-01 -1.415478e-01 -1.765250e-01 -2.112301e-01 -2.456095e-01 -2.796101e-01 -3.131797e-01 -3.462663e-01 -3.788190e-01 -4.107876e-01 -4.421228e-01 -4.727763e-01 -5.027007e-01 -5.318501e-01 -5.601794e-01 -5.876449e-01 -6.142043e-01 -6.398167e-01 -6.644425e-01 -6.880438e-01 -7.105841e-01 -7.320288e-01 -7.523448e-01 -7.715007e-01 -7.894670e-01 -8.062160e-01 -8.217219e-01 -8.359608e-01 -8.489106e-01 -8.605515e-01 -8.708655e-01 -8.798367e-01 -8.874512e-01 -8.936974e-01 -8.985655e-01 -9.020481e-01 -9.041398e-01 -9.048374e-01 
9.041398e-01 9.034428e-01 9.013527e-01 8.978727e-01 8.930084e-01 8.867670e-01 8.791584e-01 8.701941e-01 8.598881e-01 8.482561e-01 8.353163e-01 8.210884e-01 8.055945e-01 7.888584e-01 7.709059e-01 7.517648e-01 7.314645e-01 7.100363e-01 6.875133e-01 6.639302e-01 6.393234e-01 6.137308e-01 5.871918e-01 5.597475e-01 5.314401e-01 5.023132e-01 4.724118e-01 4.417819e-01 4.104709e-01 3.785269e-01 3.459993e-01 3.129382e-01 2.793946e-01 2.454201e-01 2.110672e-01 1.763889e-01 1.414386e-01 1.062702e-01 7.093799e-02 3.549636e-02 5.536260e-17 -3.549636e-02 -7.093799e-02 -1.062702e-01 -1.414386e-01 -1.763889e-01 -2.110672e-01 -2.454201e-01 -2.793946e-01 -3.129382e-01 -3.459993e-01 -3.785269e-01 -4.104709e-01 -4.417819e-01 -4.724118e-01 -5.023132e-01 -5.314401e-01 -5.597475e-01 -5.871918e-01 -6.137308e-01 -6.393234e-01 -6.639302e-01 -6.875133e-01 -7.100363e-01 -7.314645e-01 -7.517648e-01 -7.709059e-01 -7.888584e-01 -8.055945e-01 -8.210884e-01 -8.353163e-01 -8.482561e-01 -8.598881e-01 -8.701941e-01 -8.791584e-01 -8.867670e-01 -8.930084e-01 -8.978727e-01 -9.013527e-01 -9.034428e-01 -9.041398e-01 
9.020481e-01 9.013527e-01 8.992674e-01 8.957955e-01 8.909424e-01 8.847155e-01 8.771244e-01 8.681809e-01 8.578987e-01 8.462937e-01 8.333838e-01 8.191888e-01 8.037307e-01 7.870334e-01 7.691224e-01 7.500256e-01 7.297722e-01 7.083937e-01 6.859228e-01 6.623942e-01 6.378443e-01 6.123109e-01 5.858334e-01 5.584525e-01 5.302106e-01 5.011511e-01 4.713188e-01 4.407599e-01 4.095213e-01 3.776512e-01 3.451989e-01 3.122142e-01 2.787482e-01 2.448523e-01 2.105789e-01 1.759809e-01 1.411114e-01 1.060244e-01 7.077388e-02 3.541424e-02 5.523452e-17 -3.541424e-02 -7.077388e-02 -1.060244e-01 -1.411114e-01 -1.759809e-01 -2.105789e-01 -2.448523e-01 -2.787482e-01 -3.122142e-01 -3.451989e-01 -3.776512e-01 -4.095213e-01 -4.407599e-01 -4.713188e-01 -5.011511e-01 -5.302106e-01 -5.584525e-01 -5.858334e-01 -6.123109e-01 -6.378443e-01 -6.623942e-01 -6.859228e-01 -7.083937e-01 -7.297722e-01 -7.500256e-01 -7.691224e-01 -7.870334e-01 -8.037307e-01 -8.191888e-01 -8.333838e-01 -8.462937e-01 -8.578987e-01 -8.681809e-01 -8.771244e-01 -8.847155e-01 -8.909424e-01 -8.957955e-01 -8.992674e-01 -9.013527e-01 -9.020481e-01 
8.985655e-01 8.978727e-01 8.957955e-01 8.923371e-01 8.875027e-01 8.812998e-01 8.737381e-01 8.648291e-01 8.545866e-01 8.430264e-01 8.301663e-01 8.160261e-01 8.006277e-01 7.839948e-01 7.661530e-01 7.471299e-01 7.269548e-01 7.056587e-01 6.832746e-01 6.598369e-01 6.353818e-01 6.099469e-01 5.835716e-01 5.562965e-01 5.281635e-01 4.992162e-01 4.694992e-01 4.390582e-01 4.079402e-01 3.761932e-01 3.438661e-01 3.110088e-01 2.776720e-01 2.439070e-01 2.097659e-01 1.753014e-01 1.405666e-01 1.056151e-01 7.050064e-02 3.527752e-02 5.502127e-17 -3.527752e-02 -7.050064e-02 -1.056151e-01 -1.405666e-01 -1.753014e-01 -2.097659e-01 -2.439070e-01 -2.776720e-01 -3.110088e-01 -3.438661e-01 -3.761932e-01 -4.079402e-01 -4.390582e-01 -4.694992e-01 -4.992162e-01 -5.281635e-01 -5.562965e-01 -5.835716e-01 -6.099469e-01 -6.353818e-01 -6.598369e-01 -6.832746e-01 -7.056587e-01 -7.269548e-01 -7.471299e-01 -7.661530e-01 -7.839948e-01 -8.006277e-01 -8.160261e-01 -8.301663e-01 -8.430264e-01 -8.545866e-01 -8.648291e-01 -8.737381e-01 -8.812998e-01 -8.875027e-01 -8.923371e-01 -8.957955e-01 -8.978727e-01 -8.985655e-01 
8.936974e-01 8.930084e-01 8.909424e-01 8.875027e-01 8.826945e-01 8.765252e-01 8.690044e-01 8.601437e-01 8.499567e-01 8.384591e-01 8.256687e-01 8.116052e-01 7.962902e-01 7.797474e-01 7.620023e-01 7.430822e-01 7.230164e-01 7.018357e-01 6.795728e-01 6.562621e-01 6.319395e-01 6.066424e-01 5.804100e-01 5.532826e-01 5.253021e-01 4.965117e-01 4.669556e-01 4.366795e-01 4.057301e-01 3.741551e-01 3.420032e-01 3.093239e-01 2.761677e-01 2.425856e-01 2.086295e-01 1.743517e-01 1.398051e-01 1.050429e-01 7.011869e-02 3.508639e-02 5.472318e-17 -3.508639e-02 -7.011869e-02 -1.050429e-01 -1.398051e-01 -1.743517e-01 -2.086295e-01 -2.425856e-01 -2.761677e-01 -3.093239e-01 -3.420032e-01 -3.741551e-01 -4.057301e-01 -4.366795e-01 -4.669556e-01 -4.965117e-01 -5.253021e-01 -5.532826e-01 -5.804100e-01 -6.066424e-01 -6.319395e-01 -6.562621e-01 -6.795728e-01 -7.018357e-01 -7.230164e-01 -7.430822e-01 -7.620023e-01 -7.797474e-01 -7.962902e-01 -8.116052e-01 -8.256687e-01 -8.384591e-01 -8.499567e-01 -8.601437e-01 -8.690044e-01 -8.765252e-01 -8.826945e-01 -8.875027e-01 -8.909424e-01 -8.930084e-01 -8.936974e-01 
8.874512e-01 8.867670e-01 8.847155e-01 8.812998e-01 8.765252e-01 8.703991e-01 8.629309e-01 8.541321e-01 8.440163e-01 8.325990e-01 8.198980e-01 8.059328e-01 7.907248e-01 7.742976e-01 7.566766e-01 7.378887e-01 7.179631e-01 6.969305e-01 6.748232e-01 6.516754e-01 6.275228e-01 6.024026e-01 5.763535e-01 5.494157e-01 5.216307e-01 4.930415e-01 4.636920e-01 4.336275e-01 4.028944e-01 3.715401e-01 3.396129e-01 3.071620e-01 2.742375e-01 2.408902e-01 2.071714e-01 1.731331e-01 1.388280e-01 1.043087e-01 6.962862e-02 3.484117e-02 5.434071e-17 -3.484117e-02 -6.962862e-02 -1.043087e-01 -1.388280e-01 -1.731331e-01 -2.071714e-01 -2.408902e-01 -2.742375e-01 -3.071620e-01 -3.396129e-01 -3.715401e-01 -4.028944e-01 -4.336275e-01 -4.636920e-01 -4.930415e-01 -5.216307e-01 -5.494157e-01 -5.763535e-01 -6.024026e-01 -6.275228e-01 -6.516754e-01 -6.748232e-01 -6.969305e-01 -7.179631e-01 -7.378887e-01 -7.566766e-01 -7.742976e-01 -7.907248e-01 -8.059328e-01 -8.198980e-01 -8.325990e-01 -8.440163e-01 -8.541321e-01 -8.629309e-01 -8.703991e-01 -8.765252e-01 -8.812998e-01 -8.847155e-01 -8.867670e-01 -8.874512e-01 
8.798367e-01 8.791584e-01 8.771244e-01 8.737381e-01 8.690044e-01 8.629309e-01 8.555267e-01 8.468034e-01 8.367744e-01 8.254552e-01 8.128631e-01 7.990177e-01 7.839402e-01 7.676540e-01 7.501841e-01 7.315575e-01 7.118028e-01 6.909506e-01 6.690331e-01 6.460839e-01 6.221385e-01 5.972338e-01 5.714082e-01 5.447016e-01 5.171550e-01 4.888111e-01 4.597134e-01 4.299069e-01 3.994375e-01 3.683522e-01 3.366989e-01 3.045265e-01 2.718845e-01 2.388233e-01 2.053938e-01 1.716476e-01 1.376368e-01 1.034137e-01 6.903119e-02 3.454223e-02 5.387446e-17 -3.454223e-02 -6.903119e-02 -1.034137e-01 -1.376368e-01 -1.716476e-01 -2.053938e-01 -2.388233e-01 -2.718845e-01 -3.045265e-01 -3.366989e-01 -3.683522e-01 -3.994375e-01 -4.299069e-01 -4.597134e-01 -4.888111e-01 -5.171550e-01 -5.447016e-01 -5.714082e-01 -5.972338e-01 -6.221385e-01 -6.460839e-01 -6.690331e-01 -6.909506e-01 -7.118028e-01 -7.315575e-01 -7.501841e-01 -7.676540e-01 -7.839402e-01 -7.990177e-01 -8.128631e-01 -8.254552e-01 -8.367744e-01 -8.468034e-01 -8.555267e-01 -8.629309e-01 -8.690044e-01 -8.737381e-01 -8.771244e-01 -8.791584e-01 -8.798367e-01 
8.708655e-01 8.701941e-01 8.681809e-01 8.648291e-01 8.601437e-01 8.541321e-01 8.468034e-01 8.381691e-01 8.282423e-01 8.170385e-01 8.045748e-01 7.908706e-01 7.759469e-01 7.598267e-01 7.425349e-01 7.240982e-01 7.045450e-01 6.839054e-01 6.622113e-01 6.394961e-01 6.157949e-01 5.911442e-01 5.655819e-01 5.391476e-01 5.118819e-01 4.838270e-01 4.550260e-01 4.255234e-01 3.953647e-01 3.645963e-01 3.332658e-01 3.014214e-01 2.691122e-01 2.363881e-01 2.032995e-01 1.698974e-01 1.362334e-01 1.023593e-01 6.832732e-02 3.419002e-02 5.332513e-17 -3.419002e-02 -6.832732e-02 -1.023593e-01 -1.362334e-01 -1.698974e-01 -2.032995e-01 -2.363881e-01 -2.691122e-01 -3.014214e-01 -3.332658e-01 -3.645963e-01 -3.953647e-01 -4.255234e-01 -4.550260e-01 -4.838270e-01 -5.118819e-01 -5.391476e-01 -5.655819e-01 -5.911442e-01 -6.157949e-01 -6.394961e-01 -6.622113e-01 -6.839054e-01 -7.045450e-01 -7.240982e-01 -7.425349e-01 -7.598267e-01 -7.759469e-01 -7.908706e-01 -8.045748e-01 -8.170385e-01 -8.282423e-01 -8.381691e-01 -8.468034e-01 -8.541321e-01 -8.601437e-01 -8.648291e-01 -8.681809e-01 -8.701941e-01 -8.708655e-01 
8.605515e-01 8.598881e-01 8.578987e-01 8.545866e-01 8.499567e-01 8.440163e-01 8.367744e-01 8.282423e-01 8.184331e-01 8.073620e-01 7.950459e-01 7.815040e-01 7.667570e-01 7.508278e-01 7.337408e-01 7.155224e-01 6.962008e-01 6.758057e-01 6.543685e-01 6.319224e-01 6.085018e-01 5.841430e-01 5.588835e-01 5.327622e-01 5.058195e-01 4.780968e-01 4.496369e-01 4.204838e-01 3.906822e-01 3.602783e-01 3.293188e-01 2.978516e-01 2.659250e-01 2.335885e-01 2.008918e-01 1.678853e-01 1.346199e-01 1.011470e-01 6.751809e-02 3.378509e-02 5.269358e-17 -3.378509e-02 -6.751809e-02 -1.011470e-01 -1.346199e-01 -1.678853e-01 -2.008918e-01 -2.335885e-01 -2.659250e-01 -2.978516e-01 -3.293188e-01 -3.602783e-01 -3.906822e-01 -4.204838e-01 -4.496369e-01 -4.780968e-01 -5.058195e-01 -5.327622e-01 -5.588835e-01 -5.841430e-01 -6.085018e-01 -6.319224e-01 -6.543685e-01 -6.758057e-01 -6.962008e-01 -7.155224e-01 -7.337408e-01 -7.508278e-01 -7.667570e-01 -7.815040e-01 -7.950459e-01 -8.073620e-01 -8.184331e-01 -8.282423e-01 -8.367744e-01 -8.440163e-01 -8.499567e-01 -8.545866e-01 -8.578987e-01 -8.598881e-01 -8.605515e-01 
8.489106e-01 8.482561e-01 8.462937e-01 8.430264e-01 8.384591e-01 8.325990e-01 8.254552e-01 8.170385e-01 8.073620e-01 7.964406e-01 7.842912e-01 7.709324e-01 7.563849e-01 7.406711e-01 7.238153e-01 7.058434e-01 6.867831e-01 6.666639e-01 6.455167e-01 6.233742e-01 6.002705e-01 5.762412e-01 5.513233e-01 5.255554e-01 4.989771e-01 4.716295e-01 4.435546e-01 4.147958e-01 3.853974e-01 3.554047e-01 3.248640e-01 2.938224e-01 2.623278e-01 2.304287e-01 1.981742e-01 1.656142e-01 1.327989e-01 9.977875e-02 6.660476e-02 3.332807e-02 5.198078e-17 -3.332807e-02 -6.660476e-02 -9.977875e-02 -1.327989e-01 -1.656142e-01 -1.981742e-01 -2.304287e-01 -2.623278e-01 -2.938224e-01 -3.248640e-01 -3.554047e-01 -3.853974e-01 -4.147958e-01 -4.435546e-01 -4.716295e-01 -4.989771e-01 -5.255554e-01 -5.513233e-01 -5.762412e-01 -6.002705e-01 -6.233742e-01 -6.455167e-01 -6.666639e-01 -6.867831e-01 -7.058434e-01 -7.238153e-01 -7.406711e-01 -7.563849e-01 -7.709324e-01 -7.842912e-01 -7.964406e-01 -8.073620e-01 -8.170385e-01 -8.254552e-01 -8.325990e-01 -8.384591e-01 -8.430264e-01 -8.462937e-01 -8.482561e-01 -8.489106e-01 
8.359608e-01 8.353163e-01 8.333838e-01 8.301663e-01 8.256687e-01 8.198980e-01 8.128631e-01 8.045748e-01 7.950459e-01 7.842912e-01 7.723270e-01 7.591721e-01 7.448465e-01 7.293724e-01 7.127737e-01 6.950760e-01 6.763065e-01 6.564941e-01 6.356696e-01 6.138648e-01 5.911135e-01 5.674508e-01 5.429131e-01 5.175383e-01 4.913654e-01 4.644349e-01 4.367883e-01 4.084682e-01 3.795182e-01 3.499831e-01 3.199083e-01 2.893403e-01 2.583261e-01 2.269136e-01 1.951512e-01 1.630879e-01 1.307731e-01 9.825665e-02 6.558873e-02 3.281967e-02 5.118783e-17 -3.281967e-02 -6.558873e-02 -9.825665e-02 -1.307731e-01 -1.630879e-01 -1.951512e-01 -2.269136e-01 -2.583261e-01 -2.893403e-01 -3.199083e-01 -3.499831e-01 -3.795182e-01 -4.084682e-01 -4.367883e-01 -4.644349e-01 -4.913654e-01 -5.175383e-01 -5.429131e-01 -5.674508e-01 -5.911135e-01 -6.138648e-01 -6.356696e-01 -6.564941e-01 -6.763065e-01 -6.950760e-01 -7.127737e-01 -7.293724e-01 -7.448465e-01 -7.591721e-01 -7.723270e-01 -7.842912e-01 -7.950459e-01 -8.045748e-01 -8.128631e-01 -8.198980e-01 -8.256687e-01 -8.301663e-01 -8.333838e-01 -8.353163e-01 -8.359608e-01 
8.217219e-01 8.210884e-01 8.191888e-01 8.160261e-01 8.116052e-01 8.059328e-01 7.990177e-01 7.908706e-01 7.815040e-01 7.709324e-01 7.591721e-01 7.462412e-01 7.321596e-01 7.169491e-01 7.006331e-01 6.832368e-01 6.647870e-01 6.453121e-01 6.248423e-01 6.034089e-01 5.810451e-01 5.577855e-01 5.336657e-01 5.087231e-01 4.829960e-01 4.565242e-01 4.293485e-01 4.015108e-01 3.730539e-01 3.440219e-01 3.144594e-01 2.844120e-01 2.539260e-01 2.230486e-01 1.918272e-01 1.603100e-01 1.285456e-01 9.658306e-02 6.447156e-02 3.226065e-02 5.031596e-17 -3.226065e-02 -6.447156e-02 -9.658306e-02 -1.285456e-01 -1.603100e-01 -1.918272e-01 -2.230486e-01 -2.539260e-01 -2.844120e-01 -3.144594e-01 -3.440219e-01 -3.730539e-01 -4.015108e-01 -4.293485e-01 -4.565242e-01 -4.829960e-01 -5.087231e-01 -5.336657e-01 -5.577855e-01 -5.810451e-01 -6.034089e-01 -6.248423e-01 -6.453121e-01 -6.647870e-01 -6.832368e-01 -7.006331e-01 -7.169491e-01 -7.321596e-01 -7.462412e-01 -7.591721e-01 -7.709324e-01 -7.815040e-01 -7.908706e-01 -7.990177e-01 -8.059328e-01 -8.116052e-01 -8.160261e-01 -8.191888e-01 -8.210884e-01 -8.217219e-01 
8.062160e-01 8.055945e-01 8.037307e-01 8.006277e-01 7.962902e-01 7.907248e-01 7.839402e-01 7.759469e-01 7.667570e-01 7.563849e-01 7.448465e-01 7.321596e-01 7.183438e-01 7.034203e-01 6.874122e-01 6.703441e-01 6.522425e-01 6.331351e-01 6.130515e-01 5.920226e-01 5.700808e-01 5.472601e-01 5.235954e-01 4.991235e-01 4.738819e-01 4.479096e-01 4.212467e-01 3.939343e-01 3.660144e-01 3.375302e-01 3.085255e-01 2.790451e-01 2.491345e-01 2.188396e-01 1.882074e-01 1.572849e-01 1.261200e-01 9.476054e-02 6.325498e-02 3.165189e-02 4.936649e-17 -3.165189e-02 -6.325498e-02 -9.476054e-02 -1.261200e-01 -1.572849e-01 -1.882074e-01 -2.188396e-01 -2.491345e-01 -2.790451e-01 -3.085255e-01 -3.375302e-01 -3.660144e-01 -3.939343e-01 -4.212467e-01 -4.479096e-01 -4.738819e-01 -4.991235e-01 -5.235954e-01 -5.472601e-01 -5.700808e-01 -5.920226e-01 -6.130515e-01 -6.331351e-01 -6.522425e-01 -6.703441e-01 -6.874122e-01 -7.034203e-01 -7.183438e-01 -7.321596e-01 -7.448465e-01 -7.563849e-01 -7.667570e-01 -7.759469e-01 -7.839402e-01 -7.907248e-01 -7.962902e-01 -8.006277e-01 -8.037307e-01 -8.055945e-01 -8.062160e-01 
7.894670e-01 7.888584e-01 7.870334e-01 7.839948e-01 7.797474e-01 7.742976e-01 7.676540e-01 7.598267e-01 7.508278e-01 7.406711e-01 7.293724e-01 7.169491e-01 7.034203e-01 6.888068e-01 6.731313e-01 6.564178e-01 6.386922e-01 6.199818e-01 6.003154e-01 5.797234e-01 5.582375e-01 5.358908e-01 5.127178e-01 4.887543e-01 4.640371e-01 4.386044e-01 4.124954e-01 3.857504e-01 3.584105e-01 3.305181e-01 3.021160e-01 2.732480e-01 2.439587e-01 2.142933e-01 1.842974e-01 1.540174e-01 1.234999e-01 9.279190e-02 6.194087e-02 3.099433e-02 4.834091e-17 -3.099433e-02 -6.194087e-02 -9.279190e-02 -1.234999e-01 -1.540174e-01 -1.842974e-01 -2.142933e-01 -2.439587e-01 -2.732480e-01 -3.021160e-01 -3.305181e-01 -3.584105e-01 -3.857504e-01 -4.124954e-01 -4.386044e-01 -4.640371e-01 -4.887543e-01 -5.127178e-01 -5.358908e-01 -5.582375e-01 -5.797234e-01 -6.003154e-01 -6.199818e-01 -6.386922e-01 -6.564178e-01 -6.731313e-01 -6.888068e-01 -7.034203e-01 -7.169491e-01 -7.293724e-01 -7.406711e-01 -7.508278e-01 -7.598267e-01 -7.676540e-01 -7.742976e-01 -7.797474e-01 -7.839948e-01 -7.870334e-01 -7.888584e-01 -7.894670e-01 
7.715007e-01 7.709059e-01 7.691224e-01 7.661530e-01 7.620023e-01 7.566766e-01 7.501841e-01 7.425349e-01 7.337408e-01 7.238153e-01 7.127737e-01 7.006331e-01 6.874122e-01 6.731313e-01 6.578125e-01 6.414794e-01 6.241572e-01 6.058726e-01 5.866538e-01 5.665303e-01 5.455334e-01 5.236953e-01 5.010496e-01 4.776314e-01 4.534767e-01 4.286228e-01 4.031080e-01 3.769716e-01 3.502540e-01 3.229963e-01 2.952405e-01 2.670296e-01 2.384068e-01 2.094165e-01 1.801033e-01 1.505123e-01 1.206893e-01 9.068019e-02 6.053125e-02 3.028898e-02 4.724079e-17 -3.028898e-02 -6.053125e-02 -9.068019e-02 -1.206893e-01 -1.505123e-01 -1.801033e-01 -2.094165e-01 -2.384068e-01 -2.670296e-01 -2.952405e-01 -3.229963e-01 -3.502540e-01 -3.769716e-01 -4.031080e-01 -4.286228e-01 -4.534767e-01 -4.776314e-01 -5.010496e-01 -5.236953e-01 -5.455334e-01 -5.665303e-01 -5.866538e-01 -6.058726e-01 -6.241572e-01 -6.414794e-01 -6.578125e-01 -6.731313e-01 -6.874122e-01 -7.006331e-01 -7.127737e-01 -7.238153e-01 -7.337408e-01 -7.425349e-01 -7.501841e-01 -7.566766e-01 -7.620023e-01 -7.661530e-01 -7.691224e-01 -7.709059e-01 -7.715007e-01 
7.523448e-01 7.517648e-01 7.500256e-01 7.471299e-01 7.430822e-01 7.378887e-01 7.315575e-01 7.240982e-01 7.155224e-01 7.058434e-01 6.950760e-01 6.832368e-01 6.703441e-01 6.564178e-01 6.414794e-01 6.255519e-01 6.086597e-01 5.908291e-01 5.720875e-01 5.524637e-01 5.319881e-01 5.106922e-01 4.886089e-01 4.657721e-01 4.422172e-01 4.179804e-01 3.930991e-01 3.676117e-01 3.415574e-01 3.149765e-01 2.879099e-01 2.603994e-01 2.324873e-01 2.042168e-01 1.756314e-01 1.467752e-01 1.176927e-01 8.842865e-02 5.902829e-02 2.953692e-02 4.606783e-17 -2.953692e-02 -5.902829e-02 -8.842865e-02 -1.176927e-01 -1.467752e-01 -1.756314e-01 -2.042168e-01 -2.324873e-01 -2.603994e-01 -2.879099e-01 -3.149765e-01 -3.415574e-01 -3.676117e-01 -3.930991e-01 -4.179804e-01 -4.422172e-01 -4.657721e-01 -4.886089e-01 -5.106922e-01 -5.319881e-01 -5.524637e-01 -5.720875e-01 -5.908291e-01 -6.086597e-01 -6.255519e-01 -6.414794e-01 -6.564178e-01 -6.703441e-01 -6.832368e-01 -6.950760e-01 -7.058434e-01 -7.155224e-01 -7.240982e-01 -7.315575e-01 -7.378887e-01 -7.430822e-01 -7.471299e-01 -7.500256e-01 -7.517648e-01 -7.523448e-01 
7.320288e-01 7.314645e-01 7.297722e-01 7.269548e-01 7.230164e-01 7.179631e-01 7.118028e-01 7.045450e-01 6.962008e-01 6.867831e-01 6.763065e-01 6.647870e-01 6.522425e-01 6.386922e-01 6.241572e-01 6.086597e-01 5.922238e-01 5.748746e-01 5.566391e-01 5.375453e-01 5.176226e-01 4.969017e-01 4.754147e-01 4.531946e-01 4.302758e-01 4.066934e-01 3.824840e-01 3.576848e-01 3.323341e-01 3.064710e-01 2.801353e-01 2.533677e-01 2.262094e-01 1.987022e-01 1.708887e-01 1.428117e-01 1.145145e-01 8.604077e-02 5.743432e-02 2.873932e-02 4.482384e-17 -2.873932e-02 -5.743432e-02 -8.604077e-02 -1.145145e-01 -1.428117e-01 -1.708887e-01 -1.987022e-01 -2.262094e-01 -2.533677e-01 -2.801353e-01 -3.064710e-01 -3.323341e-01 -3.576848e-01 -3.824840e-01 -4.066934e-01 -4.302758e-01 -4.531946e-01 -4.754147e-01 -4.969017e-01 -5.176226e-01 -5.375453e-01 -5.566391e-01 -5.748746e-01 -5.922238e-01 -6.086597e-01 -6.241572e-01 -6.386922e-01 -6.522425e-01 -6.647870e-01 -6.763065e-01 -6.867831e-01 -6.962008e-01 -7.045450e-01 -7.118028e-01 -7.179631e-01 -7.230164e-01 -7.269548e-01 -7.297722e-01 -7.314645e-01 -7.320288e-01 
7.105841e-01 7.100363e-01 7.083937e-01 7.056587e-01 7.018357e-01 6.969305e-01 6.909506e-01 6.839054e-01 6.758057e-01 6.666639e-01 6.564941e-01 6.453121e-01 6.331351e-01 6.199818e-01 6.058726e-01 5.908291e-01 5.748746e-01 5.580338e-01 5.403324e-01 5.217979e-01 5.024589e-01 4.823450e-01 4.614875e-01 4.399183e-01 4.176709e-01 3.947794e-01 3.712792e-01 3.472065e-01 3.225985e-01 2.974930e-01 2.719288e-01 2.459453e-01 2.195826e-01 1.928813e-01 1.658826e-01 1.386281e-01 1.111599e-01 8.352021e-02 5.575179e-02 2.789740e-02 4.351073e-17 -2.789740e-02 -5.575179e-02 -8.352021e-02 -1.111599e-01 -1.386281e-01 -1.658826e-01 -1.928813e-01 -2.195826e-01 -2.459453e-01 -2.719288e-01 -2.974930e-01 -3.225985e-01 -3.472065e-01 -3.712792e-01 -3.947794e-01 -4.176709e-01 -4.399183e-01 -4.614875e-01 -4.823450e-01 -5.024589e-01 -5.217979e-01 -5.403324e-01 -5.580338e-01 -5.748746e-01 -5.908291e-01 -6.058726e-01 -6.199818e-01 -6.331351e-01 -6.453121e-01 -6.564941e-01 -6.666639e-01 -6.758057e-01 -6.839054e-01 -6.909506e-01 -6.969305e-01 -7.018357e-01 -7.056587e-01 -7.083937e-01 -7.100363e-01 -7.105841e-01 
6.880438e-01 6.875133e-01 6.859228e-01 6.832746e-01 6.795728e-01 6.748232e-01 6.690331e-01 6.622113e-01 6.543685e-01 6.455167e-01 6.356696e-01 6.248423e-01 6.130515e-01 6.003154e-01 5.866538e-01 5.720875e-01 5.566391e-01 5.403324e-01 5.231926e-01 5.052460e-01 4.865204e-01 4.670446e-01 4.468487e-01 4.259637e-01 4.044220e-01 3.822566e-01 3.595019e-01 3.361928e-01 3.123653e-01 2.880562e-01 2.633030e-01 2.381437e-01 2.126172e-01 1.867629e-01 1.606206e-01 1.342307e-01 1.076338e-01 8.087087e-02 5.398329e-02 2.701247e-02 4.213053e-17 -2.701247e-02 -5.398329e-02 -8.087087e-02 -1.076338e-01 -1.342307e-01 -1.606206e-01 -1.867629e-01 -2.126172e-01 -2.381437e-01 -2.633030e-01 -2.880562e-01 -3.123653e-01 -3.361928e-01 -3.595019e-01 -3.822566e-01 -4.044220e-01 -4.259637e-01 -4.468487e-01 -4.670446e-01 -4.865204e-01 -5.052460e-01 -5.231926e-01 -5.403324e-01 -5.566391e-01 -5.720875e-01 -5.866538e-01 -6.003154e-01 -6.130515e-01 -6.248423e-01 -6.356696e-01 -6.455167e-01 -6.543685e-01 -6.622113e-01 -6.690331e-01 -6.748232e-01 -6.795728e-01 -6.832746e-01 -6.859228e-01 -6.875133e-01 -6.880438e-01 
6.644425e-01 6.639302e-01 6.623942e-01 6.598369e-01 6.562621e-01 6.516754e-01 6.460839e-01 6.394961e-01 6.319224e-01 6.233742e-01 6.138648e-01 6.034089e-01 5.920226e-01 5.797234e-01 5.665303e-01 5.524637e-01 5.375453e-01 5.217979e-01 5.052460e-01 4.879151e-01 4.698318e-01 4.510241e-01 4.315209e-01 4.113523e-01 3.905495e-01 3.691445e-01 3.471702e-01 3.246607e-01 3.016506e-01 2.781753e-01 2.542711e-01 2.299749e-01 2.053240e-01 1.803566e-01 1.551110e-01 1.296263e-01 1.039417e-01 7.809684e-02 5.213156e-02 2.608589e-02 4.068537e-17 -2.608589e-02 -5.213156e-02 -7.809684e-02 -1.039417e-01 -1.296263e-01 -1.551110e-01 -1.803566e-01 -2.053240e-01 -2.299749e-01 -2.542711e-01 -2.781753e-01 -3.016506e-01 -3.246607e-01 -3.471702e-01 -3.691445e-01 -3.905495e-01 -4.113523e-01 -4.315209e-01 -4.510241e-01 -4.698318e-01 -4.879151e-01 -5.052460e-01 -5.217979e-01 -5.375453e-01 -5.524637e-01 -5.665303e-01 -5.797234e-01 -5.920226e-01 -6.034089e-01 -6.138648e-01 -6.233742e-01 -6.319224e-01 -6.394961e-01 -6.460839e-01 -6.516754e-01 -6.562621e-01 -6.598369e-01 -6.623942e-01 -6.639302e-01 -6.644425e-01 
6.398167e-01 6.393234e-01 6.378443e-01 6.353818e-01 6.319395e-01 6.275228e-01 6.221385e-01 6.157949e-01 6.085018e-01 6.002705e-01 5.911135e-01 5.810451e-01 5.700808e-01 5.582375e-01 5.455334e-01 5.319881e-01 5.176226e-01 5.024589e-01 4.865204e-01 4.698318e-01 4.524187e-01 4.343080e-01 4.155277e-01 3.961066e-01 3.760748e-01 3.554631e-01 3.343033e-01 3.126280e-01 2.904707e-01 2.678655e-01 2.448472e-01 2.214515e-01 1.977142e-01 1.736721e-01 1.493622e-01 1.248220e-01 1.000894e-01 7.520239e-02 5.019944e-02 2.511908e-02 3.917747e-17 -2.511908e-02 -5.019944e-02 -7.520239e-02 -1.000894e-01 -1.248220e-01 -1.493622e-01 -1.736721e-01 -1.977142e-01 -2.214515e-01 -2.448472e-01 -2.678655e-01 -2.904707e-01 -3.126280e-01 -3.343033e-01 -3.554631e-01 -3.760748e-01 -3.961066e-01 -4.155277e-01 -4.343080e-01 -4.524187e-01 -4.698318e-01 -4.865204e-01 -5.024589e-01 -5.176226e-01 -5.319881e-01 -5.455334e-01 -5.582375e-01 -5.700808e-01 -5.810451e-01 -5.911135e-01 -6.002705e-01 -6.085018e-01 -6.157949e-01 -6.221385e-01 -6.275228e-01 -6.319395e-01 -6.353818e-01 -6.378443e-01 -6.393234e-01 -6.398167e-01 
6.142043e-01 6.137308e-01 6.123109e-01 6.099469e-01 6.066424e-01 6.024026e-01 5.972338e-01 5.911442e-01 5.841430e-01 5.762412e-01 5.674508e-01 5.577855e-01 5.472601e-01 5.358908e-01 5.236953e-01 5.106922e-01 4.969017e-01 4.823450e-01 4.670446e-01 4.510241e-01 4.343080e-01 4.169223e-01 3.988938e-01 3.802502e-01 3.610202e-01 3.412336e-01 3.209209e-01 3.001133e-01 2.788429e-01 2.571426e-01 2.350458e-01 2.125866e-01 1.897996e-01 1.667199e-01 1.433831e-01 1.198253e-01 9.608272e-02 7.219198e-02 4.818992e-02 2.411355e-02 3.760917e-17 -2.411355e-02 -4.818992e-02 -7.219198e-02 -9.608272e-02 -1.198253e-01 -1.433831e-01 -1.667199e-01 -1.897996e-01 -2.125866e-01 -2.350458e-01 -2.571426e-01 -2.788429e-01 -3.001133e-01 -3.209209e-01 -3.412336e-01 -3.610202e-01 -3.802502e-01 -3.988938e-01 -4.169223e-01 -4.343080e-01 -4.510241e-01 -4.670446e-01 -4.823450e-01 -4.969017e-01 -5.106922e-01 -5.236953e-01 -5.358908e-01 -5.472601e-01 -5.577855e-01 -5.674508e-01 -5.762412e-01 -5.841430e-01 -5.911442e-01 -5.972338e-01 -6.024026e-01 -6.066424e-01 -6.099469e-01 -6.123109e-01 -6.137308e-01 -6.142043e-01 
5.876449e-01 5.871918e-01 5.858334e-01 5.835716e-01 5.804100e-01 5.763535e-01 5.714082e-01 5.655819e-01 5.588835e-01 5.513233e-01 5.429131e-01 5.336657e-01 5.235954e-01 5.127178e-01 5.010496e-01 4.886089e-01 4.754147e-01 4.614875e-01 4.468487e-01 4.315209e-01 4.155277e-01 3.988938e-01 3.816448e-01 3.638074e-01 3.454090e-01 3.264780e-01 3.070436e-01 2.871358e-01 2.667852e-01 2.460233e-01 2.248820e-01 2.033939e-01 1.815923e-01 1.595106e-01 1.371830e-01 1.146438e-01 9.192791e-02 6.907025e-02 4.610609e-02 2.307083e-02 3.598287e-17 -2.307083e-02 -4.610609e-02 -6.907025e-02 -9.192791e-02 -1.146438e-01 -1.371830e-01 -1.595106e-01 -1.815923e-01 -2.033939e-01 -2.248820e-01 -2.460233e-01 -2.667852e-01 -2.871358e-01 -3.070436e-01 -3.264780e-01 -3.454090e-01 -3.638074e-01 -3.816448e-01 -3.988938e-01 -4.155277e-01 -4.315209e-01 -4.468487e-01 -4.614875e-01 -4.754147e-01 -4.886089e-01 -5.010496e-01 -5.127178e-01 -5.235954e-01 -5.336657e-01 -5.429131e-01 -5.513233e-01 -5.588835e-01 -5.655819e-01 -5.714082e-01 -5.763535e-01 -5.804100e-01 -5.835716e-01 -5.858334e-01 -5.871918e-01 -5.876449e-01 
5.601794e-01 5.597475e-01 5.584525e-01 5.562965e-01 5.532826e-01 5.494157e-01 5.447016e-01 5.391476e-01 5.327622e-01 5.255554e-01 5.175383e-01 5.087231e-01 4.991235e-01 4.887543e-01 4.776314e-01 4.657721e-01 4.531946e-01 4.399183e-01 4.259637e-01 4.113523e-01 3.961066e-01 3.802502e-01 3.638074e-01 3.468037e-01 3.292652e-01 3.112190e-01 2.926929e-01 2.737155e-01 2.543161e-01 2.345245e-01 2.143714e-01 1.938876e-01 1.731049e-01 1.520553e-01 1.307713e-01 1.092856e-01 8.763136e-02 6.584203e-02 4.395117e-02 2.199254e-02 3.430109e-17 -2.199254e-02 -4.395117e-02 -6.584203e-02 -8.763136e-02 -1.092856e-01 -1.307713e-01 -1.520553e-01 -1.731049e-01 -1.938876e-01 -2.143714e-01 -2.345245e-01 -2.543161e-01 -2.737155e-01 -2.926929e-01 -3.112190e-01 -3.292652e-01 -3.468037e-01 -3.638074e-01 -3.802502e-01 -3.961066e-01 -4.113523e-01 -4.259637e-01 -4.399183e-01 -4.531946e-01 -4.657721e-01 -4.776314e-01 -4.887543e-01 -4.991235e-01 -5.087231e-01 -5.175383e-01 -5.255554e-01 -5.327622e-01 -5.391476e-01 -5.447016e-01 -5.494157e-01 -5.532826e-01 -5.562965e-01 -5.584525e-01 -5.597475e-01 -5.601794e-01 
5.318501e-01 5.314401e-01 5.302106e-01 5.281635e-01 5.253021e-01 5.216307e-01 5.171550e-01 5.118819e-01 5.058195e-01 4.989771e-01 4.913654e-01 4.829960e-01 4.738819e-01 4.640371e-01 4.534767e-01 4.422172e-01 4.302758e-01 4.176709e-01 4.044220e-01 3.905495e-01 3.760748e-01 3.610202e-01 3.454090e-01 3.292652e-01 3.126136e-01 2.954801e-01 2.778909e-01 2.598733e-01 2.414549e-01 2.226642e-01 2.035302e-01 1.840824e-01 1.643507e-01 1.443656e-01 1.241579e-01 1.037588e-01 8.319968e-02 6.251228e-02 4.172848e-02 2.088034e-02 3.256643e-17 -2.088034e-02 -4.172848e-02 -6.251228e-02 -8.319968e-02 -1.037588e-01 -1.241579e-01 -1.443656e-01 -1.643507e-01 -1.840824e-01 -2.035302e-01 -2.226642e-01 -2.414549e-01 -2.598733e-01 -2.778909e-01 -2.954801e-01 -3.126136e-01 -3.292652e-01 -3.454090e-01 -3.610202e-01 -3.760748e-01 -3.905495e-01 -4.044220e-01 -4.176709e-01 -4.302758e-01 -4.422172e-01 -4.534767e-01 -4.640371e-01 -4.738819e-01 -4.829960e-01 -4.913654e-01 -4.989771e-01 -5.058195e-01 -5.118819e-01 -5.171550e-01 -5.216307e-01 -5.253021e-01 -5.281635e-01 -5.302106e-01 -5.314401e-01 -5.318501e-01 
5.027007e-01 5.023132e-01 5.011511e-01 4.992162e-01 4.965117e-01 4.930415e-01 4.888111e-01 4.838270e-01 4.780968e-01 4.716295e-01 4.644349e-01 4.565242e-01 4.479096e-01 4.386044e-01 4.286228e-01 4.179804e-01 4.066934e-01 3.947794e-01 3.822566e-01 3.691445e-01 3.554631e-01 3.412336e-01 3.264780e-01 3.112190e-01 2.954801e-01 2.792856e-01 2.626604e-01 2.456303e-01 2.282214e-01 2.104606e-01 1.923752e-01 1.739933e-01 1.553431e-01 1.364533e-01 1.173532e-01 9.807205e-02 7.863972e-02 5.908614e-02 3.944145e-02 1.973594e-02 3.078154e-17 -1.973594e-02 -3.944145e-02 -5.908614e-02 -7.863972e-02 -9.807205e-02 -1.173532e-01 -1.364533e-01 -1.553431e-01 -1.739933e-01 -1.923752e-01 -2.104606e-01 -2.282214e-01 -2.456303e-01 -2.626604e-01 -2.792856e-01 -2.954801e-01 -3.112190e-01 -3.264780e-01 -3.412336e-01 -3.554631e-01 -3.691445e-01 -3.822566e-01 -3.947794e-01 -4.066934e-01 -4.179804e-01 -4.286228e-01 -4.386044e-01 -4.479096e-01 -4.565242e-01 -4.644349e-01 -4.716295e-01 -4.780968e-01 -4.838270e-01 -4.888111e-01 -4.930415e-01 -4.965117e-01 -4.992162e-01 -5.011511e-01 -5.023132e-01 -5.027007e-01 
4.727763e-01 4.724118e-01 4.713188e-01 4.694992e-01 4.669556e-01 4.636920e-01 4.597134e-01 4.550260e-01 4.496369e-01 4.435546e-01 4.367883e-01 4.293485e-01 4.212467e-01 4.124954e-01 4.031080e-01 3.930991e-01 3.824840e-01 3.712792e-01 3.595019e-01 3.471702e-01 3.343033e-01 3.209209e-01 3.070436e-01 2.926929e-01 2.778909e-01 2.626604e-01 2.470249e-01 2.310085e-01 2.146359e-01 1.979324e-01 1.809236e-01 1.636359e-01 1.460959e-01 1.283306e-01 1.103674e-01 9.223407e-02 7.395850e-02 5.556889e-02 3.709360e-02 1.856111e-02 2.894920e-17 -1.856111e-02 -3.709360e-02 -5.556889e-02 -7.395850e-02 -9.223407e-02 -1.103674e-01 -1.283306e-01 -1.460959e-01 -1.636359e-01 -1.809236e-01 -1.979324e-01 -2.146359e-01 -2.310085e-01 -2.470249e-01 -2.626604e-01 -2.778909e-01 -2.926929e-01 -3.070436e-01 -3.209209e-01 -3.343033e-01 -3.471702e-01 -3.595019e-01 -3.712792e-01 -3.824840e-01 -3.930991e-01 -4.031080e-01 -4.124954e-01 -4.212467e-01 -4.293485e-01 -4.367883e-01 -4.435546e-01 -4.496369e-01 -4.550260e-01 -4.597134e-01 -4.636920e-01 -4.669556e-01 -4.694992e-01 -4.713188e-01 -4.724118e-01 -4.727763e-01 
4.421228e-01 4.417819e-01 4.407599e-01 4.390582e-01 4.366795e-01 4.336275e-01 4.299069e-01 4.255234e-01 4.204838e-01 4.147958e-01 4.084682e-01 4.015108e-01 3.939343e-01 3.857504e-01 3.769716e-01 3.676117e-01 3.576848e-01 3.472065e-01 3.361928e-01 3.246607e-01 3.126280e-01 3.001133e-01 2.871358e-01 2.737155e-01 2.598733e-01 2.456303e-01 2.310085e-01 2.160306e-01 2.007195e-01 1.850990e-01 1.691931e-01 1.530262e-01 1.366235e-01 1.200100e-01 1.032115e-01 8.625388e-02 6.916324e-02 5.196596e-02 3.468855e-02 1.735766e-02 2.707221e-17 -1.735766e-02 -3.468855e-02 -5.196596e-02 -6.916324e-02 -8.625388e-02 -1.032115e-01 -1.200100e-01 -1.366235e-01 -1.530262e-01 -1.691931e-01 -1.850990e-01 -2.007195e-01 -2.160306e-01 -2.310085e-01 -2.456303e-01 -2.598733e-01 -2.737155e-01 -2.871358e-01 -3.001133e-01 -3.126280e-01 -3.246607e-01 -3.361928e-01 -3.472065e-01 -3.576848e-01 -3.676117e-01 -3.769716e-01 -3.857504e-01 -3.939343e-01 -4.015108e-01 -4.084682e-01 -4.147958e-01 -4.204838e-01 -4.255234e-01 -4.299069e-01 -4.336275e-01 -4.366795e-01 -4.390582e-01 -4.407599e-01 -4.417819e-01 -4.421228e-01 
4.107876e-01 4.104709e-01 4.095213e-01 4.079402e-01 4.057301e-01 4.028944e-01 3.994375e-01 3.953647e-01 3.906822e-01 3.853974e-01 3.795182e-01 3.730539e-01 3.660144e-01 3.584105e-01 3.502540e-01 3.415574e-01 3.323341e-01 3.225985e-01 3.123653e-01 3.016506e-01 2.904707e-01 2.788429e-01 2.667852e-01 2.543161e-01 2.414549e-01 2.282214e-01 2.146359e-01 2.007195e-01 1.864937e-01 1.719802e-01 1.572016e-01 1.421806e-01 1.269403e-01 1.115044e-01 9.589646e-02 8.014068e-02 6.426134e-02 4.828290e-02 3.223002e-02 1.612745e-02 2.515349e-17 -1.612745e-02 -3.223002e-02 -4.828290e-02 -6.426134e-02 -8.014068e-02 -9.589646e-02 -1.115044e-01 -1.269403e-01 -1.421806e-01 -1.572016e-01 -1.719802e-01 -1.864937e-01 -2.007195e-01 -2.146359e-01 -2.282214e-01 -2.414549e-01 -2.543161e-01 -2.667852e-01 -2.788429e-01 -2.904707e-01 -3.016506e-01 -3.123653e-01 -3.225985e-01 -3.323341e-01 -3.415574e-01 -3.502540e-01 -3.584105e-01 -3.660144e-01 -3.730539e-01 -3.795182e-01 -3.853974e-01 -3.906822e-01 -3.953647e-01 -3.994375e-01 -4.028944e-01 -4.057301e-01 -4.079402e-01 -4.095213e-01 -4.104709e-01 -4.107876e-01 
3.788190e-01 3.785269e-01 3.776512e-01 3.761932e-01 3.741551e-01 3.715401e-01 3.683522e-01 3.645963e-01 3.602783e-01 3.554047e-01 3.499831e-01 3.440219e-01 3.375302e-01 3.305181e-01 3.229963e-01 3.149765e-01 3.064710e-01 2.974930e-01 2.880562e-01 2.781753e-01 2.678655e-01 2.571426e-01 2.460233e-01 2.345245e-01 2.226642e-01 2.104606e-01 1.979324e-01 1.850990e-01 1.719802e-01 1.585963e-01 1.449678e-01 1.311157e-01 1.170615e-01 1.028268e-01 8.843354e-02 7.390392e-02 5.926035e-02 4.452540e-02 2.972180e-02 1.487236e-02 2.319597e-17 -1.487236e-02 -2.972180e-02 -4.452540e-02 -5.926035e-02 -7.390392e-02 -8.843354e-02 -1.028268e-01 -1.170615e-01 -1.311157e-01 -1.449678e-01 -1.585963e-01 -1.719802e-01 -1.850990e-01 -1.979324e-01 -2.104606e-01 -2.226642e-01 -2.345245e-01 -2.460233e-01 -2.571426e-01 -2.678655e-01 -2.781753e-01 -2.880562e-01 -2.974930e-01 -3.064710e-01 -3.149765e-01 -3.229963e-01 -3.305181e-01 -3.375302e-01 -3.440219e-01 -3.499831e-01 -3.554047e-01 -3.602783e-01 -3.645963e-01 -3.683522e-01 -3.715401e-01 -3.741551e-01 -3.761932e-01 -3.776512e-01 -3.785269e-01 -3.788190e-01 
3.462663e-01 3.459993e-01 3.451989e-01 3.438661e-01 3.420032e-01 3.396129e-01 3.366989e-01 3.332658e-01 3.293188e-01 3.248640e-01 3.199083e-01 3.144594e-01 3.085255e-01 3.021160e-01 2.952405e-01 2.879099e-01 2.801353e-01 2.719288e-01 2.633030e-01 2.542711e-01 2.448472e-01 2.350458e-01 2.248820e-01 2.143714e-01 2.035302e-01 1.923752e-01 1.809236e-01 1.691931e-01 1.572016e-01 1.449678e-01 1.325104e-01 1.198487e-01 1.070022e-01 9.399068e-02 8.083426e-02 6.755320e-02 5.416798e-02 4.069924e-02 2.716774e-02 1.359435e-02 2.120270e-17 -1.359435e-02 -2.716774e-02 -4.069924e-02 -5.416798e-02 -6.755320e-02 -8.083426e-02 -9.399068e-02 -1.070022e-01 -1.198487e-01 -1.325104e-01 -1.449678e-01 -1.572016e-01 -1.691931e-01 -1.809236e-01 -1.923752e-01 -2.035302e-01 -2.143714e-01 -2.248820e-01 -2.350458e-01 -2.448472e-01 -2.542711e-01 -2.633030e-01 -2.719288e-01 -2.801353e-01 -2.879099e-01 -2.952405e-01 -3.021160e-01 -3.085255e-01 -3.144594e-01 -3.199083e-01 -3.248640e-01 -3.293188e-01 -3.332658e-01 -3.366989e-01 -3.396129e-01 -3.420032e-01 -3.438661e-01 -3.451989e-01 -3.459993e-01 -3.462663e-01 
3.131797e-01 3.129382e-01 3.122142e-01 3.110088e-01 3.093239e-01 3.071620e-01 3.045265e-01 3.014214e-01 2.978516e-01 2.938224e-01 2.893403e-01 2.844120e-01 2.790451e-01 2.732480e-01 2.670296e-01 2.603994e-01 2.533677e-01 2.459453e-01 2.381437e-01 2.299749e-01 2.214515e-01 2.125866e-01 2.033939e-01 1.938876e-01 1.840824e-01 1.739933e-01 1.636359e-01 1.530262e-01 1.421806e-01 1.311157e-01 1.198487e-01 1.083968e-01 9.677784e-02 8.500963e-02 7.311034e-02 6.109832e-02 4.899209e-02 3.681032e-02 2.457179e-02 1.229538e-02 1.917672e-17 -1.229538e-02 -2.457179e-02 -3.681032e-02 -4.899209e-02 -6.109832e-02 -7.311034e-02 -8.500963e-02 -9.677784e-02 -1.083968e-01 -1.198487e-01 -1.311157e-01 -1.421806e-01 -1.530262e-01 -1.636359e-01 -1.739933e-01 -1.840824e-01 -1.938876e-01 -2.033939e-01 -2.125866e-01 -2.214515e-01 -2.299749e-01 -2.381437e-01 -2.459453e-01 -2.533677e-01 -2.603994e-01 -2.670296e-01 -2.732480e-01 -2.790451e-01 -2.844120e-01 -2.893403e-01 -2.938224e-01 -2.978516e-01 -3.014214e-01 -3.045265e-01 -3.071620e-01 -3.093239e-01 -3.110088e-01 -3.122142e-01 -3.129382e-01 -3.131797e-01 
2.796101e-01 2.793946e-01 2.787482e-01 2.776720e-01 2.761677e-01 2.742375e-01 2.718845e-01 2.691122e-01 2.659250e-01 2.623278e-01 2.583261e-01 2.539260e-01 2.491345e-01 2.439587e-01 2.384068e-01 2.324873e-01 2.262094e-01 2.195826e-01 2.126172e-01 2.053240e-01 1.977142e-01 1.897996e-01 1.815923e-01 1.731049e-01 1.643507e-01 1.553431e-01 1.460959e-01 1.366235e-01 1.269403e-01 1.170615e-01 1.070022e-01 9.677784e-02 8.640428e-02 7.589750e-02 6.527369e-02 5.454923e-02 4.374066e-02 3.286465e-02 2.193796e-02 1.097744e-02 1.712118e-17 -1.097744e-02 -2.193796e-02 -3.286465e-02 -4.374066e-02 -5.454923e-02 -6.527369e-02 -7.589750e-02 -8.640428e-02 -9.677784e-02 -1.070022e-01 -1.170615e-01 -1.269403e-01 -1.366235e-01 -1.460959e-01 -1.553431e-01 -1.643507e-01 -1.731049e-01 -1.815923e-01 -1.897996e-01 -1.977142e-01 -2.053240e-01 -2.126172e-01 -2.195826e-01 -2.262094e-01 -2.324873e-01 -2.384068e-01 -2.439587e-01 -2.491345e-01 -2.539260e-01 -2.583261e-01 -2.623278e-01 -2.659250e-01 -2.691122e-01 -2.718845e-01 -2.742375e-01 -2.761677e-01 -2.776720e-01 -2.787482e-01 -2.793946e-01 -2.796101e-01 
2.456095e-01 2.454201e-01 2.448523e-01 2.439070e-01 2.425856e-01 2.408902e-01 2.388233e-01 2.363881e-01 2.335885e-01 2.304287e-01 2.269136e-01 2.230486e-01 2.188396e-01 2.142933e-01 2.094165e-01 2.042168e-01 1.987022e-01 1.928813e-01 1.867629e-01 1.803566e-01 1.736721e-01 1.667199e-01 1.595106e-01 1.520553e-01 1.443656e-01 1.364533e-01 1.283306e-01 1.200100e-01 1.115044e-01 1.028268e-01 9.399068e-02 8.500963e-02 7.589750e-02 6.666835e-02 5.733639e-02 4.791603e-02 3.842179e-02 2.886830e-02 1.927030e-02 9.642583e-03 1.503924e-17 -9.642583e-03 -1.927030e-02 -2.886830e-02 -3.842179e-02 -4.791603e-02 -5.733639e-02 -6.666835e-02 -7.589750e-02 -8.500963e-02 -9.399068e-02 -1.028268e-01 -1.115044e-01 -1.200100e-01 -1.283306e-01 -1.364533e-01 -1.443656e-01 -1.520553e-01 -1.595106e-01 -1.667199e-01 -1.736721e-01 -1.803566e-01 -1.867629e-01 -1.928813e-01 -1.987022e-01 -2.042168e-01 -2.094165e-01 -2.142933e-01 -2.188396e-01 -2.230486e-01 -2.269136e-01 -2.304287e-01 -2.335885e-01 -2.363881e-01 -2.388233e-01 -2.408902e-01 -2.425856e-01 -2.439070e-01 -2.448523e-01 -2.454201e-01 -2.456095e-01 
2.112301e-01 2.110672e-01 2.105789e-01 2.097659e-01 2.086295e-01 2.071714e-01 2.053938e-01 2.032995e-01 2.008918e-01 1.981742e-01 1.951512e-01 1.918272e-01 1.882074e-01 1.842974e-01 1.801033e-01 1.756314e-01 1.708887e-01 1.658826e-01 1.606206e-01 1.551110e-01 1.493622e-01 1.433831e-01 1.371830e-01 1.307713e-01 1.241579e-01 1.173532e-01 1.103674e-01 1.032115e-01 9.589646e-02 8.843354e-02 8.083426e-02 7.311034e-02 6.527369e-02 5.733639e-02 4.931069e-02 4.120895e-02 3.304367e-02 2.482744e-02 1.657292e-02 8.292855e-03 1.293411e-17 -8.292855e-03 -1.657292e-02 -2.482744e-02 -3.304367e-02 -4.120895e-02 -4.931069e-02 -5.733639e-02 -6.527369e-02 -7.311034e-02 -8.083426e-02 -8.843354e-02 -9.589646e-02 -1.032115e-01 -1.103674e-01 -1.173532e-01 -1.241579e-01 -1.307713e-01 -1.371830e-01 -1.433831e-01 -1.493622e-01 -1.551110e-01 -1.606206e-01 -1.658826e-01 -1.708887e-01 -1.756314e-01 -1.801033e-01 -1.842974e-01 -1.882074e-01 -1.918272e-01 -1.951512e-01 -1.981742e-01 -2.008918e-01 -2.032995e-01 -2.053938e-01 -2.071714e-01 -2.086295e-01 -2.097659e-01 -2.105789e-01 -2.110672e-01 -2.112301e-01 
1.765250e-01 1.763889e-01 1.759809e-01 1.753014e-01 1.743517e-01 1.731331e-01 1.716476e-01 1.698974e-01 1.678853e-01 1.656142e-01 1.630879e-01 1.603100e-01 1.572849e-01 1.540174e-01 1.505123e-01 1.467752e-01 1.428117e-01 1.386281e-01 1.342307e-01 1.296263e-01 1.248220e-01 1.198253e-01 1.146438e-01 1.092856e-01 1.037588e-01 9.807205e-02 9.223407e-02 8.625388e-02 8.014068e-02 7.390392e-02 6.755320e-02 6.109832e-02 5.454923e-02 4.791603e-02 4.120895e-02 3.443832e-02 2.761460e-02 2.074829e-02 1.384999e-02 6.930340e-03 1.080904e-17 -6.930340e-03 -1.384999e-02 -2.074829e-02 -2.761460e-02 -3.443832e-02 -4.120895e-02 -4.791603e-02 -5.454923e-02 -6.109832e-02 -6.755320e-02 -7.390392e-02 -8.014068e-02 -8.625388e-02 -9.223407e-02 -9.807205e-02 -1.037588e-01 -1.092856e-01 -1.146438e-01 -1.198253e-01 -1.248220e-01 -1.296263e-01 -1.342307e-01 -1.386281e-01 -1.428117e-01 -1.467752e-01 -1.505123e-01 -1.540174e-01 -1.572849e-01 -1.603100e-01 -1.630879e-01 -1.656142e-01 -1.678853e-01 -1.698974e-01 -1.716476e-01 -1.731331e-01 -1.743517e-01 -1.753014e-01 -1.759809e-01 -1.763889e-01 -1.765250e-01 
