9.048374e-01 9.020481e-01 8.936974e-01 8.798367e-01 8.605515e-01 8.359608e-01 8.062160e-01 7.715007e-01 7.320288e-01 6.880438e-01 6.398167e-01 5.876449e-01 5.318501e-01 4.727763e-01 4.107876e-01 3.462663e-01 2.796101e-01 2.112301e-01 1.415478e-01 7.099273e-02 5.540531e-17 -7.099273e-02 -1.415478e-01 -2.112301e-01 -2.796101e-01 -3.462663e-01 -4.107876e-01 -4.727763e-01 -5.318501e-01 -5.876449e-01 -6.398167e-01 -6.880438e-01 -7.320288e-01 -7.715007e-01 -8.062160e-01 -8.359608e-01 -8.605515e-01 -8.798367e-01 -8.936974e-01 -9.020481e-01 -9.048374e-01 
9.020481e-01 8.992674e-01 8.909424e-01 8.771244e-01 8.578987e-01 8.333838e-01 8.037307e-01 7.691224e-01 7.297722e-01 6.859228e-01 6.378443e-01 5.858334e-01 5.302106e-01 4.713188e-01 4.095213e-01 3.451989e-01 2.787482e-01 2.105789e-01 1.411114e-01 7.077388e-02 5.523452e-17 -7.077388e-02 -1.411114e-01 -2.105789e-01 -2.787482e-01 -3.451989e-01 -4.095213e-01 -4.713188e-01 -5.302106e-01 -5.858334e-01 -6.378443e-01 -6.859228e-01 -7.297722e-01 -7.691224e-01 -8.037307e-01 -8.333838e-01 -8.578987e-01 -8.771244e-01 -8.909424e-01 -8.992674e-01 -9.020481e-01 
8.936974e-01 8.909424e-01 8.826945e-01 8.690044e-01 8.499567e-01 8.256687e-01 7.962902e-01 7.620023e-01 7.230164e-01 6.795728e-01 6.319395e-01 5.804100e-01 5.253021e-01 4.669556e-01 4.057301e-01 3.420032e-01 2.761677e-01 2.086295e-01 1.398051e-01 7.011869e-02 5.472318e-17 -7.011869e-02 -1.398051e-01 -2.086295e-01 -2.761677e-01 -3.420032e-01 -4.057301e-01 -4.669556e-01 -5.253021e-01 -5.804100e-01 -6.319395e-01 -6.795728e-01 -7.230164e-01 -7.620023e-01 -7.962902e-01 -8.256687e-01 -8.499567e-01 -8.690044e-01 -8.826945e-01 -8.909424e-01 -8.936974e-01 
8.798367e-01 8.771244e-01 8.690044e-01 8.555267e-01 8.367744e-01 8.128631e-01 7.839402e-01 7.501841e-01 7.118028e-01 6.690331e-01 6.221385e-01 5.714082e-01 5.171550e-01 4.597134e-01 3.994375e-01 3.366989e-01 2.718845e-01 2.053938e-01 1.376368e-01 6.903119e-02 5.387446e-17 -6.903119e-02 -1.376368e-01 -2.053938e-01 -2.718845e-01 -3.366989e-01 -3.994375e-01 -4.597134e-01 -5.171550e-01 -5.714082e-01 -6.221385e-01 -6.690331e-01 -7.118028e-01 -7.501841e-01 -7.839402e-01 -8.128631e-01 -8.367744e-01 -8.555267e-01 -8.690044e-01 -8.771244e-01 -8.798367e-01 
8.605515e-01 8.578987e-01 8.499567e-01 8.367744e-01 8.184331e-01 7.950459e-01 7.667570e-01 7.337408e-01 6.962008e-01 6.543685e-01 6.085018e-01 5.588835e-01 5.058195e-01 4.496369e-01 3.906822e-01 3.293188e-01 2.659250e-01 2.008918e-01 1.346199e-01 6.751809e-02 5.269358e-17 -6.751809e-02 -1.346199e-01 -2.008918e-01 -2.659250e-01 -3.293188e-01 -3.906822e-01 -4.496369e-01 -5.058195e-01 -5.588835e-01 -6.085018e-01 -6.543685e-01 -6.962008e-01 -7.337408e-01 -7.667570e-01 -7.950459e-01 -8.184331e-01 -8.367744e-01 -8.499567e-01 -8.578987e-01 -8.605515e-01 
8.359608e-01 8.333838e-01 8.256687e-01 8.128631e-01 7.950459e-01 7.723270e-01 7.448465e-01 7.127737e-01 6.763065e-01 6.356696e-01 5.911135e-01 5.429131e-01 4.913654e-01 4.367883e-01 3.795182e-01 3.199083e-01 2.583261e-01 1.951512e-01 1.307731e-01 6.558873e-02 5.118783e-17 -6.558873e-02 -1.307731e-01 -1.951512e-01 -2.583261e-01 -3.199083e-01 -3.795182e-01 -4.367883e-01 -4.913654e-01 -5.429131e-01 -5.911135e-01 -6.356696e-01 -6.763065e-01 -7.127737e-01 -7.448465e-01 -7.723270e-01 -7.950459e-01 -8.128631e-01 -8.256687e-01 -8.333838e-01 -8.359608e-01 
8.062160e-01 8.037307e-01 7.962902e-01 7.839402e-01 7.667570e-01 7.448465e-01 7.183438e-01 6.874122e-01 6.522425e-01 6.130515e-01 5.700808e-01 5.235954e-01 4.738819e-01 4.212467e-01 3.660144e-01 3.085255e-01 2.491345e-01 1.882074e-01 1.261200e-01 6.325498e-02 4.936649e-17 -6.325498e-02 -1.261200e-01 -1.882074e-01 -2.491345e-01 -3.085255e-01 -3.660144e-01 -4.212467e-01 -4.738819e-01 -5.235954e-01 -5.700808e-01 -6.130515e-01 -6.522425e-01 -6.874122e-01 -7.183438e-01 -7.448465e-01 -7.667570e-01 -7.839402e-01 -7.962902e-01 -8.037307e-01 -8.062160e-01 
7.715007e-01 7.691224e-01 7.620023e-01 7.501841e-01 7.337408e-01 7.127737e-01 6.874122e-01 6.578125e-01 6.241572e-01 5.866538e-01 5.455334e-01 5.010496e-01 4.534767e-01 4.031080e-01 3.502540e-01 2.952405e-01 2.384068e-01 1.801033e-01 1.206893e-01 6.053125e-02 4.724079e-17 -6.053125e-02 -1.206893e-01 -1.801033e-01 -2.384068e-01 -2.952405e-01 -3.502540e-01 -4.031080e-01 -4.534767e-01 -5.010496e-01 -5.455334e-01 -5.866538e-01 -6.241572e-01 -6.578125e-01 -6.874122e-01 -7.127737e-01 -7.337408e-01 -7.501841e-01 -7.620023e-01 -7.691224e-01 -7.715007e-01 
7.320288e-01 7.297722e-01 7.230164e-01 7.118028e-01 6.962008e-01 6.763065e-01 6.522425e-01 6.241572e-01 5.922238e-01 5.566391e-01 5.176226e-01 4.754147e-01 4.302758e-01 3.824840e-01 3.323341e-01 2.801353e-01 2.262094e-01 1.708887e-01 1.145145e-01 5.743432e-02 4.482384e-17 -5.743432e-02 -1.145145e-01 -1.708887e-01 -2.262094e-01 -2.801353e-01 -3.323341e-01 -3.824840e-01 -4.302758e-01 -4.754147e-01 -5.176226e-01 -5.566391e-01 -5.922238e-01 -6.241572e-01 -6.522425e-01 -6.763065e-01 -6.962008e-01 -7.118028e-01 -7.230164e-01 -7.297722e-01 -7.320288e-01 
6.880438e-01 6.859228e-01 6.795728e-01 6.690331e-01 6.543685e-01 6.356696e-01 6.130515e-01 5.866538e-01 5.566391e-01 5.231926e-01 4.865204e-01 4.468487e-01 4.044220e-01 3.595019e-01 3.123653e-01 2.633030e-01 2.126172e-01 1.606206e-01 1.076338e-01 5.398329e-02 4.213053e-17 -5.398329e-02 -1.076338e-01 -1.606206e-01 -2.126172e-01 -2.633030e-01 -3.123653e-01 -3.595019e-01 -4.044220e-01 -4.468487e-01 -4.865204e-01 -5.231926e-01 -5.566391e-01 -5.866538e-01 -6.130515e-01 -6.356696e-01 -6.543685e-01 -6.690331e-01 -6.795728e-01 -6.859228e-01 -6.880438e-01 
6.398167e-01 6.378443e-01 6.319395e-01 6.221385e-01 6.085018e-01 5.911135e-01 5.700808e-01 5.455334e-01 5.176226e-01 4.865204e-01 4.524187e-01 4.155277e-01 3.760748e-01 3.343033e-01 2.904707e-01 2.448472e-01 1.977142e-01 1.493622e-01 1.000894e-01 5.019944e-02 3.917747e-17 -5.019944e-02 -1.000894e-01 -1.493622e-01 -1.977142e-01 -2.448472e-01 -2.904707e-01 -3.343033e-01 -3.760748e-01 -4.155277e-01 -4.524187e-01 -4.865204e-01 -5.176226e-01 -5.455334e-01 -5.700808e-01 -5.911135e-01 -6.085018e-01 -6.221385e-01 -6.319395e-01 -6.378443e-01 -6.398167e-01 
5.876449e-01 5.858334e-01 5.804100e-01 5.714082e-01 5.588835e-01 5.429131e-01 5.235954e-01 5.010496e-01 4.754147e-01 4.468487e-01 4.155277e-01 3.816448e-01 3.454090e-01 3.070436e-01 2.667852e-01 2.248820e-01 1.815923e-01 1.371830e-01 9.192791e-02 4.610609e-02 3.598287e-17 -4.610609e-02 -9.192791e-02 -1.371830e-01 -1.815923e-01 -2.248820e-01 -2.667852e-01 -3.070436e-01 -3.454090e-01 -3.816448e-01 -4.155277e-01 -4.468487e-01 -4.754147e-01 -5.010496e-01 -5.235954e-01 -5.429131e-01 -5.588835e-01 -5.714082e-01 -5.804100e-01 -5.858334e-01 -5.876449e-01 
5.318501e-01 5.302106e-01 5.253021e-01 5.171550e-01 5.058195e-01 4.913654e-01 4.738819e-01 4.534767e-01 4.302758e-01 4.044220e-01 3.760748e-01 3.454090e-01 3.126136e-01 2.778909e-01 2.414549e-01 2.035302e-01 1.643507e-01 1.241579e-01 8.319968e-02 4.172848e-02 3.256643e-17 -4.172848e-02 -8.319968e-02 -1.241579e-01 -1.643507e-01 -2.035302e-01 -2.414549e-01 -2.778909e-01 -3.126136e-01 -3.454090e-01 -3.760748e-01 -4.044220e-01 -4.302758e-01 -4.534767e-01 -4.738819e-01 -4.913654e-01 -5.058195e-01 -5.171550e-01 -5.253021e-01 -5.302106e-01 -5.318501e-01 
4.727763e-01 4.713188e-01 4.669556e-01 4.597134e-01 4.496369e-01 4.367883e-01 4.212467e-01 4.031080e-01 3.824840e-01 3.595019e-01 3.343033e-01 3.070436e-01 2.778909e-01 2.470249e-01 2.146359e-01 1.809236e-01 1.460959e-01 1.103674e-01 7.395850e-02 3.709360e-02 2.894920e-17 -3.709360e-02 -7.395850e-02 -1.103674e-01 -1.460959e-01 -1.809236e-01 -2.146359e-01 -2.470249e-01 -2.778909e-01 -3.070436e-01 -3.343033e-01 -3.595019e-01 -3.824840e-01 -4.031080e-01 -4.212467e-01 -4.367883e-01 -4.496369e-01 -4.597134e-01 -4.669556e-01 -4.713188e-01 -4.727763e-01 
4.107876e-01 4.095213e-01 4.057301e-01 3.994375e-01 3.906822e-01 3.795182e-01 3.660144e-01 3.502540e-01 3.323341e-01 3.123653e-01 2.904707e-01 2.667852e-01 2.414549e-01 2.146359e-01 1.864937e-01 1.572016e-01 1.269403e-01 9.589646e-02 6.426134e-02 3.223002e-02 2.515349e-17 -3.223002e-02 -6.426134e-02 -9.589646e-02 -1.269403e-01 -1.572016e-01 -1.864937e-01 -2.146359e-01 -2.414549e-01 -2.667852e-01 -2.904707e-01 -3.123653e-01 -3.323341e-01 -3.502540e-01 -3.660144e-01 -3.795182e-01 -3.906822e-01 -3.994375e-01 -4.057301e-01 -4.095213e-01 -4.107876e-01 
3.462663e-01 3.451989e-01 3.420032e-01 3.366989e-01 3.293188e-01 3.199083e-01 3.085255e-01 2.952405e-01 2.801353e-01 2.633030e-01 2.448472e-01 2.248820e-01 2.035302e-01 1.809236e-01 1.572016e-01 1.325104e-01 1.070022e-01 8.083426e-02 5.416798e-02 2.716774e-02 2.120270e-17 -2.716774e-02 -5.416798e-02 -8.083426e-02 -1.070022e-01 -1.325104e-01 -1.572016e-01 -1.809236e-01 -2.035302e-01 -2.248820e-01 -2.448472e-01 -2.633030e-01 -2.801353e-01 -2.952405e-01 -3.085255e-01 -3.199083e-01 -3.293188e-01 -3.366989e-01 -3.420032e-01 -3.451989e-01 -3.462663e-01 
2.796101e-01 2.787482e-01 2.761677e-01 2.718845e-01 2.659250e-01 2.583261e-01 2.491345e-01 2.384068e-01 2.262094e-01 2.126172e-01 1.977142e-01 1.815923e-01 1.643507e-01 1.460959e-01 1.269403e-01 1.070022e-01 8.640428e-02 6.527369e-02 4.374066e-02 2.193796e-02 1.712118e-17 -2.193796e-02 -4.374066e-02 -6.527369e-02 -8.640428e-02 -1.070022e-01 -1.269403e-01 -1.460959e-01 -1.643507e-01 -1.815923e-01 -1.977142e-01 -2.126172e-01 -2.262094e-01 -2.384068e-01 -2.491345e-01 -2.583261e-01 -2.659250e-01 -2.718845e-01 -2.761677e-01 -2.787482e-01 -2.796101e-01 
2.112301e-01 2.105789e-01 2.086295e-01 2.053938e-01 2.008918e-01 1.951512e-01 1.882074e-01 1.801033e-01 1.708887e-01 1.606206e-01 1.493622e-01 1.371830e-01 1.241579e-01 1.103674e-01 9.589646e-02 8.083426e-02 6.527369e-02 4.931069e-02 3.304367e-02 1.657292e-02 1.293411e-17 -1.657292e-02 -3.304367e-02 -4.931069e-02 -6.527369e-02 -8.083426e-02 -9.589646e-02 -1.103674e-01 -1.241579e-01 -1.371830e-01 -1.493622e-01 -1.606206e-01 -1.708887e-01 -1.801033e-01 -1.882074e-01 -1.951512e-01 -2.008918e-01 -2.053938e-01 -2.086295e-01 -2.105789e-01 -2.112301e-01 
1.415478e-01 1.411114e-01 1.398051e-01 1.376368e-01 1.346199e-01 1.307731e-01 1.261200e-01 1.206893e-01 1.145145e-01 1.076338e-01 1.000894e-01 9.192791e-02 8.319968e-02 7.395850e-02 6.426134e-02 5.416798e-02 4.374066e-02 3.304367e-02 2.214295e-02 1.110571e-02 8.667300e-18 -1.110571e-02 -2.214295e-02 -3.304367e-02 -4.374066e-02 -5.416798e-02 -6.426134e-02 -7.395850e-02 -8.319968e-02 -9.192791e-02 -1.000894e-01 -1.076338e-01 -1.145145e-01 -1.206893e-01 -1.261200e-01 -1.307731e-01 -1.346199e-01 -1.376368e-01 -1.398051e-01 -1.411114e-01 -1.415478e-01 
7.099273e-02 7.077388e-02 7.011869e-02 6.903119e-02 6.751809e-02 6.558873e-02 6.325498e-02 6.053125e-02 5.743432e-02 5.398329e-02 5.019944e-02 4.610609e-02 4.172848e-02 3.709360e-02 3.223002e-02 2.716774e-02 2.193796e-02 1.657292e-02 1.110571e-02 5.570025e-03 4.347051e-18 -5.570025e-03 -1.110571e-02 -1.657292e-02 -2.193796e-02 -2.716774e-02 -3.223002e-02 -3.709360e-02 -4.172848e-02 -4.610609e-02 -5.019944e-02 -5.398329e-02 -5.743432e-02 -6.053125e-02 -6.325498e-02 -6.558873e-02 -6.751809e-02 -6.903119e-02 -7.011869e-02 -7.077388e-02 -7.099273e-02 
5.540531e-17 5.523452e-17 5.472318e-17 5.387446e-17 5.269358e-17 5.118783e-17 4.936649e-17 4.724079e-17 4.482384e-17 4.213053e-17 3.917747e-17 3.598287e-17 3.256643e-17 2.894920e-17 2.515349e-17 2.120270e-17 1.712118e-17 1.293411e-17 8.667300e-18 4.347051e-18 3.392597e-33 -4.347051e-18 -8.667300e-18 -1.293411e-17 -1.712118e-17 -2.120270e-17 -2.515349e-17 -2.894920e-17 -3.256643e-17 -3.598287e-17 -3.917747e-17 -4.213053e-17 -4.482384e-17 -4.724079e-17 -4.936649e-17 -5.118783e-17 -5.269358e-17 -5.387446e-17 -5.472318e-17 -5.523452e-17 -5.540531e-17 
-7.099273e-02 -7.077388e-02 -7.011869e-02 -6.903119e-02 -6.751809e-02 -6.558873e-02 -6.325498e-02 -6.053125e-02 -5.743432e-02 -5.398329e-02 -5.019944e-02 -4.610609e-02 -4.172848e-02 -3.709360e-02 -3.223002e-02 -2.716774e-02 -2.193796e-02 -1.657292e-02 -1.110571e-02 -5.570025e-03 -4.347051e-18 5.570025e-03 1.110571e-02 1.657292e-02 2.193796e-02 2.716774e-02 3.223002e-02 3.709360e-02 4.172848e-02 4.610609e-02 5.019944e-02 5.398329e-02 5.743432e-02 6.053125e-02 6.325498e-02 6.558873e-02 6.751809e-02 6.903119e-02 7.011869e-02 7.077388e-02 7.099273e-02 
-1.415478e-01 -1.411114e-01 -1.398051e-01 -1.376368e-01 -1.346199e-01 -1.307731e-01 -1.261200e-01 -1.206893e-01 -1.145145e-01 -1.076338e-01 -1.000894e-01 -9.192791e-02 -8.319968e-02 -7.395850e-02 -6.426134e-02 -5.416798e-02 -4.374066e-02 -3.304367e-02 -2.214295e-02 -1.110571e-02 -8.667300e-18 1.110571e-02 2.214295e-02 3.304367e-02 4.374066e-02 5.416798e-02 6.426134e-02 7.395850e-02 8.319968e-02 9.192791e-02 1.000894e-01 1.076338e-01 1.145145e-01 1.206893e-01 1.261200e-01 1.307731e-01 1.346199e-01 1.376368e-01 1.398051e-01 1.411114e-01 1.415478e-01 
-2.112301e-01 -2.105789e-01 -2.086295e-01 -2.053938e-01 -2.008918e-01 -1.951512e-01 -1.882074e-01 -1.801033e-01 -1.708887e-01 -1.606206e-01 -1.493622e-01 -1.371830e-01 -1.241579e-01 -1.103674e-01 -9.589646e-02 -8.083426e-02 -6.527369e-02 -4.931069e-02 -3.304367e-02 -1.657292e-02 -1.293411e-17 1.657292e-02 3.304367e-02 4.931069e-02 6.527369e-02 8.083426e-02 9.589646e-02 1.103674e-01 1.241579e-01 1.371830e-01 1.493622e-01 1.606206e-01 1.708887e-01 1.801033e-01 1.882074e-01 1.951512e-01 2.008918e-01 2.053938e-01 2.086295e-01 2.105789e-01 2.112301e-01 
-2.796101e-01 -2.787482e-01 -2.761677e-01 -2.718845e-01 -2.659250e-01 -2.583261e-01 -2.491345e-01 -2.384068e-01 -2.262094e-01 -2.126172e-01 -1.977142e-01 -1.815923e-01 -1.643507e-01 -1.460959e-01 -1.269403e-01 -1.070022e-01 -8.640428e-02 -6.527369e-02 -4.374066e-02 -2.193796e-02 -1.712118e-17 2.193796e-02 4.374066e-02 6.527369e-02 8.640428e-02 1.070022e-01 1.269403e-01 1.460959e-01 1.643507e-01 1.815923e-01 1.977142e-01 2.126172e-01 2.262094e-01 2.384068e-01 2.491345e-01 2.583261e-01 2.659250e-01 2.718845e-01 2.761677e-01 2.787482e-01 2.796101e-01 
-3.462663e-01 -3.451989e-01 -3.420032e-01 -3.366989e-01 -3.293188e-01 -3.199083e-01 -3.085255e-01 -2.952405e-01 -2.801353e-01 -2.633030e-01 -2.448472e-01 -2.248820e-01 -2.035302e-01 -1.809236e-01 -1.572016e-01 -1.325104e-01 -1.070022e-01 -8.083426e-02 -5.416798e-02 -2.716774e-02 -2.120270e-17 2.716774e-02 5.416798e-02 8.083426e-02 1.070022e-01 1.325104e-01 1.572016e-01 1.809236e-01 2.035302e-01 2.248820e-01 2.448472e-01 2.633030e-01 2.801353e-01 2.952405e-01 3.085255e-01 3.199083e-01 3.293188e-01 3.366989e-01 3.420032e-01 3.451989e-01 3.462663e-01 
-4.107876e-01 -4.095213e-01 -4.057301e-01 -3.994375e-01 -3.906822e-01 -3.795182e-01 -3.660144e-01 -3.502540e-01 -3.323341e-01 -3.123653e-01 -2.904707e-01 -2.667852e-01 -2.414549e-01 -2.146359e-01 -1.864937e-01 -1.572016e-01 -1.269403e-01 -9.589646e-02 -6.426134e-02 -3.223002e-02 -2.515349e-17 3.223002e-02 6.426134e-02 9.589646e-02 1.269403e-01 1.572016e-01 1.864937e-01 2.146359e-01 2.414549e-01 2.667852e-01 2.904707e-01 3.123653e-01 3.323341e-01 3.502540e-01 3.660144e-01 3.795182e-01 3.906822e-01 3.994375e-01 4.057301e-01 4.095213e-01 4.107876e-01 
-4.727763e-01 -4.713188e-01 -4.669556e-01 -4.597134e-01 -4.496369e-01 -4.367883e-01 -4.212467e-01 -4.031080e-01 -3.824840e-01 -3.595019e-01 -3.343033e-01 -3.070436e-01 -2.778909e-01 -2.470249e-01 -2.146359e-01 -1.809236e-01 -1.460959e-01 -1.103674e-01 -7.395850e-02 -3.709360e-02 -2.894920e-17 3.709360e-02 7.395850e-02 1.103674e-01 1.460959e-01 1.809236e-01 2.146359e-01 2.470249e-01 2.778909e-01 3.070436e-01 3.343033e-01 3.595019e-01 3.824840e-01 4.031080e-01 4.212467e-01 4.367883e-01 4.496369e-01 4.597134e-01 4.669556e-01 4.713188e-01 4.727763e-01 
-5.318501e-01 -5.302106e-01 -5.253021e-01 -5.171550e-01 -5.058195e-01 -4.913654e-01 -4.738819e-01 -4.534767e-01 -4.302758e-01 -4.044220e-01 -3.760748e-01 -3.454090e-01 -3.126136e-01 -2.778909e-01 -2.414549e-01 -2.035302e-01 -1.643507e-01 -1.241579e-01 -8.319968e-02 -4.172848e-02 -3.256643e-17 4.172848e-02 8.319968e-02 1.241579e-01 1.643507e-01 2.035302e-01 2.414549e-01 2.778909e-01 3.126136e-01 3.454090e-01 3.760748e-01 4.044220e-01 4.302758e-01 4.534767e-01 4.738819e-01 4.913654e-01 5.058195e-01 5.171550e-01 5.253021e-01 5.302106e-01 5.318501e-01 
-5.876449e-01 -5.858334e-01 -5.804100e-01 -5.714082e-01 -5.588835e-01 -5.429131e-01 -5.235954e-01 -5.010496e-01 -4.754147e-01 -4.468487e-01 -4.155277e-01 -3.816448e-01 -3.454090e-01 -3.070436e-01 -2.667852e-01 -2.248820e-01 -1.815923e-01 -1.371830e-01 -9.192791e-02 -4.610609e-02 -3.598287e-17 4.610609e-02 9.192791e-02 1.371830e-01 1.815923e-01 2.248820e-01 2.667852e-01 3.070436e-01 3.454090e-01 3.816448e-01 4.155277e-01 4.468487e-01 4.754147e-01 5.010496e-01 5.235954e-01 5.429131e-01 5.588835e-01 5.714082e-01 5.804100e-01 5.858334e-01 5.876449e-01 
-6.398167e-01 -6.378443e-01 -6.319395e-01 -6.221385e-01 -6.085018e-01 -5.911135e-01 -5.700808e-01 -5.455334e-01 -5.176226e-01 -4.865204e-01 -4.524187e-01 -4.155277e-01 -3.760748e-01 -3.343033e-01 -2.904707e-01 -2.448472e-01 -1.977142e-01 -1.493622e-01 -1.000894e-01 -5.019944e-02 -3.917747e-17 5.019944e-02 1.000894e-01 1.493622e-01 1.977142e-01 2.448472e-01 2.904707e-01 3.343033e-01 3.760748e-01 4.155277e-01 4.524187e-01 4.865204e-01 5.176226e-01 5.455334e-01 5.700808e-01 5.911135e-01 6.085018e-01 6.221385e-01 6.319395e-01 6.378443e-01 6.398167e-01 
-6.880438e-01 -6.859228e-01 -6.795728e-01 -6.690331e-01 -6.543685e-01 -6.356696e-01 -6.130515e-01 -5.866538e-01 -5.566391e-01 -5.231926e-01 -4.865204e-01 -4.468487e-01 -4.044220e-01 -3.595019e-01 -3.123653e-01 -2.633030e-01 -2.126172e-01 -1.606206e-01 -1.076338e-01 -5.398329e-02 -4.213053e-17 5.398329e-02 1.076338e-01 1.606206e-01 2.126172e-01 2.633030e-01 3.123653e-01 3.595019e-01 4.044220e-01 4.468487e-01 4.865204e-01 5.231926e-01 5.566391e-01 5.866538e-01 6.130515e-01 6.356696e-01 6.543685e-01 6.690331e-01 6.795728e-01 6.859228e-01 6.880438e-01 
-7.320288e-01 -7.297722e-01 -7.230164e-01 -7.118028e-01 -6.962008e-01 -6.763065e-01 -6.522425e-01 -6.241572e-01 -5.922238e-01 -5.566391e-01 -5.176226e-01 -4.754147e-01 -4.302758e-01 -3.824840e-01 -3.323341e-01 -2.801353e-01 -2.262094e-01 -1.708887e-01 -1.145145e-01 -5.743432e-02 -4.482384e-17 5.743432e-02 1.145145e-01 1.708887e-01 2.262094e-01 2.801353e-01 3.323341e-01 3.824840e-01 4.302758e-01 4.754147e-01 5.176226e-01 5.566391e-01 5.922238e-01 6.241572e-01 6.522425e-01 6.763065e-01 6.962008e-01 7.118028e-01 7.230164e-01 7.297722e-01 7.320288e-01 
-7.715007e-01 -7.691224e-01 -7.620023e-01 -7.501841e-01 -7.337408e-01 -7.127737e-01 -6.874122e-01 -6.578125e-01 -6.241572e-01 -5.866538e-01 -5.455334e-01 -5.010496e-01 -4.534767e-01 -4.031080e-01 -3.502540e-01 -2.952405e-01 -2.384068e-01 -1.801033e-01 -1.206893e-01 -6.053125e-02 -4.724079e-17 6.053125e-02 1.206893e-01 1.801033e-01 2.384068e-01 2.952405e-01 3.502540e-01 4.031080e-01 4.534767e-01 5.010496e-01 5.455334e-01 5.866538e-01 6.241572e-01 6.578125e-01 6.874122e-01 7.127737e-01 7.337408e-01 7.501841e-01 7.620023e-01 7.691224e-01 7.715007e-01 
-8.062160e-01 -8.037307e-01 -7.962902e-01 -7.839402e-01 -7.667570e-01 -7.448465e-01 -7.183438e-01 -6.874122e-01 -6.522425e-01 -6.130515e-01 -5.700808e-01 -5.235954e-01 -4.738819e-01 -4.212467e-01 -3.660144e-01 -3.085255e-01 -2.491345e-01 -1.882074e-01 -1.261200e-01 -6.325498e-02 -4.936649e-17 6.325498e-02 1.261200e-01 1.882074e-01 2.491345e-01 3.085255e-01 3.660144e-01 4.212467e-01 4.738819e-01 5.235954e-01 5.700808e-01 6.130515e-01 6.522425e-01 6.874122e-01 7.183438e-01 7.448465e-01 7.667570e-01 7.839402e-01 7.962902e-01 8.037307e-01 8.062160e-01 
-8.359608e-01 -8.333838e-01 -8.256687e-01 -8.128631e-01 -7.950459e-01 -7.723270e-01 -7.448465e-01 -7.127737e-01 -6.763065e-01 -6.356696e-01 -5.911135e-01 -5.429131e-01 -4.913654e-01 -4.367883e-01 -3.795182e-01 -3.199083e-01 -2.583261e-01 -1.951512e-01 -1.307731e-01 -6.558873e-02 -5.118783e-17 6.558873e-02 1.307731e-01 1.951512e-01 2.583261e-01 3.199083e-01 3.795182e-01 4.367883e-01 4.913654e-01 5.429131e-01 5.911135e-01 6.356696e-01 6.763065e-01 7.127737e-01 7.448465e-01 7.723270e-01 7.950459e-01 8.128631e-01 8.256687e-01 8.333838e-01 8.359608e-01 
-8.605515e-01 -8.578987e-01 -8.499567e-01 -8.367744e-01 -8.184331e-01 -7.950459e-01 -7.667570e-01 -7.337408e-01 -6.962008e-01 -6.543685e-01 -6.085018e-01 -5.588835e-01 -5.058195e-01 -4.496369e-01 -3.906822e-01 -3.293188e-01 -2.659250e-01 -2.008918e-01 -1.346199e-01 -6.751809e-02 -5.269358e-17 6.751809e-02 1.346199e-01 2.008918e-01 2.659250e-01 3.293188e-01 3.906822e-01 4.496369e-01 5.058195e-01 5.588835e-01 6.085018e-01 6.543685e-01 6.962008e-01 7.337408e-01 7.667570e-01 7.950459e-01 8.184331e-01 8.367744e-01 8.499567e-01 8.578987e-01 8.605515e-01 
-8.798367e-01 -8.771244e-01 -8.690044e-01 -8.555267e-01 -8.367744e-01 -8.128631e-01 -7.839402e-01 -7.501841e-01 -7.118028e-01 -6.690331e-01 -6.221385e-01 -5.714082e-01 -5.171550e-01 -4.597134e-01 -3.994375e-01 -3.366989e-01 -2.718845e-01 -2.053938e-01 -1.376368e-01 -6.903119e-02 -5.387446e-17 6.903119e-02 1.376368e-01 2.053938e-01 2.718845e-01 3.366989e-01 3.994375e-01 4.597134e-01 5.171550e-01 5.714082e-01 6.221385e-01 6.690331e-01 7.118028e-01 7.501841e-01 7.839402e-01 8.128631e-01 8.367744e-01 8.555267e-01 8.690044e-01 8.771244e-01 8.798367e-01 
-8.936974e-01 -8.909424e-01 -8.826945e-01 -8.690044e-01 -8.499567e-01 -8.256687e-01 -7.962902e-01 -7.620023e-01 -7.230164e-01 -6.795728e-01 -6.319395e-01 -5.804100e-01 -5.253021e-01 -4.669556e-01 -4.057301e-01 -3.420032e-01 -2.761677e-01 -2.086295e-01 -1.398051e-01 -7.011869e-02 -5.472318e-17 7.011869e-02 1.398051e-01 2.086295e-01 2.761677e-01 3.420032e-01 4.057301e-01 4.669556e-01 5.253021e-01 5.804100e-01 6.319395e-01 6.795728e-01 7.230164e-01 7.620023e-01 7.962902e-01 8.256687e-01 8.499567e-01 8.690044e-01 8.826945e-01 8.909424e-01 8.936974e-01 
-9.020481e-01 -8.992674e-01 -8.909424e-01 -8.771244e-01 -8.578987e-01 -8.333838e-01 -8.037307e-01 -7.691224e-01 -7.297722e-01 -6.859228e-01 -6.378443e-01 -5.858334e-01 -5.302106e-01 -4.713188e-01 -4.095213e-01 -3.451989e-01 -2.787482e-01 -2.105789e-01 -1.411114e-01 -7.077388e-02 -5.523452e-17 7.077388e-02 1.411114e-01 2.105789e-01 2.787482e-01 3.451989e-01 4.095213e-01 4.713188e-01 5.302106e-01 5.858334e-01 6.378443e-01 6.859228e-01 7.297722e-01 7.691224e-01 8.037307e-01 8.333838e-01 8.578987e-01 8.771244e-01 8.909424e-01 8.992674e-01 9.020481e-01 
-9.048374e-01 -9.020481e-01 -8.936974e-01 -8.798367e-01 -8.605515e-01 -8.359608e-01 -8.062160e-01 -7.715007e-01 -7.320288e-01 -6.880438e-01 -6.398167e-01 -5.876449e-01 -5.318501e-01 -4.727763e-01 -4.107876e-01 -3.462663e-01 -2.796101e-01 -2.112301e-01 -1.415478e-01 -7.099273e-02 -5.540531e-17 7.099273e-02 1.415478e-01 2.112301e-01 2.796101e-01 3.462663e-01 4.107876e-01 4.727763e-01 5.318501e-01 5.876449e-01 6.398167e-01 6.880438e-01 7.320288e-01 7.715007e-01 8.062160e-01 8.359608e-01 8.605515e-01 8.798367e-01 8.936974e-01 9.020481e-01 9.048374e-01 
