1.344217e-04 1.343124e-04 1.339847e-04 1.334390e-04 1.326762e-04 1.316974e-04 1.305039e-04 1.290974e-04 1.274802e-04 1.256544e-04 1.236227e-04 1.213880e-04 1.189535e-04 1.163228e-04 1.134996e-04 1.104879e-04 1.072921e-04 1.039168e-04 1.003666e-04 9.664672e-05 9.276240e-05 8.871916e-05 8.452272e-05 8.017903e-05 7.569423e-05 7.107464e-05 6.632679e-05 6.145736e-05 5.647320e-05 5.138131e-05 4.618884e-05 4.090307e-05 3.553141e-05 3.008138e-05 2.456060e-05 1.897678e-05 1.333774e-05 7.651364e-06 1.925603e-06 3.831521e-06 9.611927e-06 1.540748e-05 2.121000e-05 2.701126e-05 3.280299e-05 3.857688e-05 4.432457e-05 5.003768e-05 5.570779e-05 6.132644e-05 6.688514e-05 7.237536e-05 7.778855e-05 8.311613e-05 8.834950e-05 9.348006e-05 9.849919e-05 1.033983e-04 1.081687e-04 1.128020e-04 1.172897e-04 1.216232e-04 1.257943e-04 1.297948e-04 1.336167e-04 1.372521e-04 1.406934e-04 1.439333e-04 1.469645e-04 1.497805e-04 1.523749e-04 1.547415e-04 1.568750e-04 1.587703e-04 1.604227e-04 1.618284e-04 1.629839e-04 1.638862e-04 1.645333e-04 1.649234e-04 1.650554e-04 
1.343124e-04 1.342032e-04 1.338758e-04 1.333305e-04 1.325683e-04 1.315902e-04 1.303976e-04 1.289923e-04 1.273763e-04 1.255520e-04 1.235218e-04 1.212889e-04 1.188564e-04 1.162277e-04 1.134067e-04 1.103974e-04 1.072041e-04 1.038314e-04 1.002840e-04 9.656705e-05 9.268576e-05 8.864568e-05 8.445252e-05 8.011222e-05 7.563091e-05 7.101493e-05 6.627078e-05 6.140514e-05 5.642485e-05 5.133693e-05 4.614850e-05 4.086685e-05 3.549937e-05 3.005357e-05 2.453708e-05 1.895761e-05 1.332296e-05 7.641002e-06 1.919697e-06 3.832945e-06 9.608847e-06 1.539988e-05 2.119788e-05 2.699460e-05 3.278180e-05 3.855116e-05 4.429434e-05 5.000296e-05 5.566860e-05 6.128281e-05 6.683710e-05 7.232296e-05 7.773183e-05 8.305515e-05 8.828433e-05 9.341075e-05 9.842582e-05 1.033209e-04 1.080875e-04 1.127170e-04 1.172009e-04 1.215309e-04 1.256985e-04 1.296957e-04 1.335144e-04 1.371467e-04 1.405851e-04 1.438222e-04 1.468509e-04 1.496645e-04 1.522566e-04 1.546213e-04 1.567529e-04 1.586465e-04 1.602976e-04 1.617020e-04 1.628564e-04 1.637580e-04 1.644045e-04 1.647943e-04 1.649262e-04 
1.339847e-04 1.338758e-04 1.335491e-04 1.330051e-04 1.322447e-04 1.312689e-04 1.300792e-04 1.286772e-04 1.270650e-04 1.252449e-04 1.232196e-04 1.209919e-04 1.185651e-04 1.159426e-04 1.131283e-04 1.101261e-04 1.069403e-04 1.035754e-04 1.000364e-04 9.632814e-05 9.245596e-05 8.842535e-05 8.424201e-05 7.991187e-05 7.544105e-05 7.083587e-05 6.610281e-05 6.124854e-05 5.627990e-05 5.120385e-05 4.602754e-05 4.075822e-05 3.540327e-05 2.997018e-05 2.446656e-05 1.890011e-05 1.327861e-05 7.609919e-06 1.901974e-06 3.837227e-06 9.599627e-06 1.537711e-05 2.116153e-05 2.694466e-05 3.271827e-05 3.847407e-05 4.420372e-05 4.989887e-05 5.555111e-05 6.115201e-05 6.669309e-05 7.216587e-05 7.756181e-05 8.287235e-05 8.808893e-05 9.320297e-05 9.820586e-05 1.030890e-04 1.078440e-04 1.124621e-04 1.169349e-04 1.212541e-04 1.254114e-04 1.293986e-04 1.332077e-04 1.368309e-04 1.402606e-04 1.434894e-04 1.465104e-04 1.493168e-04 1.519022e-04 1.542607e-04 1.563869e-04 1.582755e-04 1.599223e-04 1.613231e-04 1.624745e-04 1.633737e-04 1.640185e-04 1.644073e-04 1.645388e-04 
1.334390e-04 1.333305e-04 1.330051e-04 1.324633e-04 1.317059e-04 1.307340e-04 1.295489e-04 1.281524e-04 1.265466e-04 1.247337e-04 1.227163e-04 1.204974e-04 1.180801e-04 1.154679e-04 1.126646e-04 1.096742e-04 1.065009e-04 1.031493e-04 9.962407e-05 9.593034e-05 9.207331e-05 8.805846e-05 8.389148e-05 7.957826e-05 7.512491e-05 7.053770e-05 6.582311e-05 6.098778e-05 5.603851e-05 5.098226e-05 4.582611e-05 4.057732e-05 3.524322e-05 2.983130e-05 2.434911e-05 1.880434e-05 1.320473e-05 7.558122e-06 1.872420e-06 3.844406e-06 9.584325e-06 1.533926e-05 2.110107e-05 2.686158e-05 3.261257e-05 3.834578e-05 4.405292e-05 4.972564e-05 5.535557e-05 6.093431e-05 6.645342e-05 7.190442e-05 7.727883e-05 8.256812e-05 8.776374e-05 9.285715e-05 9.783980e-05 1.027031e-04 1.074386e-04 1.120378e-04 1.164923e-04 1.207936e-04 1.249336e-04 1.289042e-04 1.326973e-04 1.363053e-04 1.397205e-04 1.429356e-04 1.459437e-04 1.487381e-04 1.513124e-04 1.536608e-04 1.557778e-04 1.576583e-04 1.592979e-04 1.606926e-04 1.618390e-04 1.627343e-04 1.633763e-04 1.637633e-04 1.638943e-04 
1.326762e-04 1.325683e-04 1.322447e-04 1.317059e-04 1.309527e-04 1.299861e-04 1.288076e-04 1.274188e-04 1.258218e-04 1.240189e-04 1.220127e-04 1.198060e-04 1.174021e-04 1.148043e-04 1.120165e-04 1.090425e-04 1.058866e-04 1.025534e-04 9.904763e-05 9.537420e-05 9.153835e-05 8.754554e-05 8.340142e-05 7.911186e-05 7.468291e-05 7.012084e-05 6.543207e-05 6.062320e-05 5.570101e-05 5.067242e-05 4.554447e-05 4.032437e-05 3.501943e-05 2.963708e-05 2.418485e-05 1.867037e-05 1.310137e-05 7.485624e-06 1.831011e-06 3.854541e-06 9.563042e-06 1.528645e-05 2.101667e-05 2.674556e-05 3.246494e-05 3.816660e-05 4.384227e-05 4.948365e-05 5.508241e-05 6.063019e-05 6.611859e-05 7.153918e-05 7.688351e-05 8.214309e-05 8.730944e-05 9.237405e-05 9.732841e-05 1.021640e-04 1.068724e-04 1.114452e-04 1.158739e-04 1.201503e-04 1.242663e-04 1.282136e-04 1.319844e-04 1.355711e-04 1.389661e-04 1.421621e-04 1.451523e-04 1.479299e-04 1.504887e-04 1.528230e-04 1.549271e-04 1.567962e-04 1.584258e-04 1.598120e-04 1.609514e-04 1.618413e-04 1.624793e-04 1.628640e-04 1.629942e-04 
1.316974e-04 1.315902e-04 1.312689e-04 1.307340e-04 1.299861e-04 1.290264e-04 1.278563e-04 1.264774e-04 1.248918e-04 1.231018e-04 1.211098e-04 1.189189e-04 1.165320e-04 1.139527e-04 1.111847e-04 1.082318e-04 1.050984e-04 1.017888e-04 9.830789e-05 9.466050e-05 9.085183e-05 8.688730e-05 8.277251e-05 7.851330e-05 7.411567e-05 6.958584e-05 6.493019e-05 6.015529e-05 5.526785e-05 5.027473e-05 4.518296e-05 3.999967e-05 3.473214e-05 2.938773e-05 2.397394e-05 1.849834e-05 1.296859e-05 7.392445e-06 1.777716e-06 3.867717e-06 9.535913e-06 1.521888e-05 2.090857e-05 2.659691e-05 3.227575e-05 3.793693e-05 4.357224e-05 4.917343e-05 5.473222e-05 6.024030e-05 6.568932e-05 7.107092e-05 7.637668e-05 8.159819e-05 8.672701e-05 9.175469e-05 9.667280e-05 1.014729e-04 1.061466e-04 1.106855e-04 1.150813e-04 1.193257e-04 1.234108e-04 1.273284e-04 1.310707e-04 1.346301e-04 1.379992e-04 1.411707e-04 1.441379e-04 1.468941e-04 1.494331e-04 1.517492e-04 1.538370e-04 1.556915e-04 1.573084e-04 1.586837e-04 1.598141e-04 1.606970e-04 1.613300e-04 1.617116e-04 1.618408e-04 
1.305039e-04 1.303976e-04 1.300792e-04 1.295489e-04 1.288076e-04 1.278563e-04 1.266964e-04 1.253296e-04 1.237579e-04 1.219835e-04 1.200090e-04 1.178371e-04 1.154711e-04 1.129144e-04 1.101705e-04 1.072434e-04 1.041372e-04 1.008565e-04 9.740590e-05 9.379025e-05 9.001472e-05 8.608465e-05 8.200562e-05 7.778340e-05 7.342395e-05 6.893343e-05 6.431817e-05 5.958466e-05 5.473958e-05 4.978972e-05 4.474205e-05 3.960364e-05 3.438170e-05 2.908354e-05 2.371660e-05 1.828838e-05 1.280649e-05 7.278610e-06 1.712494e-06 3.884040e-06 9.503114e-06 1.513679e-05 2.077710e-05 2.641601e-05 3.204545e-05 3.765730e-05 4.324344e-05 4.879566e-05 5.430575e-05 5.976547e-05 6.516652e-05 7.050061e-05 7.575941e-05 8.093455e-05 8.601767e-05 9.100040e-05 9.587438e-05 1.006312e-04 1.052626e-04 1.097603e-04 1.141160e-04 1.183216e-04 1.223691e-04 1.262505e-04 1.299582e-04 1.334844e-04 1.368220e-04 1.399638e-04 1.429030e-04 1.456332e-04 1.481481e-04 1.504422e-04 1.525100e-04 1.543468e-04 1.559481e-04 1.573102e-04 1.584298e-04 1.593041e-04 1.599311e-04 1.603090e-04 1.604369e-04 
1.290974e-04 1.289923e-04 1.286772e-04 1.281524e-04 1.274188e-04 1.264774e-04 1.253296e-04 1.239771e-04 1.224217e-04 1.206657e-04 1.187117e-04 1.165624e-04 1.142210e-04 1.116907e-04 1.089753e-04 1.060785e-04 1.030046e-04 9.975784e-05 9.634292e-05 9.276467e-05 8.902817e-05 8.513872e-05 8.110182e-05 7.692319e-05 7.260872e-05 6.816451e-05 6.359682e-05 5.891209e-05 5.411690e-05 4.921801e-05 4.422228e-05 3.913674e-05 3.396852e-05 2.872485e-05 2.341310e-05 1.804070e-05 1.261518e-05 7.144151e-06 1.635297e-06 3.903640e-06 9.464854e-06 1.504049e-05 2.062263e-05 2.620333e-05 3.177458e-05 3.732836e-05 4.285659e-05 4.835116e-05 5.380392e-05 5.920670e-05 6.455130e-05 6.982948e-05 7.503300e-05 8.015357e-05 8.518293e-05 9.011278e-05 9.493484e-05 9.964083e-05 1.042225e-04 1.086717e-04 1.129803e-04 1.171403e-04 1.211436e-04 1.249825e-04 1.286494e-04 1.321367e-04 1.354373e-04 1.385441e-04 1.414505e-04 1.441501e-04 1.466368e-04 1.489049e-04 1.509494e-04 1.527653e-04 1.543485e-04 1.556951e-04 1.568019e-04 1.576662e-04 1.582860e-04 1.586596e-04 1.587861e-04 
1.274802e-04 1.273763e-04 1.270650e-04 1.265466e-04 1.258218e-04 1.248918e-04 1.237579e-04 1.224217e-04 1.208851e-04 1.191503e-04 1.172199e-04 1.150965e-04 1.127833e-04 1.102836e-04 1.076008e-04 1.047389e-04 1.017020e-04 9.849432e-05 9.512046e-05 9.158521e-05 8.789359e-05 8.405082e-05 8.006236e-05 7.593383e-05 7.167108e-05 6.728011e-05 6.276711e-05 5.813845e-05 5.340063e-05 4.856032e-05 4.362432e-05 3.859956e-05 3.349308e-05 2.831206e-05 2.306374e-05 1.775551e-05 1.239479e-05 6.989109e-06 1.546072e-06 3.926665e-06 9.421380e-06 1.493030e-05 2.044560e-05 2.595941e-05 3.146381e-05 3.695086e-05 4.241256e-05 4.784089e-05 5.322779e-05 5.856518e-05 6.384493e-05 6.905892e-05 7.419897e-05 7.925690e-05 8.422454e-05 8.909369e-05 9.385617e-05 9.850382e-05 1.030285e-04 1.074221e-04 1.116767e-04 1.157842e-04 1.197369e-04 1.235271e-04 1.271472e-04 1.305900e-04 1.338482e-04 1.369150e-04 1.397838e-04 1.424483e-04 1.449026e-04 1.471411e-04 1.491588e-04 1.509509e-04 1.525132e-04 1.538421e-04 1.549343e-04 1.557872e-04 1.563988e-04 1.567675e-04 1.568922e-04 
1.256544e-04 1.255520e-04 1.252449e-04 1.247337e-04 1.240189e-04 1.231018e-04 1.219835e-04 1.206657e-04 1.191503e-04 1.174395e-04 1.155356e-04 1.134415e-04 1.111602e-04 1.086949e-04 1.060491e-04 1.032266e-04 1.002314e-04 9.706776e-05 9.374024e-05 9.025352e-05 8.661255e-05 8.282248e-05 7.888868e-05 7.481670e-05 7.061231e-05 6.628143e-05 6.183017e-05 5.726479e-05 5.259172e-05 4.781753e-05 4.294893e-05 3.799275e-05 3.295596e-05 2.784562e-05 2.266890e-05 1.743307e-05 1.214547e-05 6.813534e-06 1.444762e-06 3.953281e-06 9.372970e-06 1.480662e-05 2.024651e-05 2.568486e-05 3.111386e-05 3.652564e-05 4.191231e-05 4.726595e-05 5.257859e-05 5.784225e-05 6.304891e-05 6.819053e-05 7.325905e-05 7.824641e-05 8.314451e-05 8.794528e-05 9.264066e-05 9.722259e-05 1.016831e-04 1.060141e-04 1.102078e-04 1.142564e-04 1.181522e-04 1.218876e-04 1.254551e-04 1.288477e-04 1.320582e-04 1.350800e-04 1.379066e-04 1.405317e-04 1.429496e-04 1.451549e-04 1.471425e-04 1.489078e-04 1.504468e-04 1.517557e-04 1.528315e-04 1.536715e-04 1.542739e-04 1.546370e-04 1.547599e-04 
1.236227e-04 1.235218e-04 1.232196e-04 1.227163e-04 1.220127e-04 1.211098e-04 1.200090e-04 1.187117e-04 1.172199e-04 1.155356e-04 1.136614e-04 1.115999e-04 1.093540e-04 1.069269e-04 1.043222e-04 1.015435e-04 9.859475e-05 9.548018e-05 9.220420e-05 8.877147e-05 8.518684e-05 8.145539e-05 7.758240e-05 7.357334e-05 6.943388e-05 6.516984e-05 6.078724e-05 5.629226e-05 5.169121e-05 4.699057e-05 4.219695e-05 3.731707e-05 3.235779e-05 2.732608e-05 2.222899e-05 1.707369e-05 1.186741e-05 6.617485e-06 1.331304e-06 3.983675e-06 9.319932e-06 1.466990e-05 2.002594e-05 2.538040e-05 3.072556e-05 3.605367e-05 4.135695e-05 4.662758e-05 5.185770e-05 5.703944e-05 6.216489e-05 6.722612e-05 7.221520e-05 7.712417e-05 8.194507e-05 8.666994e-05 9.129084e-05 9.579984e-05 1.001891e-04 1.044507e-04 1.085770e-04 1.125602e-04 1.163928e-04 1.200675e-04 1.235768e-04 1.269138e-04 1.300715e-04 1.330434e-04 1.358232e-04 1.384047e-04 1.407824e-04 1.429508e-04 1.449052e-04 1.466409e-04 1.481539e-04 1.494408e-04 1.504984e-04 1.513243e-04 1.519165e-04 1.522735e-04 1.523943e-04 
1.213880e-04 1.212889e-04 1.209919e-04 1.204974e-04 1.198060e-04 1.189189e-04 1.178371e-04 1.165624e-04 1.150965e-04 1.134415e-04 1.115999e-04 1.095741e-04 1.073672e-04 1.049823e-04 1.024227e-04 9.969213e-05 9.679446e-05 9.373381e-05 9.051452e-05 8.714114e-05 8.361847e-05 7.995147e-05 7.614535e-05 7.220547e-05 6.813739e-05 6.394685e-05 5.963975e-05 5.522217e-05 5.070031e-05 4.608053e-05 4.136934e-05 3.657334e-05 3.169928e-05 2.675401e-05 2.174446e-05 1.667769e-05 1.156081e-05 6.401034e-06 1.205636e-06 4.018045e-06 9.262606e-06 1.452059e-05 1.978450e-05 2.504677e-05 3.029982e-05 3.553602e-05 4.074769e-05 4.592713e-05 5.106662e-05 5.615840e-05 6.119468e-05 6.616767e-05 7.106955e-05 7.589250e-05 8.062869e-05 8.527029e-05 8.980950e-05 9.423854e-05 9.854968e-05 1.027352e-04 1.067876e-04 1.106992e-04 1.144627e-04 1.180707e-04 1.215163e-04 1.247924e-04 1.278924e-04 1.308098e-04 1.335383e-04 1.360722e-04 1.384058e-04 1.405340e-04 1.424519e-04 1.441552e-04 1.456400e-04 1.469027e-04 1.479405e-04 1.487509e-04 1.493319e-04 1.496822e-04 1.498008e-04 
1.189535e-04 1.188564e-04 1.185651e-04 1.180801e-04 1.174021e-04 1.165320e-04 1.154711e-04 1.142210e-04 1.127833e-04 1.111602e-04 1.093540e-04 1.073672e-04 1.052027e-04 1.028636e-04 1.003532e-04 9.767511e-05 9.483306e-05 9.183113e-05 8.867356e-05 8.536483e-05 8.190962e-05 7.831282e-05 7.457951e-05 7.071496e-05 6.672462e-05 6.261412e-05 5.838924e-05 5.405594e-05 4.962031e-05 4.508859e-05 4.046715e-05 3.576249e-05 3.098122e-05 2.613006e-05 2.121583e-05 1.624545e-05 1.122590e-05 6.164265e-06 1.067693e-06 4.056604e-06 9.201355e-06 1.435923e-05 1.952286e-05 2.468482e-05 2.983764e-05 3.497382e-05 4.008583e-05 4.516609e-05 5.020701e-05 5.520095e-05 6.014029e-05 6.501735e-05 6.982445e-05 7.455391e-05 7.919805e-05 8.374920e-05 8.819970e-05 9.254191e-05 9.676827e-05 1.008712e-04 1.048434e-04 1.086773e-04 1.123658e-04 1.159017e-04 1.192781e-04 1.224883e-04 1.255257e-04 1.283839e-04 1.310570e-04 1.335393e-04 1.358252e-04 1.379097e-04 1.397883e-04 1.414565e-04 1.429107e-04 1.441474e-04 1.451637e-04 1.459573e-04 1.465263e-04 1.468693e-04 1.469854e-04 
1.163228e-04 1.162277e-04 1.159426e-04 1.154679e-04 1.148043e-04 1.139527e-04 1.129144e-04 1.116907e-04 1.102836e-04 1.086949e-04 1.069269e-04 1.049823e-04 1.028636e-04 1.005741e-04 9.811678e-05 9.549529e-05 9.271332e-05 8.977481e-05 8.668392e-05 8.344502e-05 8.006269e-05 7.654171e-05 7.288706e-05 6.910388e-05 6.519751e-05 6.117346e-05 5.703739e-05 5.279513e-05 4.845264e-05 4.401603e-05 3.949154e-05 3.488553e-05 3.020448e-05 2.545497e-05 2.064367e-05 1.577738e-05 1.086293e-05 5.907275e-06 9.174153e-07 4.099576e-06 9.136567e-06 1.418637e-05 1.924175e-05 2.429543e-05 2.934007e-05 3.436832e-05 3.937279e-05 4.434604e-05 4.928063e-05 5.416906e-05 5.900385e-05 6.377747e-05 6.848240e-05 7.311110e-05 7.765607e-05 8.210976e-05 8.646470e-05 9.071342e-05 9.484850e-05 9.886258e-05 1.027484e-04 1.064987e-04 1.101065e-04 1.135649e-04 1.168670e-04 1.200063e-04 1.229764e-04 1.257712e-04 1.283847e-04 1.308115e-04 1.330462e-04 1.350840e-04 1.369203e-04 1.385509e-04 1.399722e-04 1.411809e-04 1.421742e-04 1.429498e-04 1.435059e-04 1.438412e-04 1.439546e-04 
1.134996e-04 1.134067e-04 1.131283e-04 1.126646e-04 1.120165e-04 1.111847e-04 1.101705e-04 1.089753e-04 1.076008e-04 1.060491e-04 1.043222e-04 1.024227e-04 1.003532e-04 9.811678e-05 9.571648e-05 9.315576e-05 9.043824e-05 8.756777e-05 8.454840e-05 8.138441e-05 7.808026e-05 7.464062e-05 7.107033e-05 6.737445e-05 6.355816e-05 5.962684e-05 5.558604e-05 5.144143e-05 4.719885e-05 4.286426e-05 3.844375e-05 3.394355e-05 2.936999e-05 2.472949e-05 2.002859e-05 1.527393e-05 1.047219e-05 5.630179e-06 7.547434e-07 4.147194e-06 9.068652e-06 1.400260e-05 1.894194e-05 2.387955e-05 2.880826e-05 3.372086e-05 3.861010e-05 4.346871e-05 4.828939e-05 5.306481e-05 5.778764e-05 6.245052e-05 6.704609e-05 7.156697e-05 7.600581e-05 8.035527e-05 8.460801e-05 8.875676e-05 9.279426e-05 9.671336e-05 1.005069e-04 1.041680e-04 1.076897e-04 1.110652e-04 1.142880e-04 1.173517e-04 1.202500e-04 1.229771e-04 1.255271e-04 1.278948e-04 1.300750e-04 1.320629e-04 1.338541e-04 1.354447e-04 1.368310e-04 1.380099e-04 1.389787e-04 1.397351e-04 1.402775e-04 1.406044e-04 1.407151e-04 
1.104879e-04 1.103974e-04 1.101261e-04 1.096742e-04 1.090425e-04 1.082318e-04 1.072434e-04 1.060785e-04 1.047389e-04 1.032266e-04 1.015435e-04 9.969213e-05 9.767511e-05 9.549529e-05 9.315576e-05 9.065983e-05 8.801103e-05 8.521310e-05 8.227000e-05 7.918588e-05 7.596510e-05 7.261218e-05 6.913187e-05 6.552905e-05 6.180881e-05 5.797638e-05 5.403714e-05 4.999665e-05 4.586059e-05 4.163477e-05 3.732512e-05 3.293773e-05 2.847875e-05 2.395447e-05 1.937126e-05 1.473559e-05 1.005399e-05 5.333108e-06 5.796247e-07 4.199697e-06 8.998038e-06 1.380853e-05 1.862423e-05 2.343820e-05 2.824341e-05 3.303282e-05 3.779934e-05 4.253588e-05 4.723530e-05 5.189043e-05 5.649411e-05 6.103915e-05 6.551837e-05 6.992457e-05 7.425056e-05 7.848919e-05 8.263332e-05 8.667583e-05 9.060969e-05 9.442791e-05 9.812358e-05 1.016899e-04 1.051202e-04 1.084078e-04 1.115465e-04 1.145300e-04 1.173523e-04 1.200075e-04 1.224903e-04 1.247954e-04 1.269177e-04 1.288528e-04 1.305964e-04 1.321445e-04 1.334938e-04 1.346412e-04 1.355840e-04 1.363202e-04 1.368480e-04 1.371662e-04 1.372739e-04 
1.072921e-04 1.072041e-04 1.069403e-04 1.065009e-04 1.058866e-04 1.050984e-04 1.041372e-04 1.030046e-04 1.017020e-04 1.002314e-04 9.859475e-05 9.679446e-05 9.483306e-05 9.271332e-05 9.043824e-05 8.801103e-05 8.543512e-05 8.271414e-05 7.985193e-05 7.685253e-05 7.372016e-05 7.045924e-05 6.707434e-05 6.357024e-05 5.995187e-05 5.622431e-05 5.239280e-05 4.846274e-05 4.443964e-05 4.032917e-05 3.613710e-05 3.186933e-05 2.753187e-05 2.313082e-05 1.867240e-05 1.416289e-05 9.608679e-06 5.016212e-06 3.920138e-07 4.257329e-06 8.925169e-06 1.360481e-05 1.828949e-05 2.297243e-05 2.764678e-05 3.230568e-05 3.694223e-05 4.154948e-05 4.612048e-05 5.064825e-05 5.512580e-05 5.954614e-05 6.390224e-05 6.818712e-05 7.239376e-05 7.651521e-05 8.054451e-05 8.447477e-05 8.829912e-05 9.201078e-05 9.560305e-05 9.906933e-05 1.024031e-04 1.055981e-04 1.086480e-04 1.115470e-04 1.142890e-04 1.168687e-04 1.192806e-04 1.215197e-04 1.235812e-04 1.254606e-04 1.271540e-04 1.286575e-04 1.299678e-04 1.310820e-04 1.319976e-04 1.327124e-04 1.332249e-04 1.335339e-04 1.336384e-04 
1.039168e-04 1.038314e-04 1.035754e-04 1.031493e-04 1.025534e-04 1.017888e-04 1.008565e-04 9.975784e-05 9.849432e-05 9.706776e-05 9.548018e-05 9.373381e-05 9.183113e-05 8.977481e-05 8.756777e-05 8.521310e-05 8.271414e-05 8.007440e-05 7.729759e-05 7.438762e-05 7.134859e-05 6.818478e-05 6.490062e-05 6.150073e-05 5.798989e-05 5.437304e-05 5.065525e-05 4.684175e-05 4.293790e-05 3.894918e-05 3.488120e-05 3.073970e-05 2.653048e-05 2.225950e-05 1.793278e-05 1.355642e-05 9.136622e-06 4.679661e-06 1.918751e-07 4.320333e-06 8.850499e-06 1.339211e-05 1.793859e-05 2.248334e-05 2.701971e-05 3.154100e-05 3.604051e-05 4.051148e-05 4.494715e-05 4.934072e-05 5.368541e-05 5.797438e-05 6.220085e-05 6.635799e-05 7.043902e-05 7.443715e-05 7.834566e-05 8.215784e-05 8.586705e-05 8.946671e-05 9.295033e-05 9.631152e-05 9.954400e-05 1.026416e-04 1.055985e-04 1.084086e-04 1.110666e-04 1.135669e-04 1.159045e-04 1.180744e-04 1.200721e-04 1.218933e-04 1.235341e-04 1.249908e-04 1.262603e-04 1.273398e-04 1.282268e-04 1.289193e-04 1.294158e-04 1.297151e-04 1.298164e-04 
1.003666e-04 1.002840e-04 1.000364e-04 9.962407e-05 9.904763e-05 9.830789e-05 9.740590e-05 9.634292e-05 9.512046e-05 9.374024e-05 9.220420e-05 9.051452e-05 8.867356e-05 8.668392e-05 8.454840e-05 8.227000e-05 7.985193e-05 7.729759e-05 7.461056e-05 7.179461e-05 6.885371e-05 6.579197e-05 6.261371e-05 5.932336e-05 5.592557e-05 5.242509e-05 4.882683e-05 4.513586e-05 4.135735e-05 3.749661e-05 3.355907e-05 2.955026e-05 2.547584e-05 2.134155e-05 1.715322e-05 1.291678e-05 8.638229e-06 4.323649e-06 2.081565e-08 4.388953e-06 8.774495e-06 1.317112e-05 1.757246e-05 2.197209e-05 2.636356e-05 3.074039e-05 3.509604e-05 3.942398e-05 4.371763e-05 4.797040e-05 5.217570e-05 5.632692e-05 6.041745e-05 6.444069e-05 6.839007e-05 7.225901e-05 7.604099e-05 7.972952e-05 8.331819e-05 8.680063e-05 9.017056e-05 9.342183e-05 9.654837e-05 9.954426e-05 1.024037e-04 1.051212e-04 1.076913e-04 1.101088e-04 1.123687e-04 1.144665e-04 1.163976e-04 1.181581e-04 1.197440e-04 1.211520e-04 1.223789e-04 1.234221e-04 1.242793e-04 1.249486e-04 1.254284e-04 1.257176e-04 1.258155e-04 
9.664672e-05 9.656705e-05 9.632814e-05 9.593034e-05 9.537420e-05 9.466050e-05 9.379025e-05 9.276467e-05 9.158521e-05 9.025352e-05 8.877147e-05 8.714114e-05 8.536483e-05 8.344502e-05 8.138441e-05 7.918588e-05 7.685253e-05 7.438762e-05 7.179461e-05 6.907713e-05 6.623899e-05 6.328416e-05 6.021679e-05 5.704117e-05 5.376175e-05 5.038313e-05 4.691005e-05 4.334738e-05 3.970011e-05 3.597337e-05 3.217240e-05 2.830254e-05 2.436924e-05 2.037805e-05 1.633461e-05 1.224464e-05 8.113941e-06 3.948390e-06 2.460690e-07 4.463430e-06 8.697629e-06 1.294255e-05 1.719202e-05 2.143984e-05 2.567976e-05 2.990549e-05 3.411072e-05 3.828912e-05 4.243431e-05 4.653993e-05 5.059958e-05 5.460688e-05 5.855544e-05 6.243887e-05 6.625080e-05 6.998490e-05 7.363486e-05 7.719442e-05 8.065738e-05 8.401761e-05 8.726907e-05 9.040581e-05 9.342199e-05 9.631194e-05 9.907009e-05 1.016911e-04 1.041697e-04 1.065011e-04 1.086803e-04 1.107031e-04 1.125650e-04 1.142623e-04 1.157912e-04 1.171486e-04 1.183313e-04 1.193369e-04 1.201632e-04 1.208083e-04 1.212707e-04 1.215495e-04 1.216439e-04 
9.276240e-05 9.268576e-05 9.245596e-05 9.207331e-05 9.153835e-05 9.085183e-05 9.001472e-05 8.902817e-05 8.789359e-05 8.661255e-05 8.518684e-05 8.361847e-05 8.190962e-05 8.006269e-05 7.808026e-05 7.596510e-05 7.372016e-05 7.134859e-05 6.885371e-05 6.623899e-05 6.350809e-05 6.066483e-05 5.771319e-05 5.465729e-05 5.150141e-05 4.824996e-05 4.490750e-05 4.147871e-05 3.796840e-05 3.438148e-05 3.072301e-05 2.699812e-05 2.321206e-05 1.937017e-05 1.547788e-05 1.154071e-05 7.564234e-06 3.554128e-06 4.838798e-07 4.543998e-06 8.620377e-06 1.270711e-05 1.679826e-05 2.088782e-05 2.496977e-05 2.903803e-05 3.308652e-05 3.710912e-05 4.109967e-05 4.505203e-05 4.896004e-05 5.281752e-05 5.661831e-05 6.035625e-05 6.402521e-05 6.761908e-05 7.113177e-05 7.455728e-05 7.788962e-05 8.112290e-05 8.425132e-05 8.726915e-05 9.017081e-05 9.295082e-05 9.560388e-05 9.812482e-05 1.005087e-04 1.027507e-04 1.048464e-04 1.067914e-04 1.085817e-04 1.102136e-04 1.116835e-04 1.129884e-04 1.141255e-04 1.150922e-04 1.158864e-04 1.165065e-04 1.169510e-04 1.172190e-04 1.173097e-04 
8.871916e-05 8.864568e-05 8.842535e-05 8.805846e-05 8.754554e-05 8.688730e-05 8.608465e-05 8.513872e-05 8.405082e-05 8.282248e-05 8.145539e-05 7.995147e-05 7.831282e-05 7.654171e-05 7.464062e-05 7.261218e-05 7.045924e-05 6.818478e-05 6.579197e-05 6.328416e-05 6.066483e-05 5.793764e-05 5.510640e-05 5.217504e-05 4.914767e-05 4.602851e-05 4.282192e-05 3.953240e-05 3.616453e-05 3.272305e-05 2.921279e-05 2.563868e-05 2.200575e-05 1.831912e-05 1.458402e-05 1.080573e-05 6.989617e-06 3.141131e-06 7.342249e-07 4.630881e-06 8.543213e-06 1.246554e-05 1.639215e-05 2.031727e-05 2.423509e-05 2.813977e-05 3.202546e-05 3.588626e-05 3.971625e-05 4.350952e-05 4.726014e-05 5.096216e-05 5.460965e-05 5.819670e-05 6.171742e-05 6.516591e-05 6.853636e-05 7.182297e-05 7.502003e-05 7.812186e-05 8.112291e-05 8.401770e-05 8.680087e-05 8.946719e-05 9.201158e-05 9.442911e-05 9.671505e-05 9.886484e-05 1.008742e-04 1.027389e-04 1.044553e-04 1.060196e-04 1.074287e-04 1.086795e-04 1.097694e-04 1.106959e-04 1.114572e-04 1.120515e-04 1.124775e-04 1.127344e-04 1.128213e-04 
8.452272e-05 8.445252e-05 8.424201e-05 8.389148e-05 8.340142e-05 8.277251e-05 8.200562e-05 8.110182e-05 8.006236e-05 7.888868e-05 7.758240e-05 7.614535e-05 7.457951e-05 7.288706e-05 7.107033e-05 6.913187e-05 6.707434e-05 6.490062e-05 6.261371e-05 6.021679e-05 5.771319e-05 5.510640e-05 5.240003e-05 4.959786e-05 4.670378e-05 4.372182e-05 4.065616e-05 3.751107e-05 3.429094e-05 3.100029e-05 2.764373e-05 2.422597e-05 2.075182e-05 1.722619e-05 1.365407e-05 1.004050e-05 6.390641e-06 2.709695e-06 9.970617e-07 4.724295e-06 8.466613e-06 1.221858e-05 1.597470e-05 1.972944e-05 2.347725e-05 2.721251e-05 3.092961e-05 3.462288e-05 3.828667e-05 4.191528e-05 4.550302e-05 4.904421e-05 5.253315e-05 5.596417e-05 5.933162e-05 6.262987e-05 6.585334e-05 6.899648e-05 7.205383e-05 7.501996e-05 7.788955e-05 8.065739e-05 8.331834e-05 8.586743e-05 8.829980e-05 9.061076e-05 9.279580e-05 9.485058e-05 9.677099e-05 9.855314e-05 1.001934e-04 1.016883e-04 1.030347e-04 1.042299e-04 1.052712e-04 1.061565e-04 1.068838e-04 1.074516e-04 1.078587e-04 1.081040e-04 1.081871e-04 
8.017903e-05 8.011222e-05 7.991187e-05 7.957826e-05 7.911186e-05 7.851330e-05 7.778340e-05 7.692319e-05 7.593383e-05 7.481670e-05 7.357334e-05 7.220547e-05 7.071496e-05 6.910388e-05 6.737445e-05 6.552905e-05 6.357024e-05 6.150073e-05 5.932336e-05 5.704117e-05 5.465729e-05 5.217504e-05 4.959786e-05 4.692931e-05 4.417311e-05 4.133308e-05 3.841318e-05 3.541747e-05 3.235015e-05 2.921549e-05 2.601788e-05 2.276182e-05 1.945188e-05 1.609273e-05 1.268912e-05 9.245870e-06 5.767891e-06 2.260148e-06 1.272326e-06 4.824439e-06 8.391045e-06 1.196695e-05 1.554690e-05 1.912563e-05 2.269781e-05 2.625808e-05 2.980107e-05 3.332137e-05 3.681357e-05 4.027222e-05 4.369190e-05 4.706715e-05 5.039255e-05 5.366267e-05 5.687212e-05 6.001552e-05 6.308753e-05 6.608289e-05 6.899635e-05 7.182277e-05 7.455707e-05 7.719427e-05 7.972951e-05 8.215804e-05 8.447525e-05 8.667668e-05 8.875804e-05 9.071523e-05 9.254433e-05 9.424166e-05 9.580374e-05 9.722736e-05 9.850956e-05 9.964765e-05 1.006392e-04 1.014822e-04 1.021747e-04 1.027153e-04 1.031029e-04 1.033365e-04 1.034156e-04 
7.569423e-05 7.563091e-05 7.544105e-05 7.512491e-05 7.468291e-05 7.411567e-05 7.342395e-05 7.260872e-05 7.167108e-05 7.061231e-05 6.943388e-05 6.813739e-05 6.672462e-05 6.519751e-05 6.355816e-05 6.180881e-05 5.995187e-05 5.798989e-05 5.592557e-05 5.376175e-05 5.150141e-05 4.914767e-05 4.670378e-05 4.417311e-05 4.155916e-05 3.886556e-05 3.609605e-05 3.325447e-05 3.034478e-05 2.737104e-05 2.433741e-05 2.124814e-05 1.810757e-05 1.492013e-05 1.169032e-05 8.422723e-06 5.121993e-06 1.792848e-06 1.559929e-06 4.931499e-06 8.316969e-06 1.171139e-05 1.510979e-05 1.850713e-05 2.189834e-05 2.527834e-05 2.864199e-05 3.198415e-05 3.529967e-05 3.858336e-05 4.183005e-05 4.503455e-05 4.819169e-05 5.129632e-05 5.434328e-05 5.732748e-05 6.024384e-05 6.308734e-05 6.585300e-05 6.853595e-05 7.113135e-05 7.363448e-05 7.604073e-05 7.834560e-05 8.054471e-05 8.263385e-05 8.460896e-05 8.646614e-05 8.820171e-05 8.981217e-05 9.129424e-05 9.264490e-05 9.386133e-05 9.494101e-05 9.588166e-05 9.668130e-05 9.733823e-05 9.785105e-05 9.821866e-05 9.844027e-05 9.851530e-05 
7.107464e-05 7.101493e-05 7.083587e-05 7.053770e-05 7.012084e-05 6.958584e-05 6.893343e-05 6.816451e-05 6.728011e-05 6.628143e-05 6.516984e-05 6.394685e-05 6.261412e-05 6.117346e-05 5.962684e-05 5.797638e-05 5.622431e-05 5.437304e-05 5.242509e-05 5.038313e-05 4.824996e-05 4.602851e-05 4.372182e-05 4.133308e-05 3.886556e-05 3.632268e-05 3.370796e-05 3.102501e-05 2.827756e-05 2.546943e-05 2.260455e-05 1.968692e-05 1.672064e-05 1.370987e-05 1.065888e-05 7.571999e-06 4.453612e-06 1.308185e-06 1.859759e-06 5.045642e-06 8.244834e-06 1.145265e-05 1.466438e-05 1.787524e-05 2.108045e-05 2.427517e-05 2.745454e-05 3.061368e-05 3.374771e-05 3.685172e-05 3.992078e-05 4.294999e-05 4.593445e-05 4.886925e-05 5.174954e-05 5.457047e-05 5.732723e-05 6.001506e-05 6.262927e-05 6.516523e-05 6.761837e-05 6.998423e-05 7.225844e-05 7.443675e-05 7.651505e-05 7.848934e-05 8.035579e-05 8.211075e-05 8.375072e-05 8.527241e-05 8.667276e-05 8.794888e-05 8.909816e-05 9.011820e-05 9.100687e-05 9.176230e-05 9.238290e-05 9.286736e-05 9.321464e-05 9.342398e-05 9.349487e-05 
6.632679e-05 6.627078e-05 6.610281e-05 6.582311e-05 6.543207e-05 6.493019e-05 6.431817e-05 6.359682e-05 6.276711e-05 6.183017e-05 6.078724e-05 5.963975e-05 5.838924e-05 5.703739e-05 5.558604e-05 5.403714e-05 5.239280e-05 5.065525e-05 4.882683e-05 4.691005e-05 4.490750e-05 4.282192e-05 4.065616e-05 3.841318e-05 3.609605e-05 3.370796e-05 3.125219e-05 2.873214e-05 2.615129e-05 2.351323e-05 2.082161e-05 1.808021e-05 1.529286e-05 1.246348e-05 9.596067e-06 6.694680e-06 3.763455e-06 8.065853e-07 2.171675e-06 5.167015e-06 8.175076e-06 1.119145e-05 1.421168e-05 1.723129e-05 2.024573e-05 2.325047e-05 2.624091e-05 2.921246e-05 3.216049e-05 3.508037e-05 3.796746e-05 4.081713e-05 4.362475e-05 4.638570e-05 4.909538e-05 5.174923e-05 5.434271e-05 5.687135e-05 5.933070e-05 6.171639e-05 6.402415e-05 6.624976e-05 6.838911e-05 7.043820e-05 7.239316e-05 7.425024e-05 7.600583e-05 7.765650e-05 7.919898e-05 8.063018e-05 8.194721e-05 8.314738e-05 8.422822e-05 8.518750e-05 8.602322e-05 8.673362e-05 8.731723e-05 8.777279e-05 8.809936e-05 8.829621e-05 8.836288e-05 
6.145736e-05 6.140514e-05 6.124854e-05 6.098778e-05 6.062320e-05 6.015529e-05 5.958466e-05 5.891209e-05 5.813845e-05 5.726479e-05 5.629226e-05 5.522217e-05 5.405594e-05 5.279513e-05 5.144143e-05 4.999665e-05 4.846274e-05 4.684175e-05 4.513586e-05 4.334738e-05 4.147871e-05 3.953240e-05 3.751107e-05 3.541747e-05 3.325447e-05 3.102501e-05 2.873214e-05 2.637902e-05 2.396889e-05 2.150507e-05 1.899099e-05 1.643014e-05 1.382611e-05 1.118255e-05 8.503180e-06 5.791800e-06 3.052269e-06 2.885066e-07 2.495508e-06 5.295743e-06 8.108116e-06 1.092850e-05 1.375272e-05 1.657657e-05 1.939581e-05 2.220616e-05 2.500333e-05 2.778299e-05 3.054080e-05 3.327241e-05 3.597349e-05 3.863965e-05 4.126657e-05 4.384991e-05 4.638534e-05 4.886858e-05 5.129538e-05 5.366153e-05 5.596286e-05 5.819528e-05 6.035477e-05 6.243739e-05 6.443928e-05 6.635669e-05 6.818600e-05 6.992369e-05 7.156641e-05 7.311092e-05 7.455417e-05 7.589328e-05 7.712554e-05 7.824844e-05 7.925969e-05 8.015719e-05 8.093907e-05 8.160371e-05 8.214970e-05 8.257591e-05 8.288142e-05 8.306559e-05 8.312796e-05 
5.647320e-05 5.642485e-05 5.627990e-05 5.603851e-05 5.570101e-05 5.526785e-05 5.473958e-05 5.411690e-05 5.340063e-05 5.259172e-05 5.169121e-05 5.070031e-05 4.962031e-05 4.845264e-05 4.719885e-05 4.586059e-05 4.443964e-05 4.293790e-05 4.135735e-05 3.970011e-05 3.796840e-05 3.616453e-05 3.429094e-05 3.235015e-05 3.034478e-05 2.827756e-05 2.615129e-05 2.396889e-05 2.173333e-05 1.944770e-05 1.711515e-05 1.473892e-05 1.232232e-05 9.868722e-06 7.381589e-06 4.864436e-06 2.320842e-06 2.455552e-07 2.831060e-06 5.431925e-06 8.044355e-06 1.066451e-05 1.328850e-05 1.591242e-05 1.853230e-05 2.114417e-05 2.374401e-05 2.632779e-05 2.889147e-05 3.143099e-05 3.394228e-05 3.642128e-05 3.886393e-05 4.126617e-05 4.362399e-05 4.593337e-05 4.819034e-05 5.039098e-05 5.253139e-05 5.460777e-05 5.661635e-05 5.855346e-05 6.041551e-05 6.219899e-05 6.390054e-05 6.551687e-05 6.704486e-05 6.848150e-05 6.982395e-05 7.106953e-05 7.221571e-05 7.326017e-05 7.420077e-05 7.503556e-05 7.576281e-05 7.638100e-05 7.688884e-05 7.728525e-05 7.756941e-05 7.774071e-05 7.779873e-05 
5.138131e-05 5.133693e-05 5.120385e-05 5.098226e-05 5.067242e-05 5.027473e-05 4.978972e-05 4.921801e-05 4.856032e-05 4.781753e-05 4.699057e-05 4.608053e-05 4.508859e-05 4.401603e-05 4.286426e-05 4.163477e-05 4.032917e-05 3.894918e-05 3.749661e-05 3.597337e-05 3.438148e-05 3.272305e-05 3.100029e-05 2.921549e-05 2.737104e-05 2.546943e-05 2.351323e-05 2.150507e-05 1.944770e-05 1.734393e-05 1.519664e-05 1.300881e-05 1.078346e-05 8.523709e-06 6.232716e-06 3.913717e-06 1.570006e-06 7.950682e-07 3.178100e-06 5.575636e-06 7.984174e-06 1.040017e-05 1.282003e-05 1.524013e-05 1.765682e-05 2.006642e-05 2.246519e-05 2.484943e-05 2.721536e-05 2.955924e-05 3.187729e-05 3.416575e-05 3.642084e-05 3.863881e-05 4.081592e-05 4.294845e-05 4.503273e-05 4.706509e-05 4.904195e-05 5.095976e-05 5.281502e-05 5.460434e-05 5.632438e-05 5.797190e-05 5.954377e-05 6.103696e-05 6.244855e-05 6.377579e-05 6.501602e-05 6.616676e-05 6.722569e-05 6.819065e-05 6.905965e-05 6.983090e-05 7.050280e-05 7.107394e-05 7.154313e-05 7.190938e-05 7.217191e-05 7.233016e-05 7.238377e-05 
4.618884e-05 4.614850e-05 4.602754e-05 4.582611e-05 4.554447e-05 4.518296e-05 4.474205e-05 4.422228e-05 4.362432e-05 4.294893e-05 4.219695e-05 4.136934e-05 4.046715e-05 3.949154e-05 3.844375e-05 3.732512e-05 3.613710e-05 3.488120e-05 3.355907e-05 3.217240e-05 3.072301e-05 2.921279e-05 2.764373e-05 2.601788e-05 2.433741e-05 2.260455e-05 2.082161e-05 1.899099e-05 1.711515e-05 1.519664e-05 1.323808e-05 1.124215e-05 9.211611e-06 7.149277e-06 5.058031e-06 2.940817e-06 8.006341e-07 1.359463e-06 3.536368e-06 5.726924e-06 7.927931e-06 1.013614e-05 1.234828e-05 1.456101e-05 1.677098e-05 1.897482e-05 2.116911e-05 2.335043e-05 2.551532e-05 2.766033e-05 2.978198e-05 3.187681e-05 3.394135e-05 3.597215e-05 3.796575e-05 3.991873e-05 4.182770e-05 4.368930e-05 4.550021e-05 4.725716e-05 4.895695e-05 5.059642e-05 5.217251e-05 5.368224e-05 5.512271e-05 5.649115e-05 5.778486e-05 5.900131e-05 6.013805e-05 6.119280e-05 6.216343e-05 6.304794e-05 6.384451e-05 6.455149e-05 6.516740e-05 6.569096e-05 6.612106e-05 6.645680e-05 6.669747e-05 6.684254e-05 6.689169e-05 
4.090307e-05 4.086685e-05 4.075822e-05 4.057732e-05 4.032437e-05 3.999967e-05 3.960364e-05 3.913674e-05 3.859956e-05 3.799275e-05 3.731707e-05 3.657334e-05 3.576249e-05 3.488553e-05 3.394355e-05 3.293773e-05 3.186933e-05 3.073970e-05 2.955026e-05 2.830254e-05 2.699812e-05 2.563868e-05 2.422597e-05 2.276182e-05 2.124814e-05 1.968692e-05 1.808021e-05 1.643014e-05 1.473892e-05 1.300881e-05 1.124215e-05 9.441351e-06 7.608872e-06 5.747246e-06 3.859059e-06 1.946958e-06 1.364346e-08 1.938132e-06 3.905566e-06 5.885807e-06 7.875961e-06 9.873089e-06 1.187422e-05 1.387633e-05 1.587639e-05 1.787131e-05 1.985801e-05 2.183335e-05 2.379420e-05 2.573741e-05 2.765981e-05 2.955824e-05 3.142954e-05 3.327055e-05 3.507812e-05 3.684912e-05 3.858045e-05 4.026904e-05 4.191186e-05 4.350592e-05 4.504828e-05 4.653607e-05 4.796649e-05 4.933680e-05 5.064436e-05 5.188663e-05 5.306115e-05 5.416559e-05 5.519773e-05 5.615548e-05 5.703687e-05 5.784011e-05 5.856351e-05 5.920558e-05 5.976495e-05 6.024046e-05 6.063110e-05 6.093603e-05 6.115462e-05 6.128638e-05 6.133103e-05 
3.553141e-05 3.549937e-05 3.540327e-05 3.524322e-05 3.501943e-05 3.473214e-05 3.438170e-05 3.396852e-05 3.349308e-05 3.295596e-05 3.235779e-05 3.169928e-05 3.098122e-05 3.020448e-05 2.936999e-05 2.847875e-05 2.753187e-05 2.653048e-05 2.547584e-05 2.436924e-05 2.321206e-05 2.200575e-05 2.075182e-05 1.945188e-05 1.810757e-05 1.672064e-05 1.529286e-05 1.382611e-05 1.232232e-05 1.078346e-05 9.211611e-06 7.608872e-06 5.977422e-06 4.319493e-06 2.637375e-06 9.334096e-07 7.900071e-07 2.530430e-06 4.285365e-06 6.052272e-06 7.828570e-06 9.611633e-06 1.139880e-05 1.318738e-05 1.497463e-05 1.675780e-05 1.853410e-05 2.030073e-05 2.205487e-05 2.379366e-05 2.551426e-05 2.721382e-05 2.888947e-05 3.053836e-05 3.215766e-05 3.374452e-05 3.529615e-05 3.680976e-05 3.828260e-05 3.971197e-05 4.109521e-05 4.242971e-05 4.371294e-05 4.494241e-05 4.611573e-05 4.723059e-05 4.828477e-05 4.927615e-05 5.020272e-05 5.106258e-05 5.185395e-05 5.257520e-05 5.322480e-05 5.380140e-05 5.430376e-05 5.473082e-05 5.508166e-05 5.535554e-05 5.555186e-05 5.567021e-05 5.571032e-05 
3.008138e-05 3.005357e-05 2.997018e-05 2.983130e-05 2.963708e-05 2.938773e-05 2.908354e-05 2.872485e-05 2.831206e-05 2.784562e-05 2.732608e-05 2.675401e-05 2.613006e-05 2.545497e-05 2.472949e-05 2.395447e-05 2.313082e-05 2.225950e-05 2.134155e-05 2.037805e-05 1.937017e-05 1.831912e-05 1.722619e-05 1.609273e-05 1.492013e-05 1.370987e-05 1.246348e-05 1.118255e-05 9.868722e-06 8.523709e-06 7.149277e-06 5.747246e-06 4.319493e-06 2.867952e-06 1.394604e-06 9.851331e-08 1.609316e-06 3.135671e-06 4.675398e-06 6.226276e-06 7.786038e-06 9.352379e-06 1.092296e-05 1.249539e-05 1.406728e-05 1.563618e-05 1.719962e-05 1.875512e-05 2.030016e-05 2.183223e-05 2.334879e-05 2.484729e-05 2.632519e-05 2.777995e-05 2.920901e-05 3.060985e-05 3.197997e-05 3.331688e-05 3.461811e-05 3.588124e-05 3.710389e-05 3.828372e-05 3.941845e-05 4.050586e-05 4.154381e-05 4.253021e-05 4.346307e-05 4.434050e-05 4.516067e-05 4.592190e-05 4.662258e-05 4.726123e-05 4.783650e-05 4.834716e-05 4.879210e-05 4.917038e-05 4.948116e-05 4.972377e-05 4.989768e-05 5.000252e-05 5.003805e-05 
2.456060e-05 2.453708e-05 2.446656e-05 2.434911e-05 2.418485e-05 2.397394e-05 2.371660e-05 2.341310e-05 2.306374e-05 2.266890e-05 2.222899e-05 2.174446e-05 2.121583e-05 2.064367e-05 2.002859e-05 1.937126e-05 1.867240e-05 1.793278e-05 1.715322e-05 1.633461e-05 1.547788e-05 1.458402e-05 1.365407e-05 1.268912e-05 1.169032e-05 1.065888e-05 9.596067e-06 8.503180e-06 7.381589e-06 6.232716e-06 5.058031e-06 3.859059e-06 2.637375e-06 1.394604e-06 1.324218e-07 1.147449e-06 2.443238e-06 3.753131e-06 5.075266e-06 6.407742e-06 7.748615e-06 9.095904e-06 1.044759e-05 1.180162e-05 1.315591e-05 1.450833e-05 1.585676e-05 1.719903e-05 1.853294e-05 1.985629e-05 2.116687e-05 2.246245e-05 2.374078e-05 2.499965e-05 2.623680e-05 2.745003e-05 2.863711e-05 2.979585e-05 3.092408e-05 3.201966e-05 3.308048e-05 3.410447e-05 3.508962e-05 3.603396e-05 3.693558e-05 3.779264e-05 3.860338e-05 3.936611e-05 4.007921e-05 4.074119e-05 4.135062e-05 4.190619e-05 4.240669e-05 4.285104e-05 4.323824e-05 4.356746e-05 4.383795e-05 4.404913e-05 4.420051e-05 4.429176e-05 4.432270e-05 
1.897678e-05 1.895761e-05 1.890011e-05 1.880434e-05 1.867037e-05 1.849834e-05 1.828838e-05 1.804070e-05 1.775551e-05 1.743307e-05 1.707369e-05 1.667769e-05 1.624545e-05 1.577738e-05 1.527393e-05 1.473559e-05 1.416289e-05 1.355642e-05 1.291678e-05 1.224464e-05 1.154071e-05 1.080573e-05 1.004050e-05 9.245870e-06 8.422723e-06 7.571999e-06 6.694680e-06 5.791800e-06 4.864436e-06 3.913717e-06 2.940817e-06 1.946958e-06 9.334096e-07 9.851331e-08 1.147449e-06 2.211991e-06 3.290688e-06 4.382047e-06 5.484530e-06 6.596560e-06 7.716521e-06 8.842757e-06 9.973578e-06 1.110726e-05 1.224204e-05 1.337613e-05 1.450772e-05 1.563497e-05 1.675602e-05 1.786897e-05 1.897195e-05 2.006302e-05 2.114028e-05 2.220181e-05 2.324567e-05 2.426994e-05 2.527272e-05 2.625209e-05 2.720619e-05 2.813314e-05 2.903113e-05 2.989834e-05 3.073302e-05 3.153346e-05 3.229800e-05 3.302503e-05 3.371300e-05 3.436044e-05 3.496595e-05 3.552819e-05 3.604595e-05 3.651805e-05 3.694345e-05 3.732118e-05 3.765040e-05 3.793035e-05 3.816039e-05 3.833999e-05 3.846874e-05 3.854636e-05 3.857269e-05 
1.333774e-05 1.332296e-05 1.327861e-05 1.320473e-05 1.310137e-05 1.296859e-05 1.280649e-05 1.261518e-05 1.239479e-05 1.214547e-05 1.186741e-05 1.156081e-05 1.122590e-05 1.086293e-05 1.047219e-05 1.005399e-05 9.608679e-06 9.136622e-06 8.638229e-06 8.113941e-06 7.564234e-06 6.989617e-06 6.390641e-06 5.767891e-06 5.121993e-06 4.453612e-06 3.763455e-06 3.052269e-06 2.320842e-06 1.570006e-06 8.006341e-07 1.364346e-08 7.900071e-07 1.609316e-06 2.443238e-06 3.290688e-06 4.150538e-06 5.021617e-06 5.902716e-06 6.792587e-06 7.689943e-06 8.593458e-06 9.501772e-06 1.041349e-05 1.132719e-05 1.224141e-05 1.315466e-05 1.406544e-05 1.497221e-05 1.587340e-05 1.676745e-05 1.765276e-05 1.852773e-05 1.939075e-05 2.024020e-05 2.107447e-05 2.189194e-05 2.269101e-05 2.347008e-05 2.422758e-05 2.496195e-05 2.567165e-05 2.635520e-05 2.701112e-05 2.763801e-05 2.823447e-05 2.879920e-05 2.933092e-05 2.982844e-05 3.029061e-05 3.071637e-05 3.110473e-05 3.145478e-05 3.176571e-05 3.203676e-05 3.226729e-05 3.245676e-05 3.260470e-05 3.271076e-05 3.277470e-05 3.279640e-05 
