3.249118e-04 3.237452e-04 3.202418e-04 3.143919e-04 3.061798e-04 2.955849e-04 2.825838e-04 2.671518e-04 2.492655e-04 2.289054e-04 2.060589e-04 1.807239e-04 1.529112e-04 1.226487e-04 8.998386e-05 5.498679e-05 1.775285e-05 2.159535e-05 6.290626e-05 1.059983e-04 1.506593e-04 1.966462e-04 2.436860e-04 2.914760e-04 3.396861e-04 3.879601e-04 4.359187e-04 4.831626e-04 5.292766e-04 5.738338e-04 6.164014e-04 6.565465e-04 6.938434e-04 7.278807e-04 7.582694e-04 7.846510e-04 8.067055e-04 8.241591e-04 8.367907e-04 8.444383e-04 8.470023e-04 
3.237452e-04 3.225817e-04 3.190880e-04 3.132542e-04 3.050646e-04 2.944990e-04 2.815340e-04 2.661450e-04 2.483089e-04 2.280062e-04 2.052248e-04 1.799622e-04 1.522299e-04 1.220554e-04 8.948640e-05 5.459290e-05 1.747011e-05 2.175960e-05 6.294503e-05 1.059050e-04 1.504279e-04 1.962714e-04 2.431631e-04 2.908013e-04 3.388568e-04 3.869744e-04 4.347762e-04 4.818642e-04 5.278243e-04 5.722313e-04 6.146540e-04 6.546612e-04 6.918288e-04 7.257470e-04 7.560285e-04 7.823164e-04 8.042920e-04 8.216829e-04 8.342689e-04 8.418888e-04 8.444435e-04 
3.202418e-04 3.190880e-04 3.156231e-04 3.098376e-04 3.017160e-04 2.912384e-04 2.783818e-04 2.631221e-04 2.454366e-04 2.253064e-04 2.027199e-04 1.776751e-04 1.501835e-04 1.202731e-04 8.799153e-05 5.340851e-05 1.661882e-05 2.225590e-05 6.306546e-05 1.056300e-04 1.497396e-04 1.951537e-04 2.416023e-04 2.887864e-04 3.363794e-04 3.840296e-04 4.313626e-04 4.779841e-04 5.234846e-04 5.674431e-04 6.094330e-04 6.490282e-04 6.858096e-04 7.193723e-04 7.493339e-04 7.753421e-04 7.970825e-04 8.142862e-04 8.267364e-04 8.342737e-04 8.368007e-04 
3.143919e-04 3.132542e-04 3.098376e-04 3.041328e-04 2.961249e-04 2.857943e-04 2.731188e-04 2.580751e-04 2.406411e-04 2.207990e-04 1.985376e-04 1.738558e-04 1.467655e-04 1.172951e-04 8.549199e-05 5.142560e-05 1.518987e-05 2.309478e-05 6.327988e-05 1.051878e-04 1.486113e-04 1.933132e-04 2.390271e-04 2.854583e-04 3.322852e-04 3.791615e-04 4.257184e-04 4.715684e-04 5.163087e-04 5.595258e-04 6.008008e-04 6.397157e-04 6.758594e-04 7.088354e-04 7.382693e-04 7.638163e-04 7.851688e-04 8.020641e-04 8.142902e-04 8.216916e-04 8.241730e-04 
3.061798e-04 3.050646e-04 3.017160e-04 2.961249e-04 2.882768e-04 2.781530e-04 2.657320e-04 2.509916e-04 2.339108e-04 2.144727e-04 1.926672e-04 1.684939e-04 1.419656e-04 1.131105e-04 8.197614e-05 4.863124e-05 1.316855e-05 2.429332e-05 6.360835e-05 1.046021e-04 1.470710e-04 1.907826e-04 2.354758e-04 2.808618e-04 3.266258e-04 3.724290e-04 4.179108e-04 4.626925e-04 5.063809e-04 5.485728e-04 5.888599e-04 6.268352e-04 6.620989e-04 6.942657e-04 7.229720e-04 7.478833e-04 7.687016e-04 7.851721e-04 7.970898e-04 8.043040e-04 8.067225e-04 
2.955849e-04 2.944990e-04 2.912384e-04 2.857943e-04 2.781530e-04 2.682965e-04 2.562045e-04 2.418557e-04 2.252306e-04 2.063134e-04 1.850950e-04 1.615762e-04 1.357700e-04 1.077052e-04 7.742864e-05 4.500827e-05 1.053514e-05 2.587456e-05 6.407806e-05 1.039050e-04 1.451569e-04 1.876070e-04 2.310011e-04 2.750582e-04 3.194719e-04 3.639130e-04 4.080315e-04 4.514597e-04 4.938167e-04 5.347120e-04 5.737507e-04 6.105396e-04 6.446931e-04 6.758396e-04 7.036292e-04 7.277401e-04 7.478859e-04 7.638221e-04 7.753518e-04 7.823307e-04 7.846703e-04 
2.825838e-04 2.815340e-04 2.783818e-04 2.731188e-04 2.657320e-04 2.562045e-04 2.445169e-04 2.306493e-04 2.145834e-04 1.963048e-04 1.758056e-04 1.530872e-04 1.281634e-04 1.010627e-04 7.183144e-05 4.053622e-05 7.265851e-06 2.786660e-05 6.472245e-05 1.031364e-04 1.429162e-04 1.838424e-04 2.256688e-04 2.681239e-04 3.109119e-04 3.537149e-04 3.961954e-04 4.379994e-04 4.787603e-04 5.181029e-04 5.556482e-04 5.910194e-04 6.238472e-04 6.537767e-04 6.804736e-04 7.036312e-04 7.229765e-04 7.382770e-04 7.493454e-04 7.560444e-04 7.582901e-04 
2.671518e-04 2.661450e-04 2.631221e-04 2.580751e-04 2.509916e-04 2.418557e-04 2.306493e-04 2.173537e-04 2.019519e-04 1.844305e-04 1.647829e-04 1.430112e-04 1.191293e-04 9.316541e-05 6.516494e-05 3.519243e-05 3.333895e-06 3.030150e-05 6.558008e-05 1.023427e-04 1.404045e-04 1.795544e-04 2.195562e-04 2.601494e-04 3.010501e-04 3.419541e-04 3.825382e-04 4.224642e-04 4.613819e-04 4.989336e-04 5.347586e-04 5.684984e-04 5.998027e-04 6.283347e-04 6.537782e-04 6.758430e-04 6.942716e-04 7.088444e-04 7.193849e-04 7.257639e-04 7.279022e-04 
2.492655e-04 2.483089e-04 2.454366e-04 2.406411e-04 2.339108e-04 2.252306e-04 2.145834e-04 2.019519e-04 1.873199e-04 1.706755e-04 1.520125e-04 1.313335e-04 1.086522e-04 8.399633e-05 5.740936e-05 2.895337e-05 1.289230e-06 3.321405e-05 6.669339e-05 1.015754e-04 1.376836e-04 1.748171e-04 2.127509e-04 2.512367e-04 2.900049e-04 3.287661e-04 3.672138e-04 4.050270e-04 4.418741e-04 4.774169e-04 5.113147e-04 5.432295e-04 5.728312e-04 5.998037e-04 6.238497e-04 6.446974e-04 6.621056e-04 6.758690e-04 6.858227e-04 6.918459e-04 6.938650e-04 
2.289054e-04 2.280062e-04 2.253064e-04 2.207990e-04 2.144727e-04 2.063134e-04 1.963048e-04 1.844305e-04 1.706755e-04 1.550282e-04 1.374829e-04 1.180423e-04 9.671939e-05 7.354027e-05 4.854629e-05 2.179612e-05 6.632301e-06 3.664031e-05 6.810724e-05 1.008896e-04 1.348209e-04 1.697113e-04 2.053484e-04 2.414981e-04 2.779063e-04 3.143002e-04 3.503912e-04 3.858779e-04 4.204486e-04 4.537862e-04 4.855717e-04 5.154890e-04 5.432301e-04 5.685000e-04 5.910223e-04 6.105444e-04 6.268422e-04 6.397255e-04 6.490413e-04 6.546781e-04 6.565675e-04 
2.060589e-04 2.052248e-04 2.027199e-04 1.985376e-04 1.926672e-04 1.850950e-04 1.758056e-04 1.647829e-04 1.520125e-04 1.374829e-04 1.211885e-04 1.031310e-04 8.332220e-05 6.178592e-05 3.856036e-05 1.369997e-05 1.272283e-05 4.061612e-05 6.986740e-05 1.003428e-04 1.318869e-04 1.643222e-04 1.974507e-04 2.310535e-04 2.648934e-04 2.987159e-04 3.322519e-04 3.652206e-04 3.973319e-04 4.282911e-04 4.578021e-04 4.855719e-04 5.113155e-04 5.347603e-04 5.556512e-04 5.737554e-04 5.888668e-04 6.008102e-04 6.094455e-04 6.146701e-04 6.164212e-04 
1.807239e-04 1.799622e-04 1.776751e-04 1.738558e-04 1.684939e-04 1.615762e-04 1.530872e-04 1.430112e-04 1.313335e-04 1.180423e-04 1.031310e-04 8.659993e-05 6.845852e-05 4.872754e-05 2.744100e-05 4.648055e-06 1.958544e-05 4.517549e-05 7.201895e-05 9.999279e-05 1.289537e-04 1.587385e-04 1.891639e-04 2.200282e-04 2.511122e-04 2.821810e-04 3.129863e-04 3.432689e-04 3.727617e-04 4.011932e-04 4.282911e-04 4.537864e-04 4.774176e-04 4.989351e-04 5.181056e-04 5.347162e-04 5.485790e-04 5.595343e-04 5.674545e-04 5.722460e-04 5.738520e-04 
1.529112e-04 1.522299e-04 1.501835e-04 1.467655e-04 1.419656e-04 1.357700e-04 1.281634e-04 1.191293e-04 1.086522e-04 9.671939e-05 8.332220e-05 6.845852e-05 5.213456e-05 3.436687e-05 1.518416e-05 5.370909e-06 2.724024e-05 5.034900e-05 7.460461e-05 9.989609e-05 1.260938e-04 1.530493e-04 1.805963e-04 2.085507e-04 2.367129e-04 2.648684e-04 2.927907e-04 3.202433e-04 3.469826e-04 3.727614e-04 3.973315e-04 4.204484e-04 4.418743e-04 4.613828e-04 4.787623e-04 4.938201e-04 5.063861e-04 5.163160e-04 5.234944e-04 5.278371e-04 5.292926e-04 
1.226487e-04 1.220554e-04 1.202731e-04 1.172951e-04 1.131105e-04 1.077052e-04 1.010627e-04 9.316541e-05 8.399633e-05 7.354027e-05 6.178592e-05 4.872754e-05 3.436687e-05 1.871500e-05 1.794089e-06 1.636099e-05 3.570120e-05 5.616215e-05 7.766311e-05 1.001064e-04 1.233772e-04 1.473434e-04 1.718561e-04 1.967505e-04 2.218470e-04 2.469528e-04 2.718638e-04 2.963670e-04 3.202427e-04 3.432680e-04 3.652195e-04 3.858769e-04 4.050264e-04 4.224642e-04 4.380003e-04 4.514618e-04 4.626961e-04 4.715740e-04 4.779919e-04 4.818745e-04 4.831759e-04 
8.998386e-05 8.948640e-05 8.799153e-05 8.549199e-05 8.197614e-05 7.742864e-05 7.183144e-05 6.516494e-05 5.740936e-05 4.854629e-05 3.856036e-05 2.744100e-05 1.518416e-05 1.794089e-06 1.271501e-05 2.831743e-05 4.497458e-05 6.263385e-05 8.122769e-05 1.006730e-04 1.208708e-04 1.417064e-04 1.630496e-04 1.847554e-04 2.066654e-04 2.286088e-04 2.504045e-04 2.718631e-04 2.927893e-04 3.129846e-04 3.322500e-04 3.503893e-04 3.672121e-04 3.825370e-04 3.961949e-04 4.080319e-04 4.179125e-04 4.257218e-04 4.313679e-04 4.347838e-04 4.359288e-04 
5.498679e-05 5.459290e-05 5.340851e-05 5.142560e-05 4.863124e-05 4.500827e-05 4.053622e-05 3.519243e-05 2.895337e-05 2.179612e-05 1.369997e-05 4.648055e-06 5.370909e-06 1.636099e-05 2.831743e-05 4.122516e-05 5.505749e-05 6.977498e-05 8.532455e-05 1.016389e-04 1.186361e-04 1.362198e-04 1.542792e-04 1.726901e-04 1.913156e-04 2.100075e-04 2.286078e-04 2.469511e-04 2.648660e-04 2.821782e-04 2.987128e-04 3.142969e-04 3.287630e-04 3.419513e-04 3.537126e-04 3.639115e-04 3.724285e-04 3.791623e-04 3.840321e-04 3.869788e-04 3.879666e-04 
1.775285e-05 1.747011e-05 1.661882e-05 1.518987e-05 1.316855e-05 1.053514e-05 7.265851e-06 3.333895e-06 1.289230e-06 6.632301e-06 1.272283e-05 1.958544e-05 2.724024e-05 3.570120e-05 4.497458e-05 5.505749e-05 6.593662e-05 7.758708e-05 8.997157e-05 1.030397e-04 1.167278e-04 1.309585e-04 1.456415e-04 1.606735e-04 1.759397e-04 1.913145e-04 2.066634e-04 2.218441e-04 2.367093e-04 2.511081e-04 2.648889e-04 2.779016e-04 2.900002e-04 3.010455e-04 3.109076e-04 3.194682e-04 3.266228e-04 3.322832e-04 3.363786e-04 3.388575e-04 3.396886e-04 
2.159535e-05 2.175960e-05 2.225590e-05 2.309478e-05 2.429332e-05 2.587456e-05 2.786660e-05 3.030150e-05 3.321405e-05 3.664031e-05 4.061612e-05 4.517549e-05 5.034900e-05 5.616215e-05 6.263385e-05 6.977498e-05 7.758708e-05 8.606123e-05 9.517715e-05 1.049025e-04 1.151927e-04 1.259903e-04 1.372257e-04 1.488173e-04 1.606723e-04 1.726879e-04 1.847522e-04 1.967464e-04 2.085458e-04 2.200227e-04 2.310474e-04 2.414917e-04 2.512300e-04 2.601426e-04 2.681173e-04 2.750518e-04 2.808559e-04 2.854531e-04 2.887820e-04 2.907981e-04 2.914742e-04 
6.290626e-05 6.294503e-05 6.306546e-05 6.327988e-05 6.360835e-05 6.407806e-05 6.472245e-05 6.558008e-05 6.669339e-05 6.810724e-05 6.986740e-05 7.201895e-05 7.460461e-05 7.766311e-05 8.122769e-05 8.532455e-05 8.997157e-05 9.517715e-05 1.009392e-04 1.072446e-04 1.140684e-04 1.213738e-04 1.291125e-04 1.372244e-04 1.456390e-04 1.542757e-04 1.630450e-04 1.718505e-04 1.805898e-04 1.891567e-04 1.974428e-04 2.053400e-04 2.127421e-04 2.195472e-04 2.256596e-04 2.309919e-04 2.354667e-04 2.390184e-04 2.415941e-04 2.431556e-04 2.436794e-04 
1.059983e-04 1.059050e-04 1.056300e-04 1.051878e-04 1.046021e-04 1.039050e-04 1.031364e-04 1.023427e-04 1.015754e-04 1.008896e-04 1.003428e-04 9.999279e-05 9.989609e-05 1.001064e-04 1.006730e-04 1.016389e-04 1.030397e-04 1.049025e-04 1.072446e-04 1.100726e-04 1.133823e-04 1.171580e-04 1.213725e-04 1.259877e-04 1.309548e-04 1.362148e-04 1.417004e-04 1.473363e-04 1.530412e-04 1.587295e-04 1.643124e-04 1.697008e-04 1.748060e-04 1.795427e-04 1.838303e-04 1.875947e-04 1.907702e-04 1.933007e-04 1.951413e-04 1.962593e-04 1.966347e-04 
1.506593e-04 1.504279e-04 1.497396e-04 1.486113e-04 1.470710e-04 1.451569e-04 1.429162e-04 1.404045e-04 1.376836e-04 1.348209e-04 1.318869e-04 1.289537e-04 1.260938e-04 1.233772e-04 1.208708e-04 1.186361e-04 1.167278e-04 1.151927e-04 1.140684e-04 1.133823e-04 1.131513e-04 1.133810e-04 1.140657e-04 1.151888e-04 1.167226e-04 1.186297e-04 1.208632e-04 1.233684e-04 1.260839e-04 1.289428e-04 1.318749e-04 1.348081e-04 1.376700e-04 1.403900e-04 1.429011e-04 1.451412e-04 1.470549e-04 1.485948e-04 1.497228e-04 1.504109e-04 1.506425e-04 
1.966462e-04 1.962714e-04 1.951537e-04 1.933132e-04 1.907826e-04 1.876070e-04 1.838424e-04 1.795544e-04 1.748171e-04 1.697113e-04 1.643222e-04 1.587385e-04 1.530493e-04 1.473434e-04 1.417064e-04 1.362198e-04 1.309585e-04 1.259903e-04 1.213738e-04 1.171580e-04 1.133810e-04 1.100700e-04 1.072406e-04 1.048972e-04 1.030331e-04 1.016309e-04 1.006637e-04 1.000958e-04 9.988424e-05 9.997972e-05 1.003286e-04 1.008743e-04 1.015590e-04 1.023253e-04 1.031181e-04 1.038858e-04 1.045821e-04 1.051671e-04 1.056086e-04 1.058830e-04 1.059760e-04 
2.436860e-04 2.431631e-04 2.416023e-04 2.390271e-04 2.354758e-04 2.310011e-04 2.256688e-04 2.195562e-04 2.127509e-04 2.053484e-04 1.974507e-04 1.891639e-04 1.805963e-04 1.718561e-04 1.630496e-04 1.542792e-04 1.456415e-04 1.372257e-04 1.291125e-04 1.213725e-04 1.140657e-04 1.072406e-04 1.009338e-04 9.517034e-05 8.996334e-05 8.531488e-05 8.121659e-05 7.765060e-05 7.459069e-05 7.200365e-05 6.985074e-05 6.808924e-05 6.667410e-05 6.555954e-05 6.470070e-05 6.405513e-05 6.358427e-05 6.325467e-05 6.303916e-05 6.291771e-05 6.287829e-05 
2.914760e-04 2.908013e-04 2.887864e-04 2.854583e-04 2.808618e-04 2.750582e-04 2.681239e-04 2.601494e-04 2.512367e-04 2.414981e-04 2.310535e-04 2.200282e-04 2.085507e-04 1.967505e-04 1.847554e-04 1.726901e-04 1.606735e-04 1.488173e-04 1.372244e-04 1.259877e-04 1.151888e-04 1.048972e-04 9.517034e-05 8.605292e-05 7.757724e-05 6.976359e-05 6.262090e-05 5.614763e-05 5.033291e-05 4.515783e-05 4.059689e-05 3.661952e-05 3.319173e-05 3.027766e-05 2.784126e-05 2.584773e-05 2.426500e-05 2.306496e-05 2.222458e-05 2.172684e-05 2.156154e-05 
3.396861e-04 3.388568e-04 3.363794e-04 3.322852e-04 3.266258e-04 3.194719e-04 3.109119e-04 3.010501e-04 2.900049e-04 2.779063e-04 2.648934e-04 2.511122e-04 2.367129e-04 2.218470e-04 2.066654e-04 1.913156e-04 1.759397e-04 1.606723e-04 1.456390e-04 1.309548e-04 1.167226e-04 1.030331e-04 8.996334e-05 7.757724e-05 6.592513e-05 5.504433e-05 4.495970e-05 3.568459e-05 2.722187e-05 1.956530e-05 1.270091e-05 6.608594e-06 1.263735e-06 3.361180e-06 7.294930e-06 1.056602e-05 1.320125e-05 1.522445e-05 1.665530e-05 1.750844e-05 1.779263e-05 
3.879601e-04 3.869744e-04 3.840296e-04 3.791615e-04 3.724290e-04 3.639130e-04 3.537149e-04 3.419541e-04 3.287661e-04 3.143002e-04 2.987159e-04 2.821810e-04 2.648684e-04 2.469528e-04 2.286088e-04 2.100075e-04 1.913145e-04 1.726879e-04 1.542757e-04 1.362148e-04 1.186297e-04 1.016309e-04 8.531488e-05 6.976359e-05 5.504433e-05 4.121017e-05 2.830056e-05 1.634220e-05 5.350173e-06 4.670771e-06 1.372469e-05 2.182287e-05 2.898217e-05 3.522329e-05 4.056916e-05 4.504333e-05 4.866846e-05 5.146506e-05 5.345027e-05 5.463692e-05 5.503264e-05 
4.359187e-04 4.347762e-04 4.313626e-04 4.257184e-04 4.179108e-04 4.080315e-04 3.961954e-04 3.825382e-04 3.672138e-04 3.503912e-04 3.322519e-04 3.129863e-04 2.927907e-04 2.718638e-04 2.504045e-04 2.286078e-04 2.066634e-04 1.847522e-04 1.630450e-04 1.417004e-04 1.208632e-04 1.006637e-04 8.121659e-05 6.262090e-05 4.495970e-05 2.830056e-05 1.269609e-05 1.815120e-06 1.520735e-05 2.746639e-05 3.858799e-05 4.857618e-05 5.744156e-05 6.519949e-05 7.186837e-05 7.746800e-05 8.201800e-05 8.553644e-05 8.803866e-05 8.953620e-05 9.003586e-05 
4.831626e-04 4.818642e-04 4.779841e-04 4.715684e-04 4.626925e-04 4.514597e-04 4.379994e-04 4.224642e-04 4.050270e-04 3.858779e-04 3.652206e-04 3.432689e-04 3.202433e-04 2.963670e-04 2.718631e-04 2.469511e-04 2.218441e-04 1.967464e-04 1.718505e-04 1.473363e-04 1.233684e-04 1.000958e-04 7.765060e-05 5.614763e-05 3.568459e-05 1.634220e-05 1.815120e-06 1.873834e-05 3.439258e-05 4.875567e-05 6.181654e-05 7.357342e-05 8.403204e-05 9.320375e-05 1.011037e-04 1.077489e-04 1.131571e-04 1.173447e-04 1.203257e-04 1.221111e-04 1.227069e-04 
5.292766e-04 5.278243e-04 5.234846e-04 5.163087e-04 5.063809e-04 4.938167e-04 4.787603e-04 4.613819e-04 4.418741e-04 4.204486e-04 3.973319e-04 3.727617e-04 3.469826e-04 3.202427e-04 2.927893e-04 2.648660e-04 2.367093e-04 2.085458e-04 1.805898e-04 1.530412e-04 1.260839e-04 9.988424e-05 7.459069e-05 5.033291e-05 2.722187e-05 5.350173e-06 1.520735e-05 3.439258e-05 5.216287e-05 6.848949e-05 8.335590e-05 9.675588e-05 1.086916e-04 1.191715e-04 1.282086e-04 1.358183e-04 1.420170e-04 1.468202e-04 1.502416e-04 1.522914e-04 1.529757e-04 
5.738338e-04 5.722313e-04 5.674431e-04 5.595258e-04 5.485728e-04 5.347120e-04 5.181029e-04 4.989336e-04 4.774169e-04 4.537862e-04 4.282911e-04 4.011932e-04 3.727614e-04 3.432680e-04 3.129846e-04 2.821782e-04 2.511081e-04 2.200227e-04 1.891567e-04 1.587295e-04 1.289428e-04 9.997972e-05 7.200365e-05 4.515783e-05 1.956530e-05 4.670771e-06 2.746639e-05 4.875567e-05 6.848949e-05 8.663381e-05 1.031679e-04 1.180822e-04 1.313765e-04 1.430574e-04 1.531367e-04 1.616290e-04 1.685502e-04 1.739156e-04 1.777387e-04 1.800297e-04 1.807945e-04 
6.164014e-04 6.146540e-04 6.094330e-04 6.008008e-04 5.888599e-04 5.737507e-04 5.556482e-04 5.347586e-04 5.113147e-04 4.855717e-04 4.578021e-04 4.282911e-04 3.973315e-04 3.652195e-04 3.322500e-04 2.987128e-04 2.648889e-04 2.310474e-04 1.974428e-04 1.643124e-04 1.318749e-04 1.003286e-04 6.985074e-05 4.059689e-05 1.270091e-05 1.372469e-05 3.858799e-05 6.181654e-05 8.335590e-05 1.031679e-04 1.212286e-04 1.375263e-04 1.520593e-04 1.648332e-04 1.758594e-04 1.851525e-04 1.927284e-04 1.986027e-04 2.027891e-04 2.052981e-04 2.061358e-04 
6.565465e-04 6.546612e-04 6.490282e-04 6.397157e-04 6.268352e-04 6.105396e-04 5.910194e-04 5.684984e-04 5.432295e-04 5.154890e-04 4.855719e-04 4.537864e-04 4.204484e-04 3.858769e-04 3.503893e-04 3.142969e-04 2.779016e-04 2.414917e-04 2.053400e-04 1.697008e-04 1.348081e-04 1.008743e-04 6.808924e-05 3.661952e-05 6.608594e-06 2.182287e-05 4.857618e-05 7.357342e-05 9.675588e-05 1.180822e-04 1.375263e-04 1.550752e-04 1.707261e-04 1.844849e-04 1.963630e-04 2.063755e-04 2.145389e-04 2.208694e-04 2.253813e-04 2.280855e-04 2.289884e-04 
6.938434e-04 6.918288e-04 6.858096e-04 6.758594e-04 6.620989e-04 6.446931e-04 6.238472e-04 5.998027e-04 5.728312e-04 5.432301e-04 5.113155e-04 4.774176e-04 4.418743e-04 4.050264e-04 3.672121e-04 3.287630e-04 2.900002e-04 2.512300e-04 2.127421e-04 1.748060e-04 1.376700e-04 1.015590e-04 6.667410e-05 3.319173e-05 1.263735e-06 2.898217e-05 5.744156e-05 8.403204e-05 1.086916e-04 1.313765e-04 1.520593e-04 1.707261e-04 1.873745e-04 2.020105e-04 2.146462e-04 2.252975e-04 2.339820e-04 2.407169e-04 2.455170e-04 2.483941e-04 2.493547e-04 
7.278807e-04 7.257470e-04 7.193723e-04 7.088354e-04 6.942657e-04 6.758396e-04 6.537767e-04 6.283347e-04 5.998037e-04 5.685000e-04 5.347603e-04 4.989351e-04 4.613828e-04 4.224642e-04 3.825370e-04 3.419513e-04 3.010455e-04 2.601426e-04 2.195472e-04 1.795427e-04 1.403900e-04 1.023253e-04 6.555954e-05 3.027766e-05 3.361180e-06 3.522329e-05 6.519949e-05 9.320375e-05 1.191715e-04 1.430574e-04 1.648332e-04 1.844849e-04 2.020105e-04 2.174166e-04 2.307166e-04 2.419275e-04 2.510679e-04 2.581562e-04 2.632082e-04 2.662361e-04 2.672472e-04 
7.582694e-04 7.560285e-04 7.493339e-04 7.382693e-04 7.229720e-04 7.036292e-04 6.804736e-04 6.537782e-04 6.238497e-04 5.910223e-04 5.556512e-04 5.181056e-04 4.787623e-04 4.380003e-04 3.961949e-04 3.537126e-04 3.109076e-04 2.681173e-04 2.256596e-04 1.838303e-04 1.429011e-04 1.031181e-04 6.470070e-05 2.784126e-05 7.294930e-06 4.056916e-05 7.186837e-05 1.011037e-04 1.282086e-04 1.531367e-04 1.758594e-04 1.963630e-04 2.146462e-04 2.307166e-04 2.445888e-04 2.562811e-04 2.658135e-04 2.732053e-04 2.784735e-04 2.816310e-04 2.826853e-04 
7.846510e-04 7.823164e-04 7.753421e-04 7.638163e-04 7.478833e-04 7.277401e-04 7.036312e-04 6.758430e-04 6.446974e-04 6.105444e-04 5.737554e-04 5.347162e-04 4.938201e-04 4.514618e-04 4.080319e-04 3.639115e-04 3.194682e-04 2.750518e-04 2.309919e-04 1.875947e-04 1.451412e-04 1.038858e-04 6.405513e-05 2.584773e-05 1.056602e-05 4.504333e-05 7.746800e-05 1.077489e-04 1.358183e-04 1.616290e-04 1.851525e-04 2.063755e-04 2.252975e-04 2.419275e-04 2.562811e-04 2.683781e-04 2.782397e-04 2.858863e-04 2.913358e-04 2.946019e-04 2.956924e-04 
8.067055e-04 8.042920e-04 7.970825e-04 7.851688e-04 7.687016e-04 7.478859e-04 7.229765e-04 6.942716e-04 6.621056e-04 6.268422e-04 5.888668e-04 5.485790e-04 5.063861e-04 4.626961e-04 4.179125e-04 3.724285e-04 3.266228e-04 2.808559e-04 2.354667e-04 1.907702e-04 1.470549e-04 1.045821e-04 6.358427e-05 2.426500e-05 1.320125e-05 4.866846e-05 8.201800e-05 1.131571e-04 1.420170e-04 1.685502e-04 1.927284e-04 2.145389e-04 2.339820e-04 2.510679e-04 2.658135e-04 2.782397e-04 2.883688e-04 2.962224e-04 3.018192e-04 3.051734e-04 3.062934e-04 
8.241591e-04 8.216829e-04 8.142862e-04 8.020641e-04 7.851721e-04 7.638221e-04 7.382770e-04 7.088444e-04 6.758690e-04 6.397255e-04 6.008102e-04 5.595343e-04 5.163160e-04 4.715740e-04 4.257218e-04 3.791623e-04 3.322832e-04 2.854531e-04 2.390184e-04 1.933007e-04 1.485948e-04 1.051671e-04 6.325467e-05 2.306496e-05 1.522445e-05 5.146506e-05 8.553644e-05 1.173447e-04 1.468202e-04 1.739156e-04 1.986027e-04 2.208694e-04 2.407169e-04 2.581562e-04 2.732053e-04 2.858863e-04 2.962224e-04 3.042361e-04 3.099466e-04 3.133690e-04 3.145117e-04 
8.367907e-04 8.342689e-04 8.267364e-04 8.142902e-04 7.970898e-04 7.753518e-04 7.493454e-04 7.193849e-04 6.858227e-04 6.490413e-04 6.094455e-04 5.674545e-04 5.234944e-04 4.779919e-04 4.313679e-04 3.840321e-04 3.363786e-04 2.887820e-04 2.415941e-04 1.951413e-04 1.497228e-04 1.056086e-04 6.303916e-05 2.222458e-05 1.665530e-05 5.345027e-05 8.803866e-05 1.203257e-04 1.502416e-04 1.777387e-04 2.027891e-04 2.253813e-04 2.455170e-04 2.632082e-04 2.784735e-04 2.913358e-04 3.018192e-04 3.099466e-04 3.157382e-04 3.192089e-04 3.203678e-04 
8.444383e-04 8.418888e-04 8.342737e-04 8.216916e-04 8.043040e-04 7.823307e-04 7.560444e-04 7.257639e-04 6.918459e-04 6.546781e-04 6.146701e-04 5.722460e-04 5.278371e-04 4.818745e-04 4.347838e-04 3.869788e-04 3.388575e-04 2.907981e-04 2.431556e-04 1.962593e-04 1.504109e-04 1.058830e-04 6.291771e-05 2.172684e-05 1.750844e-05 5.463692e-05 8.953620e-05 1.221111e-04 1.522914e-04 1.800297e-04 2.052981e-04 2.280855e-04 2.483941e-04 2.662361e-04 2.816310e-04 2.946019e-04 3.051734e-04 3.133690e-04 3.192089e-04 3.227087e-04 3.238773e-04 
8.470023e-04 8.444435e-04 8.368007e-04 8.241730e-04 8.067225e-04 7.846703e-04 7.582901e-04 7.279022e-04 6.938650e-04 6.565675e-04 6.164212e-04 5.738520e-04 5.292926e-04 4.831759e-04 4.359288e-04 3.879666e-04 3.396886e-04 2.914742e-04 2.436794e-04 1.966347e-04 1.506425e-04 1.059760e-04 6.287829e-05 2.156154e-05 1.779263e-05 5.503264e-05 9.003586e-05 1.227069e-04 1.529757e-04 1.807945e-04 2.061358e-04 2.289884e-04 2.493547e-04 2.672472e-04 2.826853e-04 2.956924e-04 3.062934e-04 3.145117e-04 3.203678e-04 3.238773e-04 3.250491e-04 
