6.167711e-04 6.158518e-04 6.130936e-04 6.084951e-04 6.020542e-04 5.937679e-04 5.836323e-04 5.716426e-04 5.577930e-04 5.420768e-04 5.244862e-04 5.050125e-04 4.836457e-04 4.603748e-04 4.351874e-04 4.080701e-04 3.790078e-04 3.479842e-04 3.149814e-04 2.799799e-04 2.429585e-04 2.038942e-04 1.627619e-04 1.195346e-04 7.418314e-05 2.667590e-05 2.302123e-05 7.494501e-05 1.291351e-04 1.856342e-04 2.444884e-04 3.057471e-04 3.694637e-04 4.356957e-04 5.045047e-04 5.759573e-04 6.501248e-04 7.270840e-04 8.069177e-04 8.897147e-04 9.755704e-04 1.064587e-03 1.156876e-03 1.252554e-03 1.351750e-03 1.454599e-03 1.561249e-03 1.671855e-03 1.786588e-03 1.905627e-03 2.029166e-03 2.157412e-03 2.290588e-03 2.428930e-03 2.572693e-03 2.722146e-03 2.877580e-03 3.039301e-03 3.207639e-03 3.382943e-03 3.565584e-03 3.755957e-03 3.954483e-03 4.161610e-03 4.377815e-03 4.603605e-03 4.839519e-03 5.086129e-03 5.344037e-03 5.613868e-03 5.896266e-03 6.191887e-03 6.501395e-03 6.825481e-03 7.164922e-03 7.520695e-03 7.894134e-03 8.287055e-03 8.701460e-03 9.137865e-03 9.589880e-03 1.002978e-02 
6.158518e-04 6.149336e-04 6.121787e-04 6.075856e-04 6.011523e-04 5.928758e-04 5.827522e-04 5.707766e-04 5.569433e-04 5.412456e-04 5.236757e-04 5.042248e-04 4.828830e-04 4.596392e-04 4.344812e-04 4.073953e-04 3.783666e-04 3.473787e-04 3.144138e-04 2.794523e-04 2.424731e-04 2.034530e-04 1.623670e-04 1.191883e-04 7.388743e-05 2.643290e-05 2.320942e-05 7.507631e-05 1.292074e-04 1.856455e-04 2.444365e-04 3.056300e-04 3.692793e-04 4.354419e-04 5.041795e-04 5.755585e-04 6.496504e-04 7.265320e-04 8.062859e-04 8.890010e-04 9.747726e-04 1.063703e-03 1.155904e-03 1.251492e-03 1.350594e-03 1.453348e-03 1.559900e-03 1.670407e-03 1.785037e-03 1.903971e-03 2.027402e-03 2.155538e-03 2.288601e-03 2.426827e-03 2.570470e-03 2.719801e-03 2.875108e-03 3.036700e-03 3.204904e-03 3.380069e-03 3.562567e-03 3.752793e-03 3.951167e-03 4.158137e-03 4.374178e-03 4.599798e-03 4.835536e-03 5.081963e-03 5.339679e-03 5.609311e-03 5.891502e-03 6.186905e-03 6.496185e-03 6.820033e-03 7.159225e-03 7.514735e-03 7.887899e-03 8.280528e-03 8.694625e-03 9.130703e-03 9.582378e-03 1.002195e-02 
6.130936e-04 6.121787e-04 6.094335e-04 6.048567e-04 5.984463e-04 5.901992e-04 5.801115e-04 5.681783e-04 5.543940e-04 5.387517e-04 5.212438e-04 5.018613e-04 4.805945e-04 4.574321e-04 4.323619e-04 4.053704e-04 3.764424e-04 3.455618e-04 3.127105e-04 2.778690e-04 2.410162e-04 2.021289e-04 1.611821e-04 1.181488e-04 7.299979e-05 2.570337e-05 2.377454e-05 7.547074e-05 1.294249e-04 1.856798e-04 2.442813e-04 3.052792e-04 3.687267e-04 4.346812e-04 5.032044e-04 5.743629e-04 6.482280e-04 7.248765e-04 8.043910e-04 8.868604e-04 9.723799e-04 1.061052e-03 1.152987e-03 1.248303e-03 1.347128e-03 1.449596e-03 1.555856e-03 1.666063e-03 1.780385e-03 1.899005e-03 2.022113e-03 2.149918e-03 2.282640e-03 2.420517e-03 2.563802e-03 2.712764e-03 2.867693e-03 3.028894e-03 3.196697e-03 3.371448e-03 3.553519e-03 3.743303e-03 3.941220e-03 4.147716e-03 4.363267e-03 4.588378e-03 4.823588e-03 5.069464e-03 5.326608e-03 5.595642e-03 5.877209e-03 6.171960e-03 6.480557e-03 6.803691e-03 7.142134e-03 7.496858e-03 7.869195e-03 8.260950e-03 8.674120e-03 9.109218e-03 9.559874e-03 9.998467e-03 
6.084951e-04 6.075856e-04 6.048567e-04 6.003072e-04 5.939349e-04 5.857368e-04 5.757089e-04 5.638464e-04 5.501437e-04 5.345938e-04 5.171891e-04 4.979207e-04 4.767788e-04 4.537521e-04 4.288283e-04 4.019940e-04 3.732340e-04 3.425320e-04 3.098701e-04 2.752286e-04 2.385865e-04 1.999204e-04 1.592056e-04 1.164147e-04 7.151869e-05 2.448578e-05 2.471815e-05 7.612990e-05 1.297892e-04 1.857387e-04 2.440246e-04 3.046964e-04 3.678075e-04 4.334151e-04 5.015812e-04 5.723721e-04 6.458592e-04 7.221193e-04 8.012348e-04 8.832946e-04 9.683939e-04 1.056635e-03 1.148128e-03 1.242992e-03 1.341352e-03 1.443344e-03 1.549116e-03 1.658824e-03 1.772634e-03 1.890728e-03 2.013299e-03 2.140551e-03 2.272707e-03 2.410003e-03 2.552690e-03 2.701038e-03 2.855335e-03 3.015887e-03 3.183019e-03 3.357080e-03 3.538438e-03 3.727486e-03 3.924641e-03 4.130349e-03 4.345083e-03 4.569346e-03 4.803674e-03 5.048634e-03 5.304822e-03 5.572860e-03 5.853387e-03 6.147052e-03 6.454513e-03 6.776456e-03 7.113652e-03 7.467067e-03 7.838025e-03 8.228325e-03 8.639952e-03 9.073416e-03 9.522377e-03 9.959339e-03 
6.020542e-04 6.011523e-04 5.984463e-04 5.939349e-04 5.876159e-04 5.794863e-04 5.695422e-04 5.577788e-04 5.441902e-04 5.287697e-04 5.115095e-04 4.924008e-04 4.714336e-04 4.485968e-04 4.238781e-04 3.972638e-04 3.687389e-04 3.382870e-04 3.058902e-04 2.715287e-04 2.351814e-04 1.968252e-04 1.564349e-04 1.139835e-04 6.944157e-05 2.277750e-05 2.604289e-05 7.705647e-05 1.303030e-04 1.858252e-04 2.436691e-04 3.038845e-04 3.665245e-04 4.316467e-04 4.993128e-04 5.695891e-04 6.425470e-04 7.182632e-04 7.968203e-04 8.783067e-04 9.628177e-04 1.050456e-03 1.141330e-03 1.235559e-03 1.333269e-03 1.434596e-03 1.539685e-03 1.648692e-03 1.761786e-03 1.879145e-03 2.000962e-03 2.127441e-03 2.258804e-03 2.395285e-03 2.537136e-03 2.684624e-03 2.838037e-03 2.997678e-03 3.163873e-03 3.336966e-03 3.517326e-03 3.705343e-03 3.901432e-03 4.106036e-03 4.319626e-03 4.542701e-03 4.775796e-03 5.019472e-03 5.274324e-03 5.540968e-03 5.820039e-03 6.112183e-03 6.418053e-03 6.738332e-03 7.073783e-03 7.425366e-03 7.794397e-03 8.182661e-03 8.592131e-03 9.023310e-03 9.469901e-03 9.904583e-03 
5.937679e-04 5.928758e-04 5.901992e-04 5.857368e-04 5.794863e-04 5.714449e-04 5.616085e-04 5.499723e-04 5.365304e-04 5.212762e-04 5.042019e-04 4.852984e-04 4.645559e-04 4.419633e-04 4.175081e-04 3.911767e-04 3.629540e-04 3.328236e-04 3.007674e-04 2.667659e-04 2.307977e-04 1.928397e-04 1.528666e-04 1.108515e-04 6.676481e-05 2.057491e-05 2.775246e-05 7.825418e-05 1.309700e-04 1.859428e-04 2.432187e-04 3.028473e-04 3.648818e-04 4.293799e-04 4.964031e-04 5.660178e-04 6.382954e-04 7.133125e-04 7.911515e-04 8.719007e-04 9.556553e-04 1.042517e-03 1.132596e-03 1.226010e-03 1.322884e-03 1.423354e-03 1.527565e-03 1.635673e-03 1.747845e-03 1.864258e-03 1.985105e-03 2.110591e-03 2.240933e-03 2.376367e-03 2.517142e-03 2.663524e-03 2.815799e-03 2.974270e-03 3.139258e-03 3.311108e-03 3.490185e-03 3.676876e-03 3.871594e-03 4.074779e-03 4.286897e-03 4.508446e-03 4.739954e-03 4.981981e-03 5.235114e-03 5.499966e-03 5.777168e-03 6.067357e-03 6.371184e-03 6.689323e-03 7.022532e-03 7.371763e-03 7.738319e-03 8.123970e-03 8.530669e-03 8.958916e-03 9.402464e-03 9.834222e-03 
5.836323e-04 5.827522e-04 5.801115e-04 5.757089e-04 5.695422e-04 5.616085e-04 5.519037e-04 5.404229e-04 5.271605e-04 5.121095e-04 4.952621e-04 4.766095e-04 4.561416e-04 4.338473e-04 4.097141e-04 3.837283e-04 3.558749e-04 3.261373e-04 2.944975e-04 2.609359e-04 2.254309e-04 1.879594e-04 1.484962e-04 1.070142e-04 6.348377e-05 1.787326e-05 2.985165e-05 7.972791e-05 1.317953e-04 1.860968e-04 2.426785e-04 3.015899e-04 3.628846e-04 4.266199e-04 4.928575e-04 5.616637e-04 6.331099e-04 7.072725e-04 7.842337e-04 8.640820e-04 9.469120e-04 1.032826e-03 1.121932e-03 1.214349e-03 1.310201e-03 1.409624e-03 1.512762e-03 1.619770e-03 1.730814e-03 1.846072e-03 1.965734e-03 2.090004e-03 2.219099e-03 2.353252e-03 2.492711e-03 2.637742e-03 2.788626e-03 2.945665e-03 3.109179e-03 3.279509e-03 3.457016e-03 3.642086e-03 3.835128e-03 4.036578e-03 4.246898e-03 4.466581e-03 4.696151e-03 4.936161e-03 5.187195e-03 5.449859e-03 5.724776e-03 6.012578e-03 6.313909e-03 6.629436e-03 6.959909e-03 7.306269e-03 7.669804e-03 8.052265e-03 8.455584e-03 8.880255e-03 9.320093e-03 9.748286e-03 
5.716426e-04 5.707766e-04 5.681783e-04 5.638464e-04 5.577788e-04 5.499723e-04 5.404229e-04 5.291259e-04 5.160754e-04 5.012645e-04 4.846854e-04 4.663291e-04 4.461856e-04 4.242438e-04 4.004910e-04 3.749137e-04 3.474965e-04 3.182231e-04 2.870752e-04 2.540331e-04 2.190754e-04 1.821788e-04 1.433181e-04 1.024659e-04 5.959269e-05 1.466674e-05 3.234636e-05 8.148361e-05 1.327849e-04 1.862932e-04 2.420545e-04 3.001187e-04 3.605391e-04 4.233731e-04 4.886824e-04 5.565333e-04 6.269969e-04 7.001496e-04 7.760737e-04 8.548571e-04 9.365945e-04 1.021387e-03 1.109344e-03 1.200583e-03 1.295227e-03 1.393412e-03 1.495281e-03 1.600989e-03 1.710701e-03 1.824592e-03 1.942853e-03 2.065686e-03 2.193306e-03 2.325945e-03 2.463849e-03 2.607281e-03 2.756521e-03 2.911867e-03 3.073638e-03 3.242170e-03 3.417823e-03 3.600977e-03 3.792037e-03 3.991436e-03 4.199631e-03 4.417109e-03 4.644388e-03 4.882017e-03 5.130571e-03 5.390649e-03 5.662868e-03 5.947853e-03 6.246237e-03 6.558680e-03 6.885924e-03 7.228895e-03 7.588867e-03 7.967566e-03 8.366900e-03 8.787355e-03 9.222819e-03 9.646814e-03 
5.577930e-04 5.569433e-04 5.543940e-04 5.501437e-04 5.441902e-04 5.365304e-04 5.271605e-04 5.160754e-04 5.032693e-04 4.887353e-04 4.724656e-04 4.544512e-04 4.346820e-04 4.131467e-04 3.898328e-04 3.647265e-04 3.378126e-04 3.090745e-04 2.784940e-04 2.460513e-04 2.117249e-04 1.754914e-04 1.373255e-04 9.719979e-05 5.508474e-05 1.094841e-05 3.524361e-05 8.352842e-05 1.339460e-04 1.865392e-04 2.413543e-04 2.984411e-04 3.578529e-04 4.196472e-04 4.838855e-04 5.506341e-04 6.199641e-04 6.919518e-04 7.666791e-04 8.442339e-04 9.247104e-04 1.008210e-03 1.094841e-03 1.184719e-03 1.277970e-03 1.374726e-03 1.475131e-03 1.579338e-03 1.687511e-03 1.799826e-03 1.916470e-03 2.037643e-03 2.163561e-03 2.294452e-03 2.430560e-03 2.572147e-03 2.719488e-03 2.872881e-03 3.032639e-03 3.199097e-03 3.372608e-03 3.553551e-03 3.742325e-03 3.939357e-03 4.145099e-03 4.360034e-03 4.584671e-03 4.819552e-03 5.065246e-03 5.322343e-03 5.591452e-03 5.873187e-03 6.168176e-03 6.477067e-03 6.800591e-03 7.139660e-03 7.495529e-03 7.869898e-03 8.264645e-03 8.680248e-03 9.110683e-03 9.529852e-03 
5.420768e-04 5.412456e-04 5.387517e-04 5.345938e-04 5.287697e-04 5.212762e-04 5.121095e-04 5.012645e-04 4.887353e-04 4.745151e-04 4.585960e-04 4.409689e-04 4.216236e-04 4.005489e-04 3.777322e-04 3.531596e-04 3.268159e-04 2.986843e-04 2.687466e-04 2.369830e-04 2.033717e-04 1.678894e-04 1.305107e-04 9.120810e-05 4.995193e-05 6.710197e-06 3.855160e-05 8.587063e-05 1.352869e-04 1.868434e-04 2.405865e-04 2.965658e-04 3.548348e-04 4.154509e-04 4.784757e-04 5.439753e-04 6.120208e-04 6.826881e-04 7.560591e-04 8.322214e-04 9.112689e-04 9.933024e-04 1.078430e-03 1.166767e-03 1.258437e-03 1.353574e-03 1.452319e-03 1.554825e-03 1.661254e-03 1.771780e-03 1.886590e-03 2.005883e-03 2.129870e-03 2.258779e-03 2.392852e-03 2.532345e-03 2.677535e-03 2.828713e-03 2.986189e-03 3.150294e-03 3.321378e-03 3.499814e-03 3.685996e-03 3.880346e-03 4.083309e-03 4.295361e-03 4.517004e-03 4.748773e-03 4.991227e-03 5.244949e-03 5.510535e-03 5.788594e-03 6.079739e-03 6.384612e-03 6.703927e-03 7.038584e-03 7.389814e-03 7.759289e-03 8.148853e-03 8.558975e-03 8.983729e-03 9.397454e-03 
5.244862e-04 5.236757e-04 5.212438e-04 5.171891e-04 5.115095e-04 5.042019e-04 4.952621e-04 4.846854e-04 4.724656e-04 4.585960e-04 4.430685e-04 4.258740e-04 4.070024e-04 3.864423e-04 3.641811e-04 3.402047e-04 3.144980e-04 2.870440e-04 2.578244e-04 2.268194e-04 1.940071e-04 1.593641e-04 1.228648e-04 8.448174e-05 4.418511e-05 1.942828e-06 4.227970e-05 8.851972e-05 1.368173e-04 1.872156e-04 2.397608e-04 2.945028e-04 3.514949e-04 4.107946e-04 4.724633e-04 5.365672e-04 6.031771e-04 6.723689e-04 7.442242e-04 8.188302e-04 8.962805e-04 9.766754e-04 1.060122e-03 1.146736e-03 1.236640e-03 1.329967e-03 1.426856e-03 1.527459e-03 1.631938e-03 1.740465e-03 1.853225e-03 1.970414e-03 2.092243e-03 2.218935e-03 2.350731e-03 2.487885e-03 2.630668e-03 2.779369e-03 2.934294e-03 3.095769e-03 3.264139e-03 3.439772e-03 3.623057e-03 3.814408e-03 4.014266e-03 4.223096e-03 4.441395e-03 4.669688e-03 4.908524e-03 5.158476e-03 5.420131e-03 5.694085e-03 5.980943e-03 6.281331e-03 6.595954e-03 6.925691e-03 7.271751e-03 7.635773e-03 8.019564e-03 8.423582e-03 8.842015e-03 9.249685e-03 
5.050125e-04 5.042248e-04 5.018613e-04 4.979207e-04 4.924008e-04 4.852984e-04 4.766095e-04 4.663291e-04 4.544512e-04 4.409689e-04 4.258740e-04 4.091576e-04 3.908093e-04 3.708177e-04 3.491701e-04 3.258525e-04 3.008494e-04 2.741440e-04 2.457178e-04 2.155508e-04 1.836212e-04 1.499054e-04 1.143777e-04 7.701049e-05 3.777393e-05 3.364182e-06 4.643853e-05 9.148646e-05 1.385481e-04 1.876666e-04 2.388884e-04 2.922632e-04 3.478444e-04 4.056895e-04 4.658598e-04 5.284214e-04 5.934449e-04 6.610061e-04 7.311861e-04 8.040721e-04 8.797570e-04 9.583407e-04 1.039930e-03 1.124639e-03 1.212591e-03 1.303915e-03 1.398753e-03 1.497253e-03 1.599576e-03 1.705892e-03 1.816384e-03 1.931247e-03 2.050688e-03 2.174930e-03 2.304209e-03 2.438775e-03 2.578896e-03 2.724858e-03 2.876962e-03 3.035528e-03 3.200898e-03 3.373433e-03 3.553516e-03 3.741553e-03 3.937978e-03 4.143250e-03 4.357854e-03 4.582307e-03 4.817147e-03 5.062937e-03 5.320253e-03 5.589678e-03 5.871805e-03 6.167249e-03 6.476697e-03 6.801013e-03 7.141376e-03 7.499391e-03 7.876826e-03 8.274125e-03 8.685602e-03 9.086617e-03 
4.836457e-04 4.828830e-04 4.805945e-04 4.767788e-04 4.714336e-04 4.645559e-04 4.561416e-04 4.461856e-04 4.346820e-04 4.216236e-04 4.070024e-04 3.908093e-04 3.730339e-04 3.536646e-04 3.326888e-04 3.100922e-04 2.858595e-04 2.599735e-04 2.324158e-04 2.031663e-04 1.722030e-04 1.395021e-04 1.050380e-04 6.878286e-05 3.070677e-05 9.222580e-06 5.103998e-05 9.478285e-05 1.404914e-04 1.882089e-04 2.379817e-04 2.898597e-04 3.438962e-04 4.001485e-04 4.586781e-04 5.195509e-04 5.828372e-04 6.486126e-04 7.169581e-04 7.879603e-04 8.617117e-04 9.383116e-04 1.017866e-03 1.100489e-03 1.186301e-03 1.275433e-03 1.368022e-03 1.464218e-03 1.564178e-03 1.668072e-03 1.776080e-03 1.888394e-03 2.005219e-03 2.126775e-03 2.253295e-03 2.385025e-03 2.522231e-03 2.665191e-03 2.814204e-03 2.969584e-03 3.131667e-03 3.300808e-03 3.477383e-03 3.661791e-03 3.854458e-03 4.055833e-03 4.266393e-03 4.486643e-03 4.717112e-03 4.958350e-03 5.210920e-03 5.475394e-03 5.752351e-03 6.042392e-03 6.346189e-03 6.664585e-03 6.998731e-03 7.350192e-03 7.720693e-03 8.110668e-03 8.514564e-03 8.908335e-03 
4.603748e-04 4.596392e-04 4.574321e-04 4.537521e-04 4.485968e-04 4.419633e-04 4.338473e-04 4.242438e-04 4.131467e-04 4.005489e-04 3.864423e-04 3.708177e-04 3.536646e-04 3.349715e-04 3.147254e-04 2.929123e-04 2.695163e-04 2.445206e-04 2.179065e-04 1.896536e-04 1.597399e-04 1.281417e-04 9.483305e-05 5.978608e-05 2.297073e-05 1.564542e-05 5.609725e-05 9.842226e-05 1.426608e-04 1.888561e-04 2.370546e-04 2.873061e-04 3.396642e-04 3.941859e-04 4.509326e-04 5.099701e-04 5.713685e-04 6.352033e-04 7.015549e-04 7.705095e-04 8.421593e-04 9.166028e-04 9.939454e-04 1.074300e-03 1.157786e-03 1.244534e-03 1.334679e-03 1.428369e-03 1.525760e-03 1.627020e-03 1.732326e-03 1.841868e-03 1.955849e-03 2.074484e-03 2.198003e-03 2.326650e-03 2.460684e-03 2.600381e-03 2.746032e-03 2.897948e-03 3.056458e-03 3.221909e-03 3.394671e-03 3.575136e-03 3.763718e-03 3.960860e-03 4.167027e-03 4.382714e-03 4.608437e-03 4.844734e-03 5.092155e-03 5.351258e-03 5.622609e-03 5.906794e-03 6.204467e-03 6.516450e-03 6.843864e-03 7.188231e-03 7.551231e-03 7.933283e-03 8.328984e-03 8.714935e-03 
4.351874e-04 4.344812e-04 4.323619e-04 4.288283e-04 4.238781e-04 4.175081e-04 4.097141e-04 4.004910e-04 3.898328e-04 3.777322e-04 3.641811e-04 3.491701e-04 3.326888e-04 3.147254e-04 2.952671e-04 2.742995e-04 2.518068e-04 2.277720e-04 2.021762e-04 1.749991e-04 1.462185e-04 1.158105e-04 8.374897e-05 5.000606e-05 1.455154e-05 2.264713e-05 6.162491e-05 1.024194e-04 1.450711e-04 1.896231e-04 2.361222e-04 2.846180e-04 3.351639e-04 3.878172e-04 4.426390e-04 4.996949e-04 5.590549e-04 6.207941e-04 6.849926e-04 7.517360e-04 8.211161e-04 8.932306e-04 9.681842e-04 1.046088e-03 1.127063e-03 1.211234e-03 1.298739e-03 1.389722e-03 1.484338e-03 1.582751e-03 1.685138e-03 1.791685e-03 1.902592e-03 2.018071e-03 2.138348e-03 2.263663e-03 2.394271e-03 2.530441e-03 2.672462e-03 2.820635e-03 2.975285e-03 3.136752e-03 3.305396e-03 3.481603e-03 3.665777e-03 3.858350e-03 4.059777e-03 4.270541e-03 4.491146e-03 4.722115e-03 4.963986e-03 5.217303e-03 5.482615e-03 5.760493e-03 6.051576e-03 6.356659e-03 6.676832e-03 7.013574e-03 7.368511e-03 7.742054e-03 8.128958e-03 8.506523e-03 
4.080701e-04 4.073953e-04 4.053704e-04 4.019940e-04 3.972638e-04 3.911767e-04 3.837283e-04 3.749137e-04 3.647265e-04 3.531596e-04 3.402047e-04 3.258525e-04 3.100922e-04 2.929123e-04 2.742995e-04 2.542395e-04 2.327164e-04 2.097130e-04 1.852104e-04 1.591880e-04 1.316236e-04 1.024931e-04 7.177037e-05 3.942728e-05 5.433528e-06 3.024353e-05 6.763897e-05 1.067905e-04 1.477386e-04 1.905266e-04 2.352012e-04 2.818119e-04 3.304124e-04 3.810596e-04 4.338146e-04 4.887428e-04 5.459139e-04 6.054027e-04 6.672889e-04 7.316576e-04 7.985999e-04 8.682129e-04 9.406003e-04 1.015873e-03 1.094148e-03 1.175553e-03 1.260221e-03 1.348295e-03 1.439928e-03 1.535284e-03 1.634533e-03 1.737862e-03 1.845467e-03 1.957555e-03 2.074348e-03 2.196083e-03 2.323009e-03 2.455391e-03 2.593510e-03 2.737664e-03 2.888168e-03 3.045355e-03 3.209578e-03 3.381213e-03 3.560655e-03 3.748325e-03 3.944667e-03 4.150150e-03 4.365266e-03 4.590524e-03 4.826447e-03 5.073564e-03 5.332409e-03 5.603536e-03 5.887566e-03 6.185269e-03 6.497702e-03 6.826294e-03 7.172619e-03 7.537075e-03 7.914591e-03 8.283220e-03 
3.790078e-04 3.783666e-04 3.764424e-04 3.732340e-04 3.687389e-04 3.629540e-04 3.558749e-04 3.474965e-04 3.378126e-04 3.268159e-04 3.144980e-04 3.008494e-04 2.858595e-04 2.695163e-04 2.518068e-04 2.327164e-04 2.122292e-04 1.903276e-04 1.669928e-04 1.422040e-04 1.159388e-04 8.817304e-05 5.888045e-05 2.803278e-05 4.400430e-06 3.845192e-05 7.415690e-05 1.115532e-04 1.506812e-04 1.915846e-04 2.343097e-04 2.789065e-04 3.254281e-04 3.739317e-04 4.244782e-04 4.771326e-04 5.319645e-04 5.890483e-04 6.484631e-04 7.102937e-04 7.746303e-04 8.415693e-04 9.112134e-04 9.836722e-04 1.059062e-03 1.137509e-03 1.219143e-03 1.304108e-03 1.392552e-03 1.484637e-03 1.580533e-03 1.680420e-03 1.784492e-03 1.892954e-03 2.006023e-03 2.123929e-03 2.246918e-03 2.375250e-03 2.509198e-03 2.649055e-03 2.795127e-03 2.947740e-03 3.107240e-03 3.273990e-03 3.448378e-03 3.630812e-03 3.821724e-03 4.021571e-03 4.230830e-03 4.449996e-03 4.679577e-03 4.920086e-03 5.172040e-03 5.435978e-03 5.712499e-03 6.002349e-03 6.306548e-03 6.626475e-03 6.963648e-03 7.318452e-03 7.686003e-03 8.045160e-03 
3.479842e-04 3.473787e-04 3.455618e-04 3.425320e-04 3.382870e-04 3.328236e-04 3.261373e-04 3.182231e-04 3.090745e-04 2.986843e-04 2.870440e-04 2.741440e-04 2.599735e-04 2.445206e-04 2.277720e-04 2.097130e-04 1.903276e-04 1.695982e-04 1.475056e-04 1.240290e-04 9.914601e-05 7.283207e-05 4.506088e-05 1.580405e-05 1.496900e-05 4.729116e-05 8.119772e-05 1.167266e-04 1.539183e-04 1.928165e-04 2.334675e-04 2.759214e-04 3.202312e-04 3.664538e-04 4.146501e-04 4.648850e-04 5.172275e-04 5.717517e-04 6.285363e-04 6.876654e-04 7.492285e-04 8.133211e-04 8.800450e-04 9.495085e-04 1.021827e-03 1.097123e-03 1.175529e-03 1.257182e-03 1.342231e-03 1.430833e-03 1.523157e-03 1.619380e-03 1.719691e-03 1.824291e-03 1.933394e-03 2.047224e-03 2.166022e-03 2.290041e-03 2.419550e-03 2.554832e-03 2.696188e-03 2.843935e-03 2.998408e-03 3.159963e-03 3.328975e-03 3.505842e-03 3.690983e-03 3.884841e-03 4.087879e-03 4.300576e-03 4.523424e-03 4.756920e-03 5.001565e-03 5.257880e-03 5.526444e-03 5.807975e-03 6.103456e-03 6.414213e-03 6.741706e-03 7.086304e-03 7.443326e-03 7.792491e-03 
3.149814e-04 3.144138e-04 3.127105e-04 3.098701e-04 3.058902e-04 3.007674e-04 2.944975e-04 2.870752e-04 2.784940e-04 2.687466e-04 2.578244e-04 2.457178e-04 2.324158e-04 2.179065e-04 2.021762e-04 1.852104e-04 1.669928e-04 1.475056e-04 1.267296e-04 1.046439e-04 8.122565e-05 5.645045e-05 3.029175e-05 2.721015e-06 2.629246e-05 5.678168e-05 8.878206e-05 1.223316e-04 1.574709e-04 1.942435e-04 2.326960e-04 2.728782e-04 3.148432e-04 3.586478e-04 4.043526e-04 4.520221e-04 5.017252e-04 5.535355e-04 6.075311e-04 6.637955e-04 7.224174e-04 7.834914e-04 8.471182e-04 9.134048e-04 9.824653e-04 1.054421e-03 1.129400e-03 1.207541e-03 1.288988e-03 1.373897e-03 1.462431e-03 1.554767e-03 1.651088e-03 1.751592e-03 1.856487e-03 1.965993e-03 2.080346e-03 2.199792e-03 2.324592e-03 2.455024e-03 2.591380e-03 2.733969e-03 2.883115e-03 3.039165e-03 3.202483e-03 3.373454e-03 3.552484e-03 3.740003e-03 3.936458e-03 4.142313e-03 4.358042e-03 4.584126e-03 4.821050e-03 5.069315e-03 5.329479e-03 5.602235e-03 5.888524e-03 6.189616e-03 6.506910e-03 6.840763e-03 7.186707e-03 7.525375e-03 
2.799799e-04 2.794523e-04 2.778690e-04 2.752286e-04 2.715287e-04 2.667659e-04 2.609359e-04 2.540331e-04 2.460513e-04 2.369830e-04 2.268194e-04 2.155508e-04 2.031663e-04 1.896536e-04 1.749991e-04 1.591880e-04 1.422040e-04 1.240290e-04 1.046439e-04 8.402728e-05 6.215648e-05 3.900675e-05 1.455145e-05 1.123810e-05 3.839274e-05 6.694560e-05 9.693219e-05 1.283906e-04 1.613615e-04 1.958885e-04 2.320182e-04 2.698002e-04 3.092877e-04 3.505372e-04 3.936092e-04 4.385678e-04 4.854818e-04 5.344239e-04 5.854720e-04 6.387086e-04 6.942218e-04 7.521052e-04 8.124582e-04 8.753866e-04 9.410028e-04 1.009426e-03 1.080784e-03 1.155211e-03 1.232850e-03 1.313854e-03 1.398382e-03 1.486607e-03 1.578710e-03 1.674883e-03 1.775330e-03 1.880266e-03 1.989920e-03 2.104532e-03 2.224357e-03 2.349664e-03 2.480737e-03 2.617877e-03 2.761398e-03 2.911635e-03 3.068942e-03 3.233690e-03 3.406274e-03 3.587107e-03 3.776621e-03 3.975264e-03 4.183494e-03 4.401773e-03 4.630569e-03 4.870364e-03 5.121696e-03 5.385228e-03 5.661859e-03 5.952804e-03 6.259395e-03 6.581977e-03 6.916310e-03 7.243993e-03 
2.429585e-04 2.424731e-04 2.410162e-04 2.385865e-04 2.351814e-04 2.307977e-04 2.254309e-04 2.190754e-04 2.117249e-04 2.033717e-04 1.940071e-04 1.836212e-04 1.722030e-04 1.597399e-04 1.462185e-04 1.316236e-04 1.159388e-04 9.914601e-05 8.122565e-05 6.215648e-05 4.191548e-05 2.047781e-05 2.183343e-06 2.609679e-05 5.129352e-05 7.780678e-05 1.056722e-04 1.349279e-04 1.656146e-04 1.977761e-04 2.314588e-04 2.667123e-04 3.035897e-04 3.421474e-04 3.824455e-04 4.245480e-04 4.685230e-04 5.144430e-04 5.623851e-04 6.124312e-04 6.646684e-04 7.191892e-04 7.760919e-04 8.354809e-04 8.974671e-04 9.621680e-04 1.029708e-03 1.100221e-03 1.173846e-03 1.250733e-03 1.331039e-03 1.414932e-03 1.502588e-03 1.594197e-03 1.689956e-03 1.790075e-03 1.894777e-03 2.004296e-03 2.118879e-03 2.238788e-03 2.364298e-03 2.495699e-03 2.633297e-03 2.777417e-03 2.928398e-03 3.086601e-03 3.252405e-03 3.426209e-03 3.608429e-03 3.799497e-03 3.999851e-03 4.209938e-03 4.430207e-03 4.661121e-03 4.903195e-03 5.157064e-03 5.423584e-03 5.703910e-03 5.999307e-03 6.310107e-03 6.632311e-03 6.948541e-03 
2.038942e-04 2.034530e-04 2.021289e-04 1.999204e-04 1.968252e-04 1.928397e-04 1.879594e-04 1.821788e-04 1.754914e-04 1.678894e-04 1.593641e-04 1.499054e-04 1.395021e-04 1.281417e-04 1.158105e-04 1.024931e-04 8.817304e-05 7.283207e-05 5.645045e-05 3.900675e-05 2.047781e-05 8.385987e-07 1.993782e-05 4.188042e-05 6.502033e-05 8.939090e-05 1.150279e-04 1.419695e-04 1.702565e-04 1.999326e-04 2.310444e-04 2.636413e-04 2.977762e-04 3.335055e-04 3.708888e-04 4.099900e-04 4.508767e-04 4.936207e-04 5.382987e-04 5.849916e-04 6.337856e-04 6.847723e-04 7.380485e-04 7.937172e-04 8.518876e-04 9.126754e-04 9.762032e-04 1.042601e-03 1.112007e-03 1.184566e-03 1.260433e-03 1.339772e-03 1.422755e-03 1.509567e-03 1.600399e-03 1.695456e-03 1.794955e-03 1.899122e-03 2.008199e-03 2.122437e-03 2.242104e-03 2.367480e-03 2.498862e-03 2.636560e-03 2.780905e-03 2.932243e-03 3.090938e-03 3.257375e-03 3.431953e-03 3.615085e-03 3.807195e-03 4.008709e-03 4.220059e-03 4.441688e-03 4.674089e-03 4.917867e-03 5.173834e-03 5.443082e-03 5.726808e-03 6.025331e-03 6.334906e-03 6.639231e-03 
1.627619e-04 1.623670e-04 1.611821e-04 1.592056e-04 1.564349e-04 1.528666e-04 1.484962e-04 1.433181e-04 1.373255e-04 1.305107e-04 1.228648e-04 1.143777e-04 1.050380e-04 9.483305e-05 8.374897e-05 7.177037e-05 5.888045e-05 4.506088e-05 3.029175e-05 1.455145e-05 2.183343e-06 1.993782e-05 3.873908e-05 5.861624e-05 7.960058e-05 1.017256e-04 1.250270e-04 1.495433e-04 1.753152e-04 2.023864e-04 2.308034e-04 2.606157e-04 2.918760e-04 3.246404e-04 3.589683e-04 3.949232e-04 4.325723e-04 4.719868e-04 5.132426e-04 5.564200e-04 6.016040e-04 6.488851e-04 6.983589e-04 7.501268e-04 8.042962e-04 8.609807e-04 9.203009e-04 9.823841e-04 1.047365e-03 1.115387e-03 1.186600e-03 1.261164e-03 1.339248e-03 1.421030e-03 1.506697e-03 1.596449e-03 1.690494e-03 1.789054e-03 1.892360e-03 2.000658e-03 2.114205e-03 2.233272e-03 2.358145e-03 2.489123e-03 2.626524e-03 2.770680e-03 2.921942e-03 3.080678e-03 3.247270e-03 3.422115e-03 3.605618e-03 3.798186e-03 4.000232e-03 4.212183e-03 4.434505e-03 4.667774e-03 4.912758e-03 5.170484e-03 5.442076e-03 5.727842e-03 6.024306e-03 6.316294e-03 
1.195346e-04 1.191883e-04 1.181488e-04 1.164147e-04 1.139835e-04 1.108515e-04 1.070142e-04 1.024659e-04 9.719979e-05 9.120810e-05 8.448174e-05 7.701049e-05 6.878286e-05 5.978608e-05 5.000606e-05 3.942728e-05 2.803278e-05 1.580405e-05 2.721015e-06 1.123810e-05 2.609679e-05 4.188042e-05 5.861624e-05 7.633354e-05 9.506371e-05 1.148404e-04 1.356994e-04 1.576792e-04 1.808208e-04 2.051676e-04 2.307663e-04 2.576662e-04 2.859198e-04 3.155831e-04 3.467151e-04 3.793790e-04 4.136414e-04 4.495730e-04 4.872490e-04 5.267486e-04 5.681561e-04 6.115606e-04 6.570564e-04 7.047433e-04 7.547268e-04 8.071186e-04 8.620367e-04 9.196060e-04 9.799584e-04 1.043233e-03 1.109578e-03 1.179147e-03 1.252106e-03 1.328627e-03 1.408893e-03 1.493096e-03 1.581440e-03 1.674137e-03 1.771413e-03 1.873502e-03 1.980655e-03 2.093132e-03 2.211207e-03 2.335169e-03 2.465322e-03 2.601985e-03 2.745494e-03 2.896200e-03 3.054469e-03 3.220681e-03 3.395220e-03 3.578477e-03 3.770846e-03 3.972732e-03 4.184582e-03 4.406937e-03 4.640521e-03 4.886293e-03 5.145304e-03 5.417853e-03 5.700742e-03 5.979982e-03 
7.418314e-05 7.388743e-05 7.299979e-05 7.151869e-05 6.944157e-05 6.676481e-05 6.348377e-05 5.959269e-05 5.508474e-05 4.995193e-05 4.418511e-05 3.777393e-05 3.070677e-05 2.297073e-05 1.455154e-05 5.433528e-06 4.400430e-06 1.496900e-05 2.629246e-05 3.839274e-05 5.129352e-05 6.502033e-05 7.960058e-05 9.506371e-05 1.114413e-04 1.287669e-04 1.470768e-04 1.664093e-04 1.868053e-04 2.083086e-04 2.309654e-04 2.548252e-04 2.799404e-04 3.063664e-04 3.341623e-04 3.633906e-04 3.941175e-04 4.264131e-04 4.603517e-04 4.960118e-04 5.334765e-04 5.728337e-04 6.141763e-04 6.576023e-04 7.032156e-04 7.511256e-04 8.014479e-04 8.543047e-04 9.098248e-04 9.681442e-04 1.029406e-03 1.093762e-03 1.161372e-03 1.232403e-03 1.307033e-03 1.385447e-03 1.467842e-03 1.554424e-03 1.645410e-03 1.741027e-03 1.841514e-03 1.947122e-03 2.058114e-03 2.174768e-03 2.297373e-03 2.426237e-03 2.561678e-03 2.704032e-03 2.853648e-03 3.010887e-03 3.176115e-03 3.349705e-03 3.532031e-03 3.723479e-03 3.924472e-03 4.135521e-03 4.357301e-03 4.590704e-03 4.836705e-03 5.095592e-03 5.364463e-03 5.630561e-03 
2.667590e-05 2.643290e-05 2.570337e-05 2.448578e-05 2.277750e-05 2.057491e-05 1.787326e-05 1.466674e-05 1.094841e-05 6.710197e-06 1.942828e-06 3.364182e-06 9.222580e-06 1.564542e-05 2.264713e-05 3.024353e-05 3.845192e-05 4.729116e-05 5.678168e-05 6.694560e-05 7.780678e-05 8.939090e-05 1.017256e-04 1.148404e-04 1.287669e-04 1.435392e-04 1.591932e-04 1.757675e-04 1.933030e-04 2.118435e-04 2.314353e-04 2.521275e-04 2.739724e-04 2.970253e-04 3.213449e-04 3.469933e-04 3.740360e-04 4.025427e-04 4.325867e-04 4.642458e-04 4.976018e-04 5.327414e-04 5.697560e-04 6.087420e-04 6.498012e-04 6.930409e-04 7.385744e-04 7.865208e-04 8.370061e-04 8.901626e-04 9.461300e-04 1.005055e-03 1.067093e-03 1.132406e-03 1.201166e-03 1.273552e-03 1.349754e-03 1.429971e-03 1.514411e-03 1.603293e-03 1.696846e-03 1.795311e-03 1.898940e-03 2.007998e-03 2.122762e-03 2.243524e-03 2.370588e-03 2.504274e-03 2.644914e-03 2.792849e-03 2.948427e-03 3.112003e-03 3.283931e-03 3.464579e-03 3.654344e-03 3.853707e-03 4.063293e-03 4.283927e-03 4.516505e-03 4.761305e-03 5.015734e-03 5.268320e-03 
2.302123e-05 2.320942e-05 2.377454e-05 2.471815e-05 2.604289e-05 2.775246e-05 2.985165e-05 3.234636e-05 3.524361e-05 3.855160e-05 4.227970e-05 4.643853e-05 5.103998e-05 5.609725e-05 6.162491e-05 6.763897e-05 7.415690e-05 8.119772e-05 8.878206e-05 9.693219e-05 1.056722e-04 1.150279e-04 1.250270e-04 1.356994e-04 1.470768e-04 1.591932e-04 1.720848e-04 1.857902e-04 2.003504e-04 2.158091e-04 2.322125e-04 2.496097e-04 2.680529e-04 2.875969e-04 3.083002e-04 3.302244e-04 3.534346e-04 3.779997e-04 4.039923e-04 4.314890e-04 4.605708e-04 4.913228e-04 5.238351e-04 5.582024e-04 5.945244e-04 6.329062e-04 6.734585e-04 7.162978e-04 7.615466e-04 8.093339e-04 8.597953e-04 9.130736e-04 9.693184e-04 1.028688e-03 1.091346e-03 1.157468e-03 1.227236e-03 1.300840e-03 1.378481e-03 1.460369e-03 1.546724e-03 1.637775e-03 1.733765e-03 1.834944e-03 1.941577e-03 2.053942e-03 2.172329e-03 2.297038e-03 2.428385e-03 2.566694e-03 2.712293e-03 2.865517e-03 3.026704e-03 3.196198e-03 3.374378e-03 3.561689e-03 3.758710e-03 3.966191e-03 4.184950e-03 4.415258e-03 4.654841e-03 4.893566e-03 
7.494501e-05 7.507631e-05 7.547074e-05 7.612990e-05 7.705647e-05 7.825418e-05 7.972791e-05 8.148361e-05 8.352842e-05 8.587063e-05 8.851972e-05 9.148646e-05 9.478285e-05 9.842226e-05 1.024194e-04 1.067905e-04 1.115532e-04 1.167266e-04 1.223316e-04 1.283906e-04 1.349279e-04 1.419695e-04 1.495433e-04 1.576792e-04 1.664093e-04 1.757675e-04 1.857902e-04 1.965160e-04 2.079861e-04 2.202440e-04 2.333359e-04 2.473109e-04 2.622208e-04 2.781203e-04 2.950675e-04 3.131236e-04 3.323530e-04 3.528241e-04 3.746085e-04 3.977820e-04 4.224243e-04 4.486195e-04 4.764557e-04 5.060261e-04 5.374284e-04 5.707654e-04 6.061452e-04 6.436814e-04 6.834934e-04 7.257065e-04 7.704523e-04 8.178692e-04 8.681021e-04 9.213031e-04 9.776319e-04 1.037256e-03 1.100350e-03 1.167097e-03 1.237690e-03 1.312330e-03 1.391226e-03 1.474598e-03 1.562675e-03 1.655699e-03 1.753919e-03 1.857599e-03 1.967011e-03 2.082443e-03 2.204191e-03 2.332559e-03 2.467859e-03 2.610406e-03 2.760518e-03 2.918522e-03 3.084771e-03 3.259680e-03 3.443776e-03 3.637739e-03 3.842304e-03 4.057734e-03 4.282091e-03 4.506626e-03 
1.291351e-04 1.292074e-04 1.294249e-04 1.297892e-04 1.303030e-04 1.309700e-04 1.317953e-04 1.327849e-04 1.339460e-04 1.352869e-04 1.368173e-04 1.385481e-04 1.404914e-04 1.426608e-04 1.450711e-04 1.477386e-04 1.506812e-04 1.539183e-04 1.574709e-04 1.613615e-04 1.656146e-04 1.702565e-04 1.753152e-04 1.808208e-04 1.868053e-04 1.933030e-04 2.003504e-04 2.079861e-04 2.162512e-04 2.251894e-04 2.348468e-04 2.452723e-04 2.565175e-04 2.686370e-04 2.816883e-04 2.957324e-04 3.108330e-04 3.270578e-04 3.444777e-04 3.631675e-04 3.832056e-04 4.046748e-04 4.276618e-04 4.522579e-04 4.785587e-04 5.066648e-04 5.366818e-04 5.687202e-04 6.028963e-04 6.393316e-04 6.781540e-04 7.194970e-04 7.635008e-04 8.103121e-04 8.600845e-04 9.129788e-04 9.691631e-04 1.028813e-03 1.092112e-03 1.159253e-03 1.230435e-03 1.305867e-03 1.385767e-03 1.470364e-03 1.559894e-03 1.654606e-03 1.754758e-03 1.860620e-03 1.972470e-03 2.090594e-03 2.215285e-03 2.346840e-03 2.485558e-03 2.631747e-03 2.785735e-03 2.947906e-03 3.118737e-03 3.298833e-03 3.488847e-03 3.689035e-03 3.897806e-03 4.107845e-03 
1.856342e-04 1.856455e-04 1.856798e-04 1.857387e-04 1.858252e-04 1.859428e-04 1.860968e-04 1.862932e-04 1.865392e-04 1.868434e-04 1.872156e-04 1.876666e-04 1.882089e-04 1.888561e-04 1.896231e-04 1.905266e-04 1.915846e-04 1.928165e-04 1.942435e-04 1.958885e-04 1.977761e-04 1.999326e-04 2.023864e-04 2.051676e-04 2.083086e-04 2.118435e-04 2.158091e-04 2.202440e-04 2.251894e-04 2.306889e-04 2.367887e-04 2.435374e-04 2.509866e-04 2.591905e-04 2.682065e-04 2.780947e-04 2.889187e-04 3.007453e-04 3.136446e-04 3.276903e-04 3.429599e-04 3.595347e-04 3.774998e-04 3.969447e-04 4.179632e-04 4.406534e-04 4.651182e-04 4.914655e-04 5.198079e-04 5.502636e-04 5.829562e-04 6.180149e-04 6.555748e-04 6.957773e-04 7.387699e-04 7.847069e-04 8.337492e-04 8.860648e-04 9.418289e-04 1.001224e-03 1.064441e-03 1.131678e-03 1.203141e-03 1.279046e-03 1.359617e-03 1.445088e-03 1.535701e-03 1.631709e-03 1.733372e-03 1.840959e-03 1.954744e-03 2.075004e-03 2.202021e-03 2.336083e-03 2.477496e-03 2.626610e-03 2.783852e-03 2.949751e-03 3.124877e-03 3.309481e-03 3.502330e-03 3.697591e-03 
2.444884e-04 2.444365e-04 2.442813e-04 2.440246e-04 2.436691e-04 2.432187e-04 2.426785e-04 2.420545e-04 2.413543e-04 2.405865e-04 2.397608e-04 2.388884e-04 2.379817e-04 2.370546e-04 2.361222e-04 2.352012e-04 2.343097e-04 2.334675e-04 2.326960e-04 2.320182e-04 2.314588e-04 2.310444e-04 2.308034e-04 2.307663e-04 2.309654e-04 2.314353e-04 2.322125e-04 2.333359e-04 2.348468e-04 2.367887e-04 2.392077e-04 2.421524e-04 2.456742e-04 2.498271e-04 2.546680e-04 2.602568e-04 2.666565e-04 2.739330e-04 2.821558e-04 2.913976e-04 3.017346e-04 3.132470e-04 3.260182e-04 3.401360e-04 3.556921e-04 3.727823e-04 3.915069e-04 4.119709e-04 4.342836e-04 4.585595e-04 4.849182e-04 5.134844e-04 5.443882e-04 5.777654e-04 6.137578e-04 6.525129e-04 6.941846e-04 7.389331e-04 7.869252e-04 8.383344e-04 8.933412e-04 9.521334e-04 1.014906e-03 1.081862e-03 1.153212e-03 1.229176e-03 1.309979e-03 1.395859e-03 1.487058e-03 1.583826e-03 1.686418e-03 1.795094e-03 1.910117e-03 2.031756e-03 2.160294e-03 2.296049e-03 2.439397e-03 2.590790e-03 2.750712e-03 2.919411e-03 3.096025e-03 3.276248e-03 
3.057471e-04 3.056300e-04 3.052792e-04 3.046964e-04 3.038845e-04 3.028473e-04 3.015899e-04 3.001187e-04 2.984411e-04 2.965658e-04 2.945028e-04 2.922632e-04 2.898597e-04 2.873061e-04 2.846180e-04 2.818119e-04 2.789065e-04 2.759214e-04 2.728782e-04 2.698002e-04 2.667123e-04 2.636413e-04 2.606157e-04 2.576662e-04 2.548252e-04 2.521275e-04 2.496097e-04 2.473109e-04 2.452723e-04 2.435374e-04 2.421524e-04 2.411658e-04 2.406288e-04 2.405951e-04 2.411214e-04 2.422672e-04 2.440947e-04 2.466696e-04 2.500602e-04 2.543385e-04 2.595795e-04 2.658619e-04 2.732679e-04 2.818833e-04 2.917978e-04 3.031051e-04 3.159027e-04 3.302927e-04 3.463813e-04 3.642792e-04 3.841020e-04 4.059698e-04 4.300079e-04 4.563467e-04 4.851218e-04 5.164743e-04 5.505509e-04 5.875041e-04 6.274922e-04 6.706798e-04 7.172374e-04 7.673422e-04 8.211778e-04 8.789347e-04 9.408104e-04 1.007009e-03 1.077743e-03 1.153231e-03 1.233699e-03 1.319377e-03 1.410504e-03 1.507320e-03 1.610070e-03 1.719005e-03 1.834386e-03 1.956497e-03 2.085663e-03 2.222260e-03 2.366684e-03 2.519181e-03 2.679271e-03 2.844219e-03 
3.694637e-04 3.692793e-04 3.687267e-04 3.678075e-04 3.665245e-04 3.648818e-04 3.628846e-04 3.605391e-04 3.578529e-04 3.548348e-04 3.514949e-04 3.478444e-04 3.438962e-04 3.396642e-04 3.351639e-04 3.304124e-04 3.254281e-04 3.202312e-04 3.148432e-04 3.092877e-04 3.035897e-04 2.977762e-04 2.918760e-04 2.859198e-04 2.799404e-04 2.739724e-04 2.680529e-04 2.622208e-04 2.565175e-04 2.509866e-04 2.456742e-04 2.406288e-04 2.359013e-04 2.315455e-04 2.276175e-04 2.241766e-04 2.212845e-04 2.190061e-04 2.174091e-04 2.165645e-04 2.165464e-04 2.174319e-04 2.193019e-04 2.222405e-04 2.263352e-04 2.316776e-04 2.383628e-04 2.464897e-04 2.561615e-04 2.674852e-04 2.805723e-04 2.955387e-04 3.125045e-04 3.315947e-04 3.529391e-04 3.766723e-04 4.029337e-04 4.318683e-04 4.636259e-04 4.983621e-04 5.362376e-04 5.774190e-04 6.220785e-04 6.703944e-04 7.225508e-04 7.787378e-04 8.391517e-04 9.039948e-04 9.734753e-04 1.047807e-03 1.127208e-03 1.211902e-03 1.302116e-03 1.398082e-03 1.500040e-03 1.608241e-03 1.722959e-03 1.844490e-03 1.973144e-03 2.109164e-03 2.252465e-03 2.401926e-03 
4.356957e-04 4.354419e-04 4.346812e-04 4.334151e-04 4.316467e-04 4.293799e-04 4.266199e-04 4.233731e-04 4.196472e-04 4.154509e-04 4.107946e-04 4.056895e-04 4.001485e-04 3.941859e-04 3.878172e-04 3.810596e-04 3.739317e-04 3.664538e-04 3.586478e-04 3.505372e-04 3.421474e-04 3.335055e-04 3.246404e-04 3.155831e-04 3.063664e-04 2.970253e-04 2.875969e-04 2.781203e-04 2.686370e-04 2.591905e-04 2.498271e-04 2.405951e-04 2.315455e-04 2.227317e-04 2.142097e-04 2.060383e-04 1.982789e-04 1.909958e-04 1.842560e-04 1.781294e-04 1.726893e-04 1.680115e-04 1.641754e-04 1.612634e-04 1.593612e-04 1.585581e-04 1.589467e-04 1.606231e-04 1.636873e-04 1.682427e-04 1.743970e-04 1.822614e-04 1.919514e-04 2.035866e-04 2.172907e-04 2.331920e-04 2.514230e-04 2.721208e-04 2.954270e-04 3.214882e-04 3.504554e-04 3.824848e-04 4.177373e-04 4.563787e-04 4.985802e-04 5.445175e-04 5.943716e-04 6.483284e-04 7.065788e-04 7.693184e-04 8.367479e-04 9.090726e-04 9.865026e-04 1.069252e-03 1.157539e-03 1.251584e-03 1.351606e-03 1.457823e-03 1.570457e-03 1.689751e-03 1.816024e-03 1.949808e-03 
5.045047e-04 5.041795e-04 5.032044e-04 5.015812e-04 4.993128e-04 4.964031e-04 4.928575e-04 4.886824e-04 4.838855e-04 4.784757e-04 4.724633e-04 4.658598e-04 4.586781e-04 4.509326e-04 4.426390e-04 4.338146e-04 4.244782e-04 4.146501e-04 4.043526e-04 3.936092e-04 3.824455e-04 3.708888e-04 3.589683e-04 3.467151e-04 3.341623e-04 3.213449e-04 3.083002e-04 2.950675e-04 2.816883e-04 2.682065e-04 2.546680e-04 2.411214e-04 2.276175e-04 2.142097e-04 2.009537e-04 1.879081e-04 1.751337e-04 1.626943e-04 1.506564e-04 1.390891e-04 1.280644e-04 1.176573e-04 1.079456e-04 9.901016e-05 9.093488e-05 8.380680e-05 7.771610e-05 7.275624e-05 6.902396e-05 6.661938e-05 6.564607e-05 6.621109e-05 6.842507e-05 7.240231e-05 7.826079e-05 8.612230e-05 9.611244e-05 1.083608e-04 1.230007e-04 1.401699e-04 1.600099e-04 1.826663e-04 2.082889e-04 2.370316e-04 2.690523e-04 3.045126e-04 3.435784e-04 3.864194e-04 4.332092e-04 4.841259e-04 5.393523e-04 5.990764e-04 6.634915e-04 7.327943e-04 8.071813e-04 8.868406e-04 9.719395e-04 1.062617e-03 1.159005e-03 1.261348e-03 1.370379e-03 1.488320e-03 
5.759573e-04 5.755585e-04 5.743629e-04 5.723721e-04 5.695891e-04 5.660178e-04 5.616637e-04 5.565333e-04 5.506341e-04 5.439753e-04 5.365672e-04 5.284214e-04 5.195509e-04 5.099701e-04 4.996949e-04 4.887428e-04 4.771326e-04 4.648850e-04 4.520221e-04 4.385678e-04 4.245480e-04 4.099900e-04 3.949232e-04 3.793790e-04 3.633906e-04 3.469933e-04 3.302244e-04 3.131236e-04 2.957324e-04 2.780947e-04 2.602568e-04 2.422672e-04 2.241766e-04 2.060383e-04 1.879081e-04 1.698440e-04 1.519067e-04 1.341596e-04 1.166684e-04 9.950151e-05 8.273016e-05 6.642812e-05 5.067195e-05 3.554098e-05 2.111734e-05 7.486020e-06 5.265122e-06 1.704530e-05 2.776079e-05 3.731484e-05 4.560769e-05 5.253649e-05 5.799531e-05 6.187504e-05 6.406338e-05 6.444483e-05 6.290061e-05 5.930862e-05 5.354345e-05 4.547634e-05 3.497518e-05 2.190450e-05 6.125603e-06 1.250342e-05 3.412753e-05 5.889459e-05 8.695534e-05 1.184634e-04 1.535756e-04 1.924525e-04 2.352595e-04 2.821676e-04 3.333535e-04 3.889969e-04 4.492736e-04 5.143396e-04 5.843103e-04 6.592446e-04 7.391842e-04 8.243747e-04 9.159756e-04 1.017933e-03 
6.501248e-04 6.496504e-04 6.482280e-04 6.458592e-04 6.425470e-04 6.382954e-04 6.331099e-04 6.269969e-04 6.199641e-04 6.120208e-04 6.031771e-04 5.934449e-04 5.828372e-04 5.713685e-04 5.590549e-04 5.459139e-04 5.319645e-04 5.172275e-04 5.017252e-04 4.854818e-04 4.685230e-04 4.508767e-04 4.325723e-04 4.136414e-04 3.941175e-04 3.740360e-04 3.534346e-04 3.323530e-04 3.108330e-04 2.889187e-04 2.666565e-04 2.440947e-04 2.212845e-04 1.982789e-04 1.751337e-04 1.519067e-04 1.286585e-04 1.054518e-04 8.235206e-05 5.942700e-05 3.674696e-05 1.438477e-05 7.584203e-06 2.908205e-05 5.002829e-05 7.033988e-05 8.993117e-05 1.087139e-04 1.265973e-04 1.434878e-04 1.592894e-04 1.739033e-04 1.872281e-04 1.991598e-04 2.095916e-04 2.184142e-04 2.255155e-04 2.307806e-04 2.340922e-04 2.353301e-04 2.343714e-04 2.310907e-04 2.253603e-04 2.170500e-04 2.060274e-04 1.921586e-04 1.753075e-04 1.553364e-04 1.321050e-04 1.054699e-04 7.528296e-05 4.138976e-05 3.629754e-06 3.816039e-05 8.413580e-05 1.344214e-04 1.890799e-04 2.480899e-04 3.114025e-04 3.792665e-04 4.532749e-04 5.391324e-04 
