1.722325e-03 1.699008e-03 1.629260e-03 1.513713e-03 1.353486e-03 1.150288e-03 9.065492e-04 6.255620e-04 3.116143e-04 2.991765e-05 3.925239e-04 7.685599e-04 1.149279e-03 1.524897e-03 1.884702e-03 2.217273e-03 2.510856e-03 2.753971e-03 2.936221e-03 3.049232e-03 3.087543e-03 
1.699008e-03 1.675969e-03 1.607054e-03 1.492886e-03 1.334577e-03 1.133817e-03 8.930132e-04 6.154266e-04 3.053017e-04 3.204073e-05 3.901582e-04 7.614858e-04 1.137370e-03 1.508134e-03 1.863193e-03 2.191278e-03 2.480809e-03 2.720496e-03 2.900128e-03 3.011493e-03 3.049242e-03 
1.629260e-03 1.607054e-03 1.540629e-03 1.430591e-03 1.278014e-03 1.084539e-03 8.525016e-04 5.850621e-04 2.863333e-04 3.853211e-05 3.832963e-04 7.406351e-04 1.102174e-03 1.458560e-03 1.799590e-03 2.114439e-03 2.392038e-03 2.621645e-03 2.793593e-03 2.900135e-03 2.936238e-03 
1.513713e-03 1.492886e-03 1.430591e-03 1.327394e-03 1.184308e-03 1.002882e-03 7.853203e-04 5.346106e-04 2.546360e-04 4.973792e-05 3.726199e-04 7.070912e-04 1.045245e-03 1.378267e-03 1.696580e-03 1.990078e-03 2.248502e-03 2.461970e-03 2.621649e-03 2.720507e-03 2.753991e-03 
1.353486e-03 1.334577e-03 1.278014e-03 1.184308e-03 1.054372e-03 8.896131e-04 6.920360e-04 4.643646e-04 2.101459e-04 6.616978e-05 3.591858e-04 6.625577e-04 9.690353e-04 1.270554e-03 1.558387e-03 1.823390e-03 2.056359e-03 2.248505e-03 2.392045e-03 2.480823e-03 2.510877e-03 
1.150288e-03 1.133817e-03 1.084539e-03 1.002882e-03 8.896131e-04 7.459297e-04 5.735539e-04 3.748432e-04 1.528874e-04 8.841558e-05 3.443178e-04 6.092190e-04 8.767108e-04 1.139672e-03 1.390429e-03 1.620994e-03 1.823391e-03 1.990081e-03 2.114446e-03 2.191291e-03 2.217292e-03 
9.065492e-04 8.930132e-04 8.525016e-04 7.853203e-04 6.920360e-04 5.735539e-04 4.312127e-04 2.668850e-04 8.307081e-05 1.170298e-04 3.294738e-04 5.495709e-04 7.719259e-04 9.905333e-04 1.198932e-03 1.390429e-03 1.558387e-03 1.696582e-03 1.799595e-03 1.863203e-03 1.884718e-03 
6.255620e-04 6.154266e-04 5.850621e-04 5.346106e-04 4.643646e-04 3.748432e-04 2.668850e-04 1.417466e-04 1.195340e-06 1.524160e-04 3.161025e-04 4.862374e-04 6.585872e-04 8.283972e-04 9.905319e-04 1.139670e-03 1.270552e-03 1.378266e-03 1.458561e-03 1.508139e-03 1.524907e-03 
3.116143e-04 3.053017e-04 2.863333e-04 2.546360e-04 2.101459e-04 1.528874e-04 8.307081e-05 1.195340e-06 9.185171e-05 1.947127e-04 3.055035e-04 4.217929e-04 5.406244e-04 6.585851e-04 7.719224e-04 8.767062e-04 9.690305e-04 1.045240e-03 1.102171e-03 1.137369e-03 1.149282e-03 
2.991765e-05 3.204073e-05 3.853211e-05 4.973792e-05 6.616978e-05 8.841558e-05 1.170298e-04 1.524160e-04 1.947127e-04 2.436954e-04 2.987038e-04 3.586040e-04 4.217905e-04 4.862328e-04 5.495645e-04 6.092111e-04 6.625488e-04 7.070819e-04 7.406259e-04 7.614774e-04 7.685533e-04 
3.925239e-04 3.901582e-04 3.832963e-04 3.726199e-04 3.591858e-04 3.443178e-04 3.294738e-04 3.161025e-04 3.055035e-04 2.987038e-04 2.963609e-04 2.987011e-04 3.054983e-04 3.160948e-04 3.294638e-04 3.443057e-04 3.591720e-04 3.726046e-04 3.832799e-04 3.901411e-04 3.925072e-04 
7.685599e-04 7.614858e-04 7.406351e-04 7.070912e-04 6.625577e-04 6.092190e-04 5.495709e-04 4.862374e-04 4.217929e-04 3.586040e-04 2.987011e-04 2.436899e-04 1.947044e-04 1.524048e-04 1.170158e-04 8.839884e-05 6.615039e-05 4.971597e-05 3.850775e-05 3.201423e-05 2.988985e-05 
1.149279e-03 1.137370e-03 1.102174e-03 1.045245e-03 9.690353e-04 8.767108e-04 7.719259e-04 6.585872e-04 5.406244e-04 4.217905e-04 3.054983e-04 1.947044e-04 9.184015e-05 1.210291e-06 8.308924e-05 1.529094e-04 2.101715e-04 2.546653e-04 2.863663e-04 3.053383e-04 3.116538e-04 
1.524897e-03 1.508134e-03 1.458560e-03 1.378267e-03 1.270554e-03 1.139672e-03 9.905333e-04 8.283972e-04 6.585851e-04 4.862328e-04 3.160948e-04 1.524048e-04 1.210291e-06 1.417656e-04 2.669082e-04 3.748709e-04 4.643969e-04 5.346477e-04 5.851042e-04 6.154739e-04 6.256135e-04 
1.884702e-03 1.863193e-03 1.799590e-03 1.696580e-03 1.558387e-03 1.390429e-03 1.198932e-03 9.905319e-04 7.719224e-04 5.495645e-04 3.294638e-04 1.170158e-04 8.308924e-05 2.669082e-04 4.312410e-04 5.735876e-04 6.920754e-04 7.853656e-04 8.525533e-04 8.930714e-04 9.066130e-04 
2.217273e-03 2.191278e-03 2.114439e-03 1.990078e-03 1.823390e-03 1.620994e-03 1.390429e-03 1.139670e-03 8.767062e-04 6.092111e-04 3.443057e-04 8.839884e-05 1.529094e-04 3.748709e-04 5.735876e-04 7.459697e-04 8.896599e-04 1.002935e-03 1.084601e-03 1.133886e-03 1.150364e-03 
2.510856e-03 2.480809e-03 2.392038e-03 2.248502e-03 2.056359e-03 1.823391e-03 1.558387e-03 1.270552e-03 9.690305e-04 6.625488e-04 3.591720e-04 6.615039e-05 2.101715e-04 4.643969e-04 6.920754e-04 8.896599e-04 1.054427e-03 1.184370e-03 1.278085e-03 1.334657e-03 1.353574e-03 
2.753971e-03 2.720496e-03 2.621645e-03 2.461970e-03 2.248505e-03 1.990081e-03 1.696582e-03 1.378266e-03 1.045240e-03 7.070819e-04 3.726046e-04 4.971597e-05 2.546653e-04 5.346477e-04 7.853656e-04 1.002935e-03 1.184370e-03 1.327466e-03 1.430673e-03 1.492978e-03 1.513813e-03 
2.936221e-03 2.900128e-03 2.793593e-03 2.621649e-03 2.392045e-03 2.114446e-03 1.799595e-03 1.458561e-03 1.102171e-03 7.406259e-04 3.832799e-04 3.850775e-05 2.863663e-04 5.851042e-04 8.525533e-04 1.084601e-03 1.278085e-03 1.430673e-03 1.540722e-03 1.607157e-03 1.629373e-03 
3.049232e-03 3.011493e-03 2.900135e-03 2.720507e-03 2.480823e-03 2.191291e-03 1.863203e-03 1.508139e-03 1.137369e-03 7.614774e-04 3.901411e-04 3.201423e-05 3.053383e-04 6.154739e-04 8.930714e-04 1.133886e-03 1.334657e-03 1.492978e-03 1.607157e-03 1.676084e-03 1.699133e-03 
3.087543e-03 3.049242e-03 2.936238e-03 2.753991e-03 2.510877e-03 2.217292e-03 1.884718e-03 1.524907e-03 1.149282e-03 7.685533e-04 3.925072e-04 2.988985e-05 3.116538e-04 6.256135e-04 9.066130e-04 1.150364e-03 1.353574e-03 1.513813e-03 1.629373e-03 1.699133e-03 1.722461e-03 
