2.864687e-05 2.861023e-05 2.850005e-05 2.831556e-05 2.805546e-05 2.771797e-05 2.730081e-05 2.680123e-05 2.621605e-05 2.554164e-05 2.477401e-05 2.390881e-05 2.294135e-05 2.186669e-05 2.067964e-05 1.937482e-05 1.794673e-05 1.638978e-05 1.469834e-05 1.286682e-05 1.088971e-05 8.761641e-06 6.477453e-06 4.032241e-06 1.421428e-06 1.359187e-06 4.313364e-06 7.444371e-06 1.075493e-05 1.424716e-05 1.792255e-05 2.178188e-05 2.582521e-05 3.005182e-05 3.446020e-05 3.904800e-05 4.381205e-05 4.874826e-05 5.385169e-05 5.911649e-05 6.453593e-05 7.010237e-05 7.580728e-05 8.164127e-05 8.759408e-05 9.365460e-05 9.981094e-05 1.060504e-04 1.123596e-04 1.187243e-04 1.251297e-04 1.315605e-04 1.380007e-04 1.444338e-04 1.508429e-04 1.572107e-04 1.635196e-04 1.697518e-04 1.758893e-04 1.819140e-04 1.878077e-04 1.935526e-04 1.991306e-04 2.045242e-04 2.097161e-04 2.146893e-04 2.194275e-04 2.239149e-04 2.281362e-04 2.320771e-04 2.357239e-04 2.390641e-04 2.420858e-04 2.447784e-04 2.471323e-04 2.491390e-04 2.507915e-04 2.520837e-04 2.530110e-04 2.535699e-04 2.537583e-04 
2.861023e-05 2.857360e-05 2.846347e-05 2.827905e-05 2.801905e-05 2.768170e-05 2.726471e-05 2.676534e-05 2.618040e-05 2.550628e-05 2.473900e-05 2.387419e-05 2.290718e-05 2.183304e-05 2.064657e-05 1.934241e-05 1.791507e-05 1.635895e-05 1.466844e-05 1.283795e-05 1.086198e-05 8.735158e-06 6.452341e-06 4.008627e-06 1.399445e-06 1.379400e-06 4.331663e-06 7.460609e-06 1.076895e-05 1.425881e-05 1.793167e-05 2.178830e-05 2.582877e-05 3.005235e-05 3.445753e-05 3.904198e-05 4.380249e-05 4.873501e-05 5.383459e-05 5.909538e-05 6.451065e-05 7.007278e-05 7.577323e-05 8.160263e-05 8.755072e-05 9.360640e-05 9.975779e-05 1.059922e-04 1.122962e-04 1.186557e-04 1.250559e-04 1.314814e-04 1.379162e-04 1.443439e-04 1.507476e-04 1.571100e-04 1.634135e-04 1.696404e-04 1.757726e-04 1.817921e-04 1.876807e-04 1.934206e-04 1.989938e-04 2.043826e-04 2.095699e-04 2.145388e-04 2.192728e-04 2.237561e-04 2.279737e-04 2.319110e-04 2.355546e-04 2.388917e-04 2.419107e-04 2.446009e-04 2.469526e-04 2.489576e-04 2.506086e-04 2.518996e-04 2.528261e-04 2.533845e-04 2.535727e-04 
2.850005e-05 2.846347e-05 2.835346e-05 2.816926e-05 2.790957e-05 2.757262e-05 2.715614e-05 2.665739e-05 2.607320e-05 2.539996e-05 2.463370e-05 2.377008e-05 2.280444e-05 2.173186e-05 2.054716e-05 1.924500e-05 1.781989e-05 1.626628e-05 1.457855e-05 1.275116e-05 1.077860e-05 8.655538e-06 6.376840e-06 3.937627e-06 1.333342e-06 1.440189e-06 4.386708e-06 7.509463e-06 1.081116e-05 1.429390e-05 1.795915e-05 2.180770e-05 2.583958e-05 3.005407e-05 3.444968e-05 3.902404e-05 4.377397e-05 4.869542e-05 5.378344e-05 5.903220e-05 6.443498e-05 6.998416e-05 7.567126e-05 8.148688e-05 8.742082e-05 9.346200e-05 9.959855e-05 1.058178e-04 1.121064e-04 1.184503e-04 1.248347e-04 1.312442e-04 1.376629e-04 1.440744e-04 1.504619e-04 1.568082e-04 1.630956e-04 1.693066e-04 1.754230e-04 1.814269e-04 1.873002e-04 1.930251e-04 1.985836e-04 2.039583e-04 2.091319e-04 2.140876e-04 2.188090e-04 2.232804e-04 2.274867e-04 2.314134e-04 2.350472e-04 2.383754e-04 2.413862e-04 2.440691e-04 2.464145e-04 2.484140e-04 2.500605e-04 2.513480e-04 2.522719e-04 2.528288e-04 2.530165e-04 
2.831556e-05 2.827905e-05 2.816926e-05 2.798542e-05 2.772625e-05 2.738998e-05 2.697436e-05 2.647666e-05 2.589372e-05 2.522197e-05 2.445744e-05 2.359582e-05 2.263247e-05 2.156249e-05 2.038076e-05 1.908194e-05 1.766059e-05 1.611117e-05 1.442812e-05 1.260589e-05 1.063905e-05 8.522270e-06 6.250457e-06 3.818762e-06 1.222658e-06 1.542002e-06 4.478932e-06 7.591358e-06 1.088196e-05 1.435283e-05 1.800541e-05 2.184046e-05 2.585803e-05 3.005739e-05 3.443702e-05 3.899458e-05 4.372689e-05 4.862989e-05 5.369866e-05 5.892739e-05 6.430937e-05 6.983702e-05 7.550187e-05 8.129458e-05 8.720496e-05 9.322199e-05 9.933385e-05 1.055279e-04 1.117909e-04 1.181088e-04 1.244668e-04 1.308497e-04 1.372417e-04 1.436264e-04 1.499870e-04 1.563064e-04 1.625671e-04 1.687514e-04 1.748416e-04 1.808196e-04 1.866675e-04 1.923674e-04 1.979017e-04 2.032528e-04 2.084037e-04 2.133374e-04 2.180379e-04 2.224894e-04 2.266769e-04 2.305861e-04 2.342036e-04 2.375168e-04 2.405141e-04 2.431848e-04 2.455196e-04 2.475101e-04 2.491491e-04 2.504308e-04 2.513505e-04 2.519049e-04 2.520918e-04 
2.805546e-05 2.801905e-05 2.790957e-05 2.772625e-05 2.746782e-05 2.713253e-05 2.671813e-05 2.622192e-05 2.564077e-05 2.497112e-05 2.420904e-05 2.335024e-05 2.239014e-05 2.132387e-05 2.014632e-05 1.885223e-05 1.743617e-05 1.589267e-05 1.421619e-05 1.240125e-05 1.044245e-05 8.334508e-06 6.072374e-06 3.651243e-06 1.066628e-06 1.685579e-06 4.609056e-06 7.706993e-06 1.098204e-05 1.443626e-05 1.807108e-05 2.188725e-05 2.588478e-05 3.006294e-05 3.442022e-05 3.895427e-05 4.366192e-05 4.853912e-05 5.358098e-05 5.878169e-05 6.413460e-05 6.963215e-05 7.526591e-05 8.102660e-05 8.690407e-05 9.288738e-05 9.896475e-05 1.051237e-04 1.113509e-04 1.176324e-04 1.239537e-04 1.302995e-04 1.366541e-04 1.430013e-04 1.493244e-04 1.556062e-04 1.618296e-04 1.679769e-04 1.740304e-04 1.799723e-04 1.857847e-04 1.914499e-04 1.969503e-04 2.022686e-04 2.073876e-04 2.122909e-04 2.169622e-04 2.213860e-04 2.255473e-04 2.294321e-04 2.330268e-04 2.363192e-04 2.392975e-04 2.419514e-04 2.442714e-04 2.462493e-04 2.478779e-04 2.491515e-04 2.500653e-04 2.506162e-04 2.508018e-04 
2.771797e-05 2.768170e-05 2.757262e-05 2.738998e-05 2.713253e-05 2.679851e-05 2.638572e-05 2.589147e-05 2.531265e-05 2.464575e-05 2.388688e-05 2.303179e-05 2.207592e-05 2.101447e-05 1.984237e-05 1.855442e-05 1.714525e-05 1.560942e-05 1.394148e-05 1.213598e-05 1.018758e-05 8.091078e-06 5.841457e-06 3.433971e-06 8.641888e-07 1.871951e-06 4.778079e-06 7.857342e-06 1.111236e-05 1.454514e-05 1.815711e-05 2.194897e-05 2.592073e-05 3.007164e-05 3.440019e-05 3.890404e-05 4.358001e-05 4.842409e-05 5.343138e-05 5.859615e-05 6.391175e-05 6.937068e-05 7.496457e-05 8.068419e-05 8.651947e-05 9.245954e-05 9.849272e-05 1.046066e-04 1.107879e-04 1.170230e-04 1.232972e-04 1.295955e-04 1.359022e-04 1.422014e-04 1.484763e-04 1.547102e-04 1.608858e-04 1.669857e-04 1.729923e-04 1.788879e-04 1.846549e-04 1.902757e-04 1.957327e-04 2.010089e-04 2.060874e-04 2.109516e-04 2.155856e-04 2.199739e-04 2.241018e-04 2.279553e-04 2.315210e-04 2.347867e-04 2.377409e-04 2.403732e-04 2.426743e-04 2.446360e-04 2.462514e-04 2.475145e-04 2.484209e-04 2.489672e-04 2.491514e-04 
2.730081e-05 2.726471e-05 2.715614e-05 2.697436e-05 2.671813e-05 2.638572e-05 2.597493e-05 2.548313e-05 2.490725e-05 2.424379e-05 2.348892e-05 2.263843e-05 2.168784e-05 2.063238e-05 1.946706e-05 1.818671e-05 1.678606e-05 1.525973e-05 1.360233e-05 1.180848e-05 9.872914e-06 7.790488e-06 5.556263e-06 3.165554e-06 6.139919e-07 2.102424e-06 4.987270e-06 8.043642e-06 1.127411e-05 1.468065e-05 1.826464e-05 2.202677e-05 2.596702e-05 3.008464e-05 3.437810e-05 3.884505e-05 4.348236e-05 4.828601e-05 5.325116e-05 5.837208e-05 6.364219e-05 6.905405e-05 7.459935e-05 8.026894e-05 8.605284e-05 9.194025e-05 9.791962e-05 1.039786e-04 1.101042e-04 1.162826e-04 1.224995e-04 1.287400e-04 1.349886e-04 1.412294e-04 1.474459e-04 1.536214e-04 1.597389e-04 1.657812e-04 1.717308e-04 1.775702e-04 1.832820e-04 1.888488e-04 1.942532e-04 1.994784e-04 2.045075e-04 2.093243e-04 2.139130e-04 2.182583e-04 2.223456e-04 2.261610e-04 2.296915e-04 2.329248e-04 2.358497e-04 2.384558e-04 2.407340e-04 2.426762e-04 2.442754e-04 2.455259e-04 2.464232e-04 2.469641e-04 2.471464e-04 
2.680123e-05 2.676534e-05 2.665739e-05 2.647666e-05 2.622192e-05 2.589147e-05 2.548313e-05 2.499432e-05 2.442198e-05 2.376270e-05 2.301267e-05 2.216776e-05 2.122353e-05 2.017529e-05 1.901811e-05 1.774692e-05 1.635649e-05 1.484154e-05 1.319675e-05 1.141682e-05 9.496576e-06 7.430940e-06 5.215054e-06 2.844311e-06 3.144120e-07 2.378575e-06 5.238160e-06 8.267382e-06 1.146875e-05 1.484422e-05 1.839510e-05 2.212206e-05 2.602505e-05 3.010332e-05 3.435533e-05 3.877874e-05 4.337042e-05 4.812638e-05 5.304183e-05 5.811107e-05 6.332759e-05 6.868400e-05 7.417208e-05 7.978278e-05 8.550619e-05 9.133166e-05 9.724772e-05 1.032422e-04 1.093021e-04 1.154140e-04 1.215637e-04 1.277362e-04 1.339165e-04 1.400886e-04 1.462365e-04 1.523435e-04 1.583928e-04 1.643674e-04 1.702501e-04 1.760236e-04 1.816707e-04 1.871741e-04 1.925169e-04 1.976821e-04 2.026534e-04 2.074146e-04 2.119502e-04 2.162450e-04 2.202848e-04 2.240557e-04 2.275448e-04 2.307402e-04 2.336307e-04 2.362062e-04 2.384575e-04 2.403768e-04 2.419571e-04 2.431928e-04 2.440795e-04 2.446140e-04 2.447941e-04 
2.621605e-05 2.618040e-05 2.607320e-05 2.589372e-05 2.564077e-05 2.531265e-05 2.490725e-05 2.442198e-05 2.385388e-05 2.319955e-05 2.245527e-05 2.161696e-05 2.068025e-05 1.964052e-05 1.849294e-05 1.723251e-05 1.585408e-05 1.435246e-05 1.272243e-05 1.095878e-05 9.056412e-06 7.010349e-06 4.815817e-06 2.468293e-06 3.643751e-08 2.702231e-06 5.532525e-06 8.530292e-06 1.169799e-05 1.503750e-05 1.855011e-05 2.223644e-05 2.609644e-05 3.012931e-05 3.433352e-05 3.870675e-05 4.324587e-05 4.794694e-05 5.280518e-05 5.781498e-05 6.296987e-05 6.826256e-05 7.368490e-05 7.922794e-05 8.488191e-05 9.063626e-05 9.647967e-05 1.024001e-04 1.083848e-04 1.144204e-04 1.204929e-04 1.265876e-04 1.326896e-04 1.387831e-04 1.448523e-04 1.508808e-04 1.568521e-04 1.627493e-04 1.685554e-04 1.742535e-04 1.798265e-04 1.852575e-04 1.905296e-04 1.956264e-04 2.005315e-04 2.052292e-04 2.097040e-04 2.139412e-04 2.179266e-04 2.216466e-04 2.250885e-04 2.282406e-04 2.310919e-04 2.336323e-04 2.358529e-04 2.377460e-04 2.393047e-04 2.405235e-04 2.413981e-04 2.419253e-04 2.421029e-04 
2.554164e-05 2.550628e-05 2.539996e-05 2.522197e-05 2.497112e-05 2.464575e-05 2.424379e-05 2.376270e-05 2.319955e-05 2.255103e-05 2.181345e-05 2.098283e-05 2.005487e-05 1.902504e-05 1.788859e-05 1.664060e-05 1.527604e-05 1.378981e-05 1.217677e-05 1.043183e-05 8.549983e-06 6.526357e-06 4.356272e-06 2.035299e-06 4.406880e-07 3.075458e-06 5.872372e-06 8.834328e-06 1.196372e-05 1.526237e-05 1.873152e-05 2.237176e-05 2.618300e-05 3.016444e-05 3.431453e-05 3.863097e-05 4.311065e-05 4.774966e-05 5.254327e-05 5.748593e-05 6.257125e-05 6.779203e-05 7.314022e-05 7.860698e-05 8.418268e-05 8.985691e-05 9.561850e-05 1.014556e-04 1.073556e-04 1.133053e-04 1.192910e-04 1.252982e-04 1.313121e-04 1.373173e-04 1.432981e-04 1.492385e-04 1.551220e-04 1.609322e-04 1.666524e-04 1.722658e-04 1.777557e-04 1.831053e-04 1.882982e-04 1.933182e-04 1.981491e-04 2.027755e-04 2.071823e-04 2.113548e-04 2.152792e-04 2.189422e-04 2.223312e-04 2.254348e-04 2.282420e-04 2.307431e-04 2.329294e-04 2.347931e-04 2.363277e-04 2.375276e-04 2.383885e-04 2.389075e-04 2.390824e-04 
2.477401e-05 2.473900e-05 2.463370e-05 2.445744e-05 2.420904e-05 2.388688e-05 2.348892e-05 2.301267e-05 2.245527e-05 2.181345e-05 2.108363e-05 2.026187e-05 1.934397e-05 1.832550e-05 1.720179e-05 1.596804e-05 1.461930e-05 1.315058e-05 1.155687e-05 9.833175e-06 7.974592e-06 5.976358e-06 3.833901e-06 1.542892e-06 9.006968e-07 3.500543e-06 6.259922e-06 9.181653e-06 1.226806e-05 1.552091e-05 1.894138e-05 2.253004e-05 2.628676e-05 3.021073e-05 3.430040e-05 3.855347e-05 4.296686e-05 4.753671e-05 5.225834e-05 5.712627e-05 6.213419e-05 6.727499e-05 7.254075e-05 7.792276e-05 8.341152e-05 8.899679e-05 9.466757e-05 1.004122e-04 1.062183e-04 1.120728e-04 1.179623e-04 1.238724e-04 1.297888e-04 1.356962e-04 1.415791e-04 1.474219e-04 1.532084e-04 1.589224e-04 1.645475e-04 1.700673e-04 1.754652e-04 1.807250e-04 1.858303e-04 1.907654e-04 1.955144e-04 2.000620e-04 2.043936e-04 2.084948e-04 2.123518e-04 2.159518e-04 2.192825e-04 2.223324e-04 2.250911e-04 2.275489e-04 2.296973e-04 2.315286e-04 2.330365e-04 2.342155e-04 2.350615e-04 2.355714e-04 2.357433e-04 
2.390881e-05 2.387419e-05 2.377008e-05 2.359582e-05 2.335024e-05 2.303179e-05 2.263843e-05 2.216776e-05 2.161696e-05 2.098283e-05 2.026187e-05 1.945023e-05 1.854380e-05 1.753824e-05 1.642900e-05 1.521136e-05 1.388050e-05 1.243156e-05 1.085961e-05 9.159784e-06 7.327305e-06 5.357520e-06 3.245966e-06 9.884264e-07 1.419026e-06 3.979969e-06 6.697588e-06 9.574620e-06 1.261331e-05 1.581537e-05 1.918193e-05 2.271350e-05 2.640993e-05 3.027041e-05 3.429337e-05 3.847653e-05 4.281686e-05 4.731051e-05 5.195289e-05 5.673857e-05 6.166137e-05 6.671426e-05 7.188946e-05 7.717840e-05 8.257174e-05 8.805941e-05 9.363060e-05 9.927383e-05 1.049770e-04 1.107272e-04 1.165113e-04 1.223153e-04 1.281249e-04 1.339252e-04 1.397012e-04 1.454372e-04 1.511177e-04 1.567266e-04 1.622478e-04 1.676652e-04 1.729628e-04 1.781244e-04 1.831342e-04 1.879766e-04 1.926362e-04 1.970980e-04 2.013475e-04 2.053708e-04 2.091545e-04 2.126858e-04 2.159529e-04 2.189444e-04 2.216502e-04 2.240608e-04 2.261678e-04 2.279639e-04 2.294427e-04 2.305990e-04 2.314286e-04 2.319287e-04 2.320973e-04 
2.294135e-05 2.290718e-05 2.280444e-05 2.263247e-05 2.239014e-05 2.207592e-05 2.168784e-05 2.122353e-05 2.068025e-05 2.005487e-05 1.934397e-05 1.854380e-05 1.765035e-05 1.665936e-05 1.556640e-05 1.436687e-05 1.305607e-05 1.162925e-05 1.008161e-05 8.408409e-06 6.604985e-06 4.666810e-06 2.589539e-06 3.690687e-07 1.998418e-06 4.516397e-06 7.187957e-06 1.001575e-05 1.300195e-05 1.614819e-05 1.945556e-05 2.292451e-05 2.655489e-05 3.034585e-05 3.429585e-05 3.840261e-05 4.266313e-05 4.707364e-05 5.162958e-05 5.632564e-05 6.115571e-05 6.611291e-05 7.118958e-05 7.637731e-05 8.166693e-05 8.704856e-05 9.251160e-05 9.804480e-05 1.036362e-04 1.092734e-04 1.149433e-04 1.206322e-04 1.263261e-04 1.320105e-04 1.376706e-04 1.432912e-04 1.488568e-04 1.543520e-04 1.597608e-04 1.650677e-04 1.702568e-04 1.753124e-04 1.802190e-04 1.849613e-04 1.895243e-04 1.938934e-04 1.980544e-04 2.019937e-04 2.056982e-04 2.091554e-04 2.123538e-04 2.152824e-04 2.179311e-04 2.202908e-04 2.223533e-04 2.241113e-04 2.255587e-04 2.266905e-04 2.275026e-04 2.279921e-04 2.281571e-04 
2.186669e-05 2.183304e-05 2.173186e-05 2.156249e-05 2.132387e-05 2.101447e-05 2.063238e-05 2.017529e-05 1.964052e-05 1.902504e-05 1.832550e-05 1.753824e-05 1.665936e-05 1.568471e-05 1.460997e-05 1.343066e-05 1.214222e-05 1.073999e-05 9.219331e-06 7.575617e-06 5.804315e-06 3.901023e-06 1.861522e-06 3.181757e-07 2.641772e-06 5.112638e-06 7.733763e-06 1.050771e-05 1.343657e-05 1.652193e-05 1.976479e-05 2.316560e-05 2.672416e-05 3.043961e-05 3.431041e-05 3.833432e-05 4.250838e-05 4.682885e-05 5.129128e-05 5.589044e-05 6.062032e-05 6.547419e-05 7.044454e-05 7.552311e-05 8.070093e-05 8.596832e-05 9.131490e-05 9.672965e-05 1.022009e-04 1.077165e-04 1.132635e-04 1.188287e-04 1.243984e-04 1.299584e-04 1.354941e-04 1.409908e-04 1.464333e-04 1.518065e-04 1.570950e-04 1.622833e-04 1.673561e-04 1.722982e-04 1.770942e-04 1.817294e-04 1.861890e-04 1.904589e-04 1.945253e-04 1.983747e-04 2.019945e-04 2.053726e-04 2.084975e-04 2.113588e-04 2.139465e-04 2.162518e-04 2.182667e-04 2.199841e-04 2.213980e-04 2.225036e-04 2.232969e-04 2.237750e-04 2.239362e-04 
2.067964e-05 2.064657e-05 2.054716e-05 2.038076e-05 2.014632e-05 1.984237e-05 1.946706e-05 1.901811e-05 1.849294e-05 1.788859e-05 1.720179e-05 1.642900e-05 1.556640e-05 1.460997e-05 1.355551e-05 1.239866e-05 1.113498e-05 9.759951e-06 8.269061e-06 6.657822e-06 4.921831e-06 3.056815e-06 1.058681e-06 1.076434e-06 3.352117e-06 5.771630e-06 8.337864e-06 1.105329e-05 1.391992e-05 1.693927e-05 2.011230e-05 2.343941e-05 2.692037e-05 3.055432e-05 3.433974e-05 3.827441e-05 4.235540e-05 4.657907e-05 5.094101e-05 5.543612e-05 6.005851e-05 6.480159e-05 6.965800e-05 7.461967e-05 7.967783e-05 8.482301e-05 9.004508e-05 9.533326e-05 1.006762e-04 1.060619e-04 1.114779e-04 1.169112e-04 1.223484e-04 1.277757e-04 1.331789e-04 1.385436e-04 1.438551e-04 1.490985e-04 1.542588e-04 1.593211e-04 1.642704e-04 1.690917e-04 1.737703e-04 1.782917e-04 1.826416e-04 1.868061e-04 1.907719e-04 1.945259e-04 1.980559e-04 2.013499e-04 2.043970e-04 2.071869e-04 2.097099e-04 2.119575e-04 2.139219e-04 2.155963e-04 2.169748e-04 2.180526e-04 2.188259e-04 2.192920e-04 2.194492e-04 
1.937482e-05 1.934241e-05 1.924500e-05 1.908194e-05 1.885223e-05 1.855442e-05 1.818671e-05 1.774692e-05 1.723251e-05 1.664060e-05 1.596804e-05 1.521136e-05 1.436687e-05 1.343066e-05 1.239866e-05 1.126663e-05 1.003025e-05 8.685162e-06 7.226968e-06 5.651321e-06 3.953954e-06 2.130727e-06 1.776771e-07 1.908936e-06 4.132581e-06 6.496411e-06 9.003213e-06 1.165537e-05 1.445482e-05 1.740300e-05 2.050083e-05 2.374867e-05 2.714627e-05 3.069277e-05 3.438666e-05 3.822575e-05 4.220716e-05 4.632733e-05 5.058194e-05 5.496599e-05 5.947374e-05 6.409874e-05 6.883380e-05 7.367105e-05 7.860193e-05 8.361720e-05 8.870698e-05 9.386076e-05 9.906746e-05 1.043154e-04 1.095925e-04 1.148860e-04 1.201829e-04 1.254697e-04 1.307327e-04 1.359578e-04 1.411306e-04 1.462368e-04 1.512618e-04 1.561909e-04 1.610096e-04 1.657034e-04 1.702581e-04 1.746593e-04 1.788934e-04 1.829469e-04 1.868067e-04 1.904602e-04 1.938954e-04 1.971009e-04 2.000660e-04 2.027806e-04 2.052356e-04 2.074224e-04 2.093337e-04 2.109627e-04 2.123038e-04 2.133524e-04 2.141047e-04 2.145582e-04 2.147111e-04 
1.794673e-05 1.791507e-05 1.781989e-05 1.766059e-05 1.743617e-05 1.714525e-05 1.678606e-05 1.635649e-05 1.585408e-05 1.527604e-05 1.461930e-05 1.388050e-05 1.305607e-05 1.214222e-05 1.113498e-05 1.003025e-05 8.823867e-06 7.511575e-06 6.089132e-06 4.552327e-06 2.897027e-06 1.119228e-06 7.849039e-07 2.818984e-06 4.986364e-06 7.290084e-06 9.732835e-06 1.231691e-05 1.504416e-05 1.791598e-05 2.093322e-05 2.409621e-05 2.740470e-05 3.085781e-05 3.445406e-05 3.819130e-05 4.206671e-05 4.607679e-05 5.021735e-05 5.448349e-05 5.886962e-05 6.336943e-05 6.797595e-05 7.268149e-05 7.747772e-05 8.235565e-05 8.730565e-05 9.231752e-05 9.738045e-05 1.024831e-04 1.076137e-04 1.127599e-04 1.179090e-04 1.230480e-04 1.281634e-04 1.332416e-04 1.382687e-04 1.432306e-04 1.481133e-04 1.529026e-04 1.575843e-04 1.621444e-04 1.665689e-04 1.708442e-04 1.749569e-04 1.788939e-04 1.826426e-04 1.861907e-04 1.895267e-04 1.926395e-04 1.955187e-04 1.981546e-04 2.005383e-04 2.026615e-04 2.045171e-04 2.060987e-04 2.074007e-04 2.084187e-04 2.091492e-04 2.095894e-04 2.097378e-04 
1.638978e-05 1.635895e-05 1.626628e-05 1.611117e-05 1.589267e-05 1.560942e-05 1.525973e-05 1.484154e-05 1.435246e-05 1.378981e-05 1.315058e-05 1.243156e-05 1.162925e-05 1.073999e-05 9.759951e-06 8.685162e-06 7.511575e-06 6.235087e-06 4.851590e-06 3.357010e-06 1.747352e-06 1.874450e-08 1.832515e-06 3.809919e-06 5.916701e-06 8.155795e-06 1.052979e-05 1.304090e-05 1.569089e-05 1.848110e-05 2.141234e-05 2.448491e-05 2.769853e-05 3.105235e-05 3.454491e-05 3.817410e-05 4.193717e-05 4.583071e-05 4.985062e-05 5.399215e-05 5.824985e-05 6.261760e-05 6.708859e-05 7.165539e-05 7.630987e-05 8.104331e-05 8.584636e-05 9.070911e-05 9.562108e-05 1.005713e-04 1.055482e-04 1.105400e-04 1.155343e-04 1.205183e-04 1.254793e-04 1.304038e-04 1.352784e-04 1.400896e-04 1.448236e-04 1.494668e-04 1.540054e-04 1.584258e-04 1.627146e-04 1.668585e-04 1.708446e-04 1.746601e-04 1.782930e-04 1.817314e-04 1.849640e-04 1.879802e-04 1.907700e-04 1.933239e-04 1.956333e-04 1.976904e-04 1.994882e-04 2.010204e-04 2.022817e-04 2.032679e-04 2.039755e-04 2.044020e-04 2.045458e-04 
1.469834e-05 1.466844e-05 1.457855e-05 1.442812e-05 1.421619e-05 1.394148e-05 1.360233e-05 1.319675e-05 1.272243e-05 1.217677e-05 1.155687e-05 1.085961e-05 1.008161e-05 9.219331e-06 8.269061e-06 7.226968e-06 6.089132e-06 4.851590e-06 3.510369e-06 2.061532e-06 5.012217e-07 1.174303e-06 2.968616e-06 4.885088e-06 6.926839e-06 9.096696e-06 1.139715e-05 1.383034e-05 1.639796e-05 1.910128e-05 2.194109e-05 2.491765e-05 2.803069e-05 3.127936e-05 3.466223e-05 3.817725e-05 4.182174e-05 4.559239e-05 4.948522e-05 5.349561e-05 5.761828e-05 6.184727e-05 6.617601e-05 7.059726e-05 7.510317e-05 7.968527e-05 8.433452e-05 8.904130e-05 9.379546e-05 9.858637e-05 1.034029e-04 1.082335e-04 1.130663e-04 1.178889e-04 1.226889e-04 1.274533e-04 1.321693e-04 1.368236e-04 1.414030e-04 1.458943e-04 1.502842e-04 1.545595e-04 1.587073e-04 1.627148e-04 1.665695e-04 1.702591e-04 1.737719e-04 1.770964e-04 1.802219e-04 1.831381e-04 1.858351e-04 1.883041e-04 1.905367e-04 1.925252e-04 1.942630e-04 1.957441e-04 1.969634e-04 1.979166e-04 1.986006e-04 1.990128e-04 1.991518e-04 
1.286682e-05 1.283795e-05 1.275116e-05 1.260589e-05 1.240125e-05 1.213598e-05 1.180848e-05 1.141682e-05 1.095878e-05 1.043183e-05 9.833175e-06 9.159784e-06 8.408409e-06 7.575617e-06 6.657822e-06 5.651321e-06 4.552327e-06 3.357010e-06 2.061532e-06 6.620936e-07 8.450335e-07 2.463459e-06 4.196633e-06 6.047808e-06 8.019992e-06 1.011591e-05 1.233798e-05 1.468823e-05 1.716831e-05 1.977944e-05 2.252237e-05 2.539734e-05 2.840409e-05 3.154179e-05 3.480904e-05 3.820386e-05 4.172365e-05 4.536520e-05 4.912466e-05 5.299756e-05 5.697878e-05 6.106256e-05 6.524255e-05 6.951175e-05 7.386255e-05 7.828679e-05 8.277570e-05 8.732000e-05 9.190988e-05 9.653506e-05 1.011848e-04 1.058479e-04 1.105130e-04 1.151681e-04 1.198010e-04 1.243996e-04 1.289511e-04 1.334429e-04 1.378622e-04 1.421962e-04 1.464323e-04 1.505576e-04 1.545597e-04 1.584262e-04 1.621451e-04 1.657046e-04 1.690934e-04 1.723005e-04 1.753154e-04 1.781283e-04 1.807298e-04 1.831112e-04 1.852645e-04 1.871824e-04 1.888585e-04 1.902869e-04 1.914627e-04 1.923821e-04 1.930417e-04 1.934392e-04 1.935733e-04 
1.088971e-05 1.086198e-05 1.077860e-05 1.063905e-05 1.044245e-05 1.018758e-05 9.872914e-06 9.496576e-06 9.056412e-06 8.549983e-06 7.974592e-06 7.327305e-06 6.604985e-06 5.804315e-06 4.921831e-06 3.953954e-06 2.897027e-06 1.747352e-06 5.012217e-07 8.450335e-07 2.295012e-06 3.852199e-06 5.519926e-06 7.301331e-06 9.199317e-06 1.121652e-05 1.335525e-05 1.561750e-05 1.800483e-05 2.051844e-05 2.315903e-05 2.592685e-05 2.882164e-05 3.184260e-05 3.498838e-05 3.825706e-05 4.164614e-05 4.515252e-05 4.877249e-05 5.250173e-05 5.633530e-05 6.026765e-05 6.429265e-05 6.840355e-05 7.259302e-05 7.685317e-05 8.117556e-05 8.555124e-05 8.997075e-05 9.442418e-05 9.890117e-05 1.033910e-04 1.078825e-04 1.123643e-04 1.168248e-04 1.212519e-04 1.256336e-04 1.299578e-04 1.342120e-04 1.383840e-04 1.424615e-04 1.464324e-04 1.502844e-04 1.540059e-04 1.575851e-04 1.610109e-04 1.642721e-04 1.673585e-04 1.702598e-04 1.729666e-04 1.754700e-04 1.777614e-04 1.798334e-04 1.816788e-04 1.832914e-04 1.846658e-04 1.857972e-04 1.866817e-04 1.873163e-04 1.876988e-04 1.878278e-04 
8.761641e-06 8.735158e-06 8.655538e-06 8.522270e-06 8.334508e-06 8.091078e-06 7.790488e-06 7.430940e-06 7.010349e-06 6.526357e-06 5.976358e-06 5.357520e-06 4.666810e-06 3.901023e-06 3.056815e-06 2.130727e-06 1.119228e-06 1.874450e-08 1.174303e-06 2.463459e-06 3.852199e-06 5.343890e-06 6.941750e-06 8.648809e-06 1.046788e-05 1.240149e-05 1.445190e-05 1.662101e-05 1.891036e-05 2.132109e-05 2.385389e-05 2.650901e-05 2.928620e-05 3.218471e-05 3.520324e-05 3.833995e-05 4.159244e-05 4.495773e-05 4.843226e-05 5.201186e-05 5.569180e-05 5.946675e-05 6.333079e-05 6.727744e-05 7.129965e-05 7.538984e-05 7.953988e-05 8.374116e-05 8.798459e-05 9.226064e-05 9.655934e-05 1.008704e-04 1.051831e-04 1.094864e-04 1.137692e-04 1.180200e-04 1.222272e-04 1.263790e-04 1.304636e-04 1.344692e-04 1.383840e-04 1.421963e-04 1.458945e-04 1.494673e-04 1.529034e-04 1.561921e-04 1.593228e-04 1.622856e-04 1.650706e-04 1.676689e-04 1.700718e-04 1.722714e-04 1.742601e-04 1.760314e-04 1.775793e-04 1.788984e-04 1.799843e-04 1.808332e-04 1.814423e-04 1.818094e-04 1.819332e-04 
6.477453e-06 6.452341e-06 6.376840e-06 6.250457e-06 6.072374e-06 5.841457e-06 5.556263e-06 5.215054e-06 4.815817e-06 4.356272e-06 3.833901e-06 3.245966e-06 2.589539e-06 1.861522e-06 1.058681e-06 1.776771e-07 7.849039e-07 1.832515e-06 2.968616e-06 4.196633e-06 5.519926e-06 6.941750e-06 8.465217e-06 1.009326e-05 1.182860e-05 1.367369e-05 1.563071e-05 1.770152e-05 1.988761e-05 2.219009e-05 2.460966e-05 2.714656e-05 2.980057e-05 3.257098e-05 3.545657e-05 3.845559e-05 4.156575e-05 4.478418e-05 4.810749e-05 5.153170e-05 5.505226e-05 5.866407e-05 6.236146e-05 6.613820e-05 6.998755e-05 7.390223e-05 7.787445e-05 8.189594e-05 8.595799e-05 9.005145e-05 9.416676e-05 9.829402e-05 1.024230e-04 1.065431e-04 1.106437e-04 1.147137e-04 1.187419e-04 1.227172e-04 1.266282e-04 1.304635e-04 1.342120e-04 1.378622e-04 1.414032e-04 1.448240e-04 1.481140e-04 1.512628e-04 1.542604e-04 1.570970e-04 1.597636e-04 1.622512e-04 1.645518e-04 1.666576e-04 1.685617e-04 1.702575e-04 1.717393e-04 1.730022e-04 1.740418e-04 1.748545e-04 1.754377e-04 1.757891e-04 1.759076e-04 
4.032241e-06 4.008627e-06 3.937627e-06 3.818762e-06 3.651243e-06 3.433971e-06 3.165554e-06 2.844311e-06 2.468293e-06 2.035299e-06 1.542892e-06 9.884264e-07 3.690687e-07 3.181757e-07 1.076434e-06 1.908936e-06 2.818984e-06 3.809919e-06 4.885088e-06 6.047808e-06 7.301331e-06 8.648809e-06 1.009326e-05 1.163753e-05 1.328425e-05 1.503581e-05 1.689434e-05 1.886164e-05 2.093918e-05 2.312805e-05 2.542894e-05 2.784213e-05 3.036743e-05 3.300418e-05 3.575125e-05 3.860697e-05 4.156918e-05 4.463517e-05 4.780168e-05 5.106494e-05 5.442061e-05 5.786381e-05 6.138913e-05 6.499063e-05 6.866185e-05 7.239582e-05 7.618511e-05 8.002181e-05 8.389758e-05 8.780365e-05 9.173091e-05 9.566985e-05 9.961069e-05 1.035433e-04 1.074575e-04 1.113427e-04 1.151882e-04 1.189833e-04 1.227171e-04 1.263788e-04 1.299576e-04 1.334427e-04 1.368236e-04 1.400898e-04 1.432311e-04 1.462376e-04 1.490998e-04 1.518083e-04 1.543544e-04 1.567297e-04 1.589263e-04 1.609370e-04 1.627550e-04 1.643742e-04 1.657892e-04 1.669950e-04 1.679876e-04 1.687636e-04 1.693204e-04 1.696559e-04 1.697691e-04 
1.421428e-06 1.399445e-06 1.333342e-06 1.222658e-06 1.066628e-06 8.641888e-07 6.139919e-07 3.144120e-07 3.643751e-08 4.406880e-07 9.006968e-07 1.419026e-06 1.998418e-06 2.641772e-06 3.352117e-06 4.132581e-06 4.986364e-06 5.916701e-06 6.926839e-06 8.019992e-06 9.199317e-06 1.046788e-05 1.182860e-05 1.328425e-05 1.483739e-05 1.649037e-05 1.824525e-05 2.010381e-05 2.206749e-05 2.413739e-05 2.631420e-05 2.859823e-05 3.098935e-05 3.348697e-05 3.609003e-05 3.879699e-05 4.160580e-05 4.451392e-05 4.751826e-05 5.061525e-05 5.380075e-05 5.707015e-05 6.041828e-05 6.383949e-05 6.732763e-05 7.087607e-05 7.447770e-05 7.812499e-05 8.180998e-05 8.552432e-05 8.925928e-05 9.300581e-05 9.675457e-05 1.004959e-04 1.042201e-04 1.079169e-04 1.115763e-04 1.151880e-04 1.187416e-04 1.222268e-04 1.256332e-04 1.289507e-04 1.321690e-04 1.352784e-04 1.382689e-04 1.411312e-04 1.438561e-04 1.464347e-04 1.488588e-04 1.511204e-04 1.532118e-04 1.551263e-04 1.568573e-04 1.583990e-04 1.597462e-04 1.608943e-04 1.618394e-04 1.625783e-04 1.631084e-04 1.634280e-04 1.635357e-04 
1.359187e-06 1.379400e-06 1.440189e-06 1.542002e-06 1.685579e-06 1.871951e-06 2.102424e-06 2.378575e-06 2.702231e-06 3.075458e-06 3.500543e-06 3.979969e-06 4.516397e-06 5.112638e-06 5.771630e-06 6.496411e-06 7.290084e-06 8.155795e-06 9.096696e-06 1.011591e-05 1.121652e-05 1.240149e-05 1.367369e-05 1.503581e-05 1.649037e-05 1.803966e-05 1.968571e-05 2.143027e-05 2.327479e-05 2.522037e-05 2.726773e-05 2.941722e-05 3.166877e-05 3.402187e-05 3.647556e-05 3.902842e-05 4.167855e-05 4.442356e-05 4.726056e-05 5.018617e-05 5.319650e-05 5.628716e-05 5.945328e-05 6.268950e-05 6.598996e-05 6.934838e-05 7.275801e-05 7.621168e-05 7.970182e-05 8.322048e-05 8.675936e-05 9.030985e-05 9.386304e-05 9.740978e-05 1.009407e-04 1.044462e-04 1.079166e-04 1.113422e-04 1.147131e-04 1.180193e-04 1.212512e-04 1.243989e-04 1.274528e-04 1.304034e-04 1.332414e-04 1.359579e-04 1.385442e-04 1.409917e-04 1.432927e-04 1.454394e-04 1.474247e-04 1.492421e-04 1.508853e-04 1.523489e-04 1.536279e-04 1.547178e-04 1.556151e-04 1.563166e-04 1.568199e-04 1.571232e-04 1.572255e-04 
4.313364e-06 4.331663e-06 4.386708e-06 4.478932e-06 4.609056e-06 4.778079e-06 4.987270e-06 5.238160e-06 5.532525e-06 5.872372e-06 6.259922e-06 6.697588e-06 7.187957e-06 7.733763e-06 8.337864e-06 9.003213e-06 9.732835e-06 1.052979e-05 1.139715e-05 1.233798e-05 1.335525e-05 1.445190e-05 1.563071e-05 1.689434e-05 1.824525e-05 1.968571e-05 2.121772e-05 2.284304e-05 2.456310e-05 2.637904e-05 2.829163e-05 3.030126e-05 3.240793e-05 3.461123e-05 3.691032e-05 3.930390e-05 4.179024e-05 4.436710e-05 4.703181e-05 4.978118e-05 5.261158e-05 5.551887e-05 5.849847e-05 6.154529e-05 6.465383e-05 6.781812e-05 7.103178e-05 7.428801e-05 7.757963e-05 8.089912e-05 8.423858e-05 8.758985e-05 9.094446e-05 9.429372e-05 9.762872e-05 1.009404e-04 1.042195e-04 1.074567e-04 1.106428e-04 1.137682e-04 1.168237e-04 1.198000e-04 1.226879e-04 1.254784e-04 1.281628e-04 1.307324e-04 1.331790e-04 1.354945e-04 1.376715e-04 1.397027e-04 1.415813e-04 1.433010e-04 1.448560e-04 1.462410e-04 1.474514e-04 1.484830e-04 1.493321e-04 1.499960e-04 1.504724e-04 1.507595e-04 1.508563e-04 
7.444371e-06 7.460609e-06 7.509463e-06 7.591358e-06 7.706993e-06 7.857342e-06 8.043642e-06 8.267382e-06 8.530292e-06 8.834328e-06 9.181653e-06 9.574620e-06 1.001575e-05 1.050771e-05 1.105329e-05 1.165537e-05 1.231691e-05 1.304090e-05 1.383034e-05 1.468823e-05 1.561750e-05 1.662101e-05 1.770152e-05 1.886164e-05 2.010381e-05 2.143027e-05 2.284304e-05 2.434386e-05 2.593420e-05 2.761523e-05 2.938778e-05 3.125230e-05 3.320889e-05 3.525723e-05 3.739663e-05 3.962592e-05 4.194352e-05 4.434740e-05 4.683508e-05 4.940361e-05 5.204960e-05 5.476918e-05 5.755803e-05 6.041141e-05 6.332412e-05 6.629054e-05 6.930464e-05 7.236003e-05 7.544990e-05 7.856714e-05 8.170429e-05 8.485361e-05 8.800709e-05 9.115649e-05 9.429336e-05 9.740911e-05 1.004950e-04 1.035422e-04 1.065418e-04 1.094850e-04 1.123629e-04 1.151666e-04 1.178875e-04 1.205170e-04 1.230469e-04 1.254689e-04 1.277752e-04 1.299582e-04 1.320108e-04 1.339260e-04 1.356975e-04 1.373193e-04 1.387859e-04 1.400923e-04 1.412339e-04 1.422069e-04 1.430079e-04 1.436342e-04 1.440835e-04 1.443543e-04 1.444456e-04 
1.075493e-05 1.076895e-05 1.081116e-05 1.088196e-05 1.098204e-05 1.111236e-05 1.127411e-05 1.146875e-05 1.169799e-05 1.196372e-05 1.226806e-05 1.261331e-05 1.300195e-05 1.343657e-05 1.391992e-05 1.445482e-05 1.504416e-05 1.569089e-05 1.639796e-05 1.716831e-05 1.800483e-05 1.891036e-05 1.988761e-05 2.093918e-05 2.206749e-05 2.327479e-05 2.456310e-05 2.593420e-05 2.738960e-05 2.893050e-05 3.055781e-05 3.227207e-05 3.407348e-05 3.596185e-05 3.793660e-05 3.999675e-05 4.214088e-05 4.436716e-05 4.667332e-05 4.905666e-05 5.151402e-05 5.404183e-05 5.663606e-05 5.929227e-05 6.200560e-05 6.477078e-05 6.758214e-05 7.043367e-05 7.331897e-05 7.623133e-05 7.916371e-05 8.210881e-05 8.505906e-05 8.800669e-05 9.094370e-05 9.386196e-05 9.675322e-05 9.960911e-05 1.024212e-04 1.051812e-04 1.078805e-04 1.105110e-04 1.130643e-04 1.155324e-04 1.179073e-04 1.201814e-04 1.223472e-04 1.243975e-04 1.263256e-04 1.281249e-04 1.297893e-04 1.313132e-04 1.326914e-04 1.339191e-04 1.349920e-04 1.359066e-04 1.366595e-04 1.372481e-04 1.376705e-04 1.379250e-04 1.380109e-04 
1.424716e-05 1.425881e-05 1.429390e-05 1.435283e-05 1.443626e-05 1.454514e-05 1.468065e-05 1.484422e-05 1.503750e-05 1.526237e-05 1.552091e-05 1.581537e-05 1.614819e-05 1.652193e-05 1.693927e-05 1.740300e-05 1.791598e-05 1.848110e-05 1.910128e-05 1.977944e-05 2.051844e-05 2.132109e-05 2.219009e-05 2.312805e-05 2.413739e-05 2.522037e-05 2.637904e-05 2.761523e-05 2.893050e-05 3.032613e-05 3.180310e-05 3.336205e-05 3.500331e-05 3.672682e-05 3.853215e-05 4.041848e-05 4.238460e-05 4.442888e-05 4.654928e-05 4.874333e-05 5.100814e-05 5.334043e-05 5.573647e-05 5.819213e-05 6.070289e-05 6.326383e-05 6.586966e-05 6.851473e-05 7.119305e-05 7.389831e-05 7.662391e-05 7.936297e-05 8.210836e-05 8.485276e-05 8.758864e-05 9.030831e-05 9.300399e-05 9.566779e-05 9.829177e-05 1.008680e-04 1.033885e-04 1.058454e-04 1.082310e-04 1.105375e-04 1.127575e-04 1.148838e-04 1.169092e-04 1.188271e-04 1.206308e-04 1.223144e-04 1.238720e-04 1.252983e-04 1.265884e-04 1.277377e-04 1.287422e-04 1.295985e-04 1.303035e-04 1.308547e-04 1.312502e-04 1.314886e-04 1.315689e-04 
1.792255e-05 1.793167e-05 1.795915e-05 1.800541e-05 1.807108e-05 1.815711e-05 1.826464e-05 1.839510e-05 1.855011e-05 1.873152e-05 1.894138e-05 1.918193e-05 1.945556e-05 1.976479e-05 2.011230e-05 2.050083e-05 2.093322e-05 2.141234e-05 2.194109e-05 2.252237e-05 2.315903e-05 2.385389e-05 2.460966e-05 2.542894e-05 2.631420e-05 2.726773e-05 2.829163e-05 2.938778e-05 3.055781e-05 3.180310e-05 3.312472e-05 3.452344e-05 3.599972e-05 3.755363e-05 3.918493e-05 4.089299e-05 4.267677e-05 4.453488e-05 4.646551e-05 4.846645e-05 5.053509e-05 5.266842e-05 5.486302e-05 5.711509e-05 5.942045e-05 6.177453e-05 6.417241e-05 6.660882e-05 6.907817e-05 7.157456e-05 7.409179e-05 7.662343e-05 7.916278e-05 8.170295e-05 8.423687e-05 8.675732e-05 8.925694e-05 9.172831e-05 9.416396e-05 9.655637e-05 9.889807e-05 1.011816e-04 1.033997e-04 1.055451e-04 1.076106e-04 1.095895e-04 1.114751e-04 1.132610e-04 1.149410e-04 1.165094e-04 1.179608e-04 1.192900e-04 1.204925e-04 1.215639e-04 1.225004e-04 1.232988e-04 1.239562e-04 1.244702e-04 1.248390e-04 1.250613e-04 1.251363e-04 
2.178188e-05 2.178830e-05 2.180770e-05 2.184046e-05 2.188725e-05 2.194897e-05 2.202677e-05 2.212206e-05 2.223644e-05 2.237176e-05 2.253004e-05 2.271350e-05 2.292451e-05 2.316560e-05 2.343941e-05 2.374867e-05 2.409621e-05 2.448491e-05 2.491765e-05 2.539734e-05 2.592685e-05 2.650901e-05 2.714656e-05 2.784213e-05 2.859823e-05 2.941722e-05 3.030126e-05 3.125230e-05 3.227207e-05 3.336205e-05 3.452344e-05 3.575714e-05 3.706375e-05 3.844351e-05 3.989637e-05 4.142187e-05 4.301922e-05 4.468724e-05 4.642436e-05 4.822865e-05 5.009777e-05 5.202901e-05 5.401926e-05 5.606506e-05 5.816254e-05 6.030751e-05 6.249542e-05 6.472137e-05 6.698017e-05 6.926632e-05 7.157404e-05 7.389732e-05 7.622988e-05 7.856528e-05 8.089687e-05 8.321788e-05 8.552141e-05 8.780047e-05 9.004804e-05 9.225704e-05 9.442043e-05 9.653121e-05 9.858245e-05 1.005674e-04 1.024792e-04 1.043116e-04 1.060582e-04 1.077130e-04 1.092702e-04 1.107243e-04 1.120703e-04 1.133032e-04 1.144188e-04 1.154129e-04 1.162821e-04 1.170231e-04 1.176333e-04 1.181105e-04 1.184529e-04 1.186593e-04 1.187288e-04 
2.582521e-05 2.582877e-05 2.583958e-05 2.585803e-05 2.588478e-05 2.592073e-05 2.596702e-05 2.602505e-05 2.609644e-05 2.618300e-05 2.628676e-05 2.640993e-05 2.655489e-05 2.672416e-05 2.692037e-05 2.714627e-05 2.740470e-05 2.769853e-05 2.803069e-05 2.840409e-05 2.882164e-05 2.928620e-05 2.980057e-05 3.036743e-05 3.098935e-05 3.166877e-05 3.240793e-05 3.320889e-05 3.407348e-05 3.500331e-05 3.599972e-05 3.706375e-05 3.819616e-05 3.939740e-05 4.066759e-05 4.200650e-05 4.341354e-05 4.488779e-05 4.642794e-05 4.803232e-05 4.969889e-05 5.142523e-05 5.320855e-05 5.504572e-05 5.693322e-05 5.886721e-05 6.084350e-05 6.285759e-05 6.490467e-05 6.697963e-05 6.907711e-05 7.119150e-05 7.331697e-05 7.544747e-05 7.757681e-05 7.969863e-05 8.180646e-05 8.389376e-05 8.595392e-05 8.798031e-05 8.996629e-05 9.190529e-05 9.379077e-05 9.561634e-05 9.737571e-05 9.906276e-05 1.006716e-04 1.021964e-04 1.036320e-04 1.049729e-04 1.062145e-04 1.073522e-04 1.083818e-04 1.092996e-04 1.101022e-04 1.107865e-04 1.113501e-04 1.117909e-04 1.121072e-04 1.122978e-04 1.123621e-04 
3.005182e-05 3.005235e-05 3.005407e-05 3.005739e-05 3.006294e-05 3.007164e-05 3.008464e-05 3.010332e-05 3.012931e-05 3.016444e-05 3.021073e-05 3.027041e-05 3.034585e-05 3.043961e-05 3.055432e-05 3.069277e-05 3.085781e-05 3.105235e-05 3.127936e-05 3.154179e-05 3.184260e-05 3.218471e-05 3.257098e-05 3.300418e-05 3.348697e-05 3.402187e-05 3.461123e-05 3.525723e-05 3.596185e-05 3.672682e-05 3.755363e-05 3.844351e-05 3.939740e-05 4.041594e-05 4.149945e-05 4.264794e-05 4.386106e-05 4.513813e-05 4.647811e-05 4.787962e-05 4.934090e-05 5.085984e-05 5.243399e-05 5.406053e-05 5.573630e-05 5.745780e-05 5.922123e-05 6.102244e-05 6.285702e-05 6.472026e-05 6.660719e-05 6.851260e-05 7.043107e-05 7.235699e-05 7.428456e-05 7.620785e-05 7.812082e-05 8.001732e-05 8.189117e-05 8.373614e-05 8.554602e-05 8.731460e-05 8.903578e-05 9.070350e-05 9.231186e-05 9.385509e-05 9.532763e-05 9.672411e-05 9.803938e-05 9.926860e-05 1.004072e-04 1.014509e-04 1.023957e-04 1.032382e-04 1.039751e-04 1.046035e-04 1.051212e-04 1.055261e-04 1.058166e-04 1.059918e-04 1.060508e-04 
3.446020e-05 3.445753e-05 3.444968e-05 3.443702e-05 3.442022e-05 3.440019e-05 3.437810e-05 3.435533e-05 3.433352e-05 3.431453e-05 3.430040e-05 3.429337e-05 3.429585e-05 3.431041e-05 3.433974e-05 3.438666e-05 3.445406e-05 3.454491e-05 3.466223e-05 3.480904e-05 3.498838e-05 3.520324e-05 3.545657e-05 3.575125e-05 3.609003e-05 3.647556e-05 3.691032e-05 3.739663e-05 3.793660e-05 3.853215e-05 3.918493e-05 3.989637e-05 4.066759e-05 4.149945e-05 4.239251e-05 4.334699e-05 4.436282e-05 4.543956e-05 4.657646e-05 4.777243e-05 4.902600e-05 5.033539e-05 5.169845e-05 5.311271e-05 5.457535e-05 5.608324e-05 5.763292e-05 5.922064e-05 6.084234e-05 6.249371e-05 6.417017e-05 6.586691e-05 6.757892e-05 6.930096e-05 7.102767e-05 7.275350e-05 7.447282e-05 7.617990e-05 7.786892e-05 7.953408e-05 8.116952e-05 8.276945e-05 8.432811e-05 8.583981e-05 8.729901e-05 8.870028e-05 9.003837e-05 9.130822e-05 9.250499e-05 9.362411e-05 9.466124e-05 9.561238e-05 9.647381e-05 9.724217e-05 9.791443e-05 9.848794e-05 9.896045e-05 9.933007e-05 9.959534e-05 9.975522e-05 9.980908e-05 
3.904800e-05 3.904198e-05 3.902404e-05 3.899458e-05 3.895427e-05 3.890404e-05 3.884505e-05 3.877874e-05 3.870675e-05 3.863097e-05 3.855347e-05 3.847653e-05 3.840261e-05 3.833432e-05 3.827441e-05 3.822575e-05 3.819130e-05 3.817410e-05 3.817725e-05 3.820386e-05 3.825706e-05 3.833995e-05 3.845559e-05 3.860697e-05 3.879699e-05 3.902842e-05 3.930390e-05 3.962592e-05 3.999675e-05 4.041848e-05 4.089299e-05 4.142187e-05 4.200650e-05 4.264794e-05 4.334699e-05 4.410414e-05 4.491957e-05 4.579312e-05 4.672433e-05 4.771238e-05 4.875614e-05 4.985413e-05 5.100453e-05 5.220521e-05 5.345370e-05 5.474720e-05 5.608263e-05 5.745660e-05 5.886543e-05 6.030518e-05 6.177166e-05 6.326044e-05 6.476689e-05 6.628618e-05 6.781332e-05 6.934316e-05 7.087045e-05 7.238984e-05 7.389591e-05 7.538321e-05 7.684627e-05 7.827964e-05 7.967791e-05 8.103577e-05 8.234797e-05 8.360941e-05 8.481516e-05 8.596044e-05 8.704069e-05 8.805159e-05 8.898907e-05 8.984932e-05 9.062885e-05 9.132448e-05 9.193335e-05 9.245296e-05 9.288117e-05 9.321620e-05 9.345668e-05 9.360161e-05 9.365042e-05 
4.381205e-05 4.380249e-05 4.377397e-05 4.372689e-05 4.366192e-05 4.358001e-05 4.348236e-05 4.337042e-05 4.324587e-05 4.311065e-05 4.296686e-05 4.281686e-05 4.266313e-05 4.250838e-05 4.235540e-05 4.220716e-05 4.206671e-05 4.193717e-05 4.182174e-05 4.172365e-05 4.164614e-05 4.159244e-05 4.156575e-05 4.156918e-05 4.160580e-05 4.167855e-05 4.179024e-05 4.194352e-05 4.214088e-05 4.238460e-05 4.267677e-05 4.301922e-05 4.341354e-05 4.386106e-05 4.436282e-05 4.491957e-05 4.553177e-05 4.619955e-05 4.692273e-05 4.770082e-05 4.853298e-05 4.941806e-05 5.035457e-05 5.134071e-05 5.237436e-05 5.345307e-05 5.457411e-05 5.573446e-05 5.693080e-05 5.815955e-05 5.941691e-05 6.069882e-05 6.200102e-05 6.331905e-05 6.464830e-05 6.598399e-05 6.732123e-05 6.865505e-05 6.998039e-05 7.129215e-05 7.258520e-05 7.385445e-05 7.509481e-05 7.630129e-05 7.746895e-05 7.859300e-05 7.966878e-05 8.069179e-05 8.165774e-05 8.256253e-05 8.340234e-05 8.417356e-05 8.487289e-05 8.549732e-05 8.604415e-05 8.651102e-05 8.689589e-05 8.719709e-05 8.741332e-05 8.754363e-05 8.758750e-05 
