3.072531e-04 3.064958e-04 3.042230e-04 3.004320e-04 2.951181e-04 2.882751e-04 2.798946e-04 2.699666e-04 2.584790e-04 2.454178e-04 2.307672e-04 2.145092e-04 1.966239e-04 1.770892e-04 1.558811e-04 1.329730e-04 1.083363e-04 8.194011e-05 5.375090e-05 2.373274e-05 8.152912e-06 4.194734e-05 7.769466e-05 1.154419e-04 1.552394e-04 1.971404e-04 2.412019e-04 2.874844e-04 3.360522e-04 3.869735e-04 4.403211e-04 4.961721e-04 5.546084e-04 6.157172e-04 6.795910e-04 7.463283e-04 8.160336e-04 8.888183e-04 9.648008e-04 1.044107e-03 1.126871e-03 1.213236e-03 1.303354e-03 1.397387e-03 1.495507e-03 1.597899e-03 1.704759e-03 1.816296e-03 1.932733e-03 2.054308e-03 2.181274e-03 2.313902e-03 2.452477e-03 2.597307e-03 2.748718e-03 2.907054e-03 3.072685e-03 3.246000e-03 3.427416e-03 3.617372e-03 3.816336e-03 4.024805e-03 4.243307e-03 4.472405e-03 4.712694e-03 4.964806e-03 5.229404e-03 5.507181e-03 5.798849e-03 6.105134e-03 6.426769e-03 6.764520e-03 7.119233e-03 7.491961e-03 7.884133e-03 8.297690e-03 8.734806e-03 9.196152e-03 9.675201e-03 1.014288e-02 
3.064958e-04 3.057395e-04 3.034699e-04 2.996842e-04 2.943778e-04 2.875443e-04 2.791755e-04 2.692613e-04 2.577896e-04 2.447465e-04 2.301160e-04 2.138804e-04 1.960195e-04 1.765115e-04 1.553321e-04 1.324549e-04 1.078513e-04 8.149032e-05 5.333848e-05 2.335986e-05 8.484094e-06 4.223465e-05 7.793592e-05 1.156350e-04 1.553820e-04 1.972304e-04 2.412372e-04 2.874627e-04 3.359712e-04 3.868312e-04 4.401151e-04 4.959002e-04 5.542684e-04 6.153068e-04 6.791080e-04 7.457703e-04 8.153985e-04 8.881036e-04 9.640042e-04 1.043226e-03 1.125904e-03 1.212179e-03 1.302205e-03 1.396144e-03 1.494167e-03 1.596459e-03 1.703217e-03 1.814649e-03 1.930977e-03 2.052441e-03 2.179292e-03 2.311801e-03 2.450255e-03 2.594960e-03 2.746240e-03 2.904443e-03 3.069935e-03 3.243108e-03 3.424376e-03 3.614178e-03 3.812983e-03 4.021287e-03 4.239618e-03 4.468537e-03 4.708640e-03 4.960558e-03 5.224953e-03 5.502518e-03 5.793964e-03 6.100015e-03 6.421407e-03 6.758901e-03 7.113344e-03 7.485788e-03 7.877661e-03 8.290902e-03 8.727681e-03 9.188671e-03 9.667348e-03 1.013467e-02 
3.042230e-04 3.034699e-04 3.012099e-04 2.974400e-04 2.921559e-04 2.853511e-04 2.770173e-04 2.671445e-04 2.557205e-04 2.427316e-04 2.281618e-04 2.119931e-04 1.942057e-04 1.747775e-04 1.536843e-04 1.308999e-04 1.063954e-04 8.014008e-05 5.210035e-05 2.224034e-05 9.478500e-06 4.309743e-05 7.866055e-05 1.162149e-04 1.558107e-04 1.975013e-04 2.413437e-04 2.873982e-04 3.357291e-04 3.864048e-04 4.394979e-04 4.950854e-04 5.532492e-04 6.140765e-04 6.776598e-04 7.440974e-04 8.134938e-04 8.859602e-04 9.616150e-04 1.040584e-03 1.123001e-03 1.209009e-03 1.298760e-03 1.392415e-03 1.490147e-03 1.592141e-03 1.698591e-03 1.809706e-03 1.925710e-03 2.046839e-03 2.173346e-03 2.305500e-03 2.443588e-03 2.587916e-03 2.738808e-03 2.896610e-03 3.061688e-03 3.234432e-03 3.415256e-03 3.604598e-03 3.802926e-03 4.010735e-03 4.228551e-03 4.456934e-03 4.696478e-03 4.947813e-03 5.211599e-03 5.488527e-03 5.779306e-03 6.084659e-03 6.405318e-03 6.742043e-03 7.095678e-03 7.467272e-03 7.858247e-03 8.270538e-03 8.706309e-03 9.166227e-03 9.643790e-03 1.011003e-02 
3.004320e-04 2.996842e-04 2.974400e-04 2.936967e-04 2.884497e-04 2.816926e-04 2.734172e-04 2.636134e-04 2.522692e-04 2.393705e-04 2.249016e-04 2.088446e-04 1.911796e-04 1.718844e-04 1.509351e-04 1.283052e-04 1.039660e-04 7.788676e-05 5.003392e-05 2.037160e-05 1.113871e-05 4.453826e-05 7.987112e-05 1.171843e-04 1.565280e-04 1.979557e-04 2.415240e-04 2.872935e-04 3.353284e-04 3.856970e-04 4.384719e-04 4.937300e-04 5.515533e-04 6.120287e-04 6.752487e-04 7.413116e-04 8.103218e-04 8.823903e-04 9.576353e-04 1.036183e-03 1.118166e-03 1.203728e-03 1.293019e-03 1.386203e-03 1.483450e-03 1.584945e-03 1.690882e-03 1.801471e-03 1.916932e-03 2.037503e-03 2.163436e-03 2.294999e-03 2.432478e-03 2.576178e-03 2.726422e-03 2.883555e-03 3.047942e-03 3.219971e-03 3.400055e-03 3.588631e-03 3.786164e-03 3.993147e-03 4.210104e-03 4.437594e-03 4.676207e-03 4.926570e-03 5.189342e-03 5.465209e-03 5.754877e-03 6.059066e-03 6.378503e-03 6.713947e-03 7.066236e-03 7.436412e-03 7.825893e-03 8.236603e-03 8.670693e-03 9.128829e-03 9.604536e-03 1.006899e-02 
2.951181e-04 2.943778e-04 2.921559e-04 2.884497e-04 2.832547e-04 2.765645e-04 2.683708e-04 2.586636e-04 2.474309e-04 2.346587e-04 2.203312e-04 2.044305e-04 1.869368e-04 1.678280e-04 1.470800e-04 1.246664e-04 1.005587e-04 7.472600e-05 4.713481e-05 1.774929e-05 1.346905e-05 4.656143e-05 8.157190e-05 1.185475e-04 1.575382e-04 1.985976e-04 2.417823e-04 2.871528e-04 3.347732e-04 3.847119e-04 4.370412e-04 4.918381e-04 5.491845e-04 6.091672e-04 6.718787e-04 7.374169e-04 8.058862e-04 8.773976e-04 9.520689e-04 1.030026e-03 1.111401e-03 1.196338e-03 1.284987e-03 1.377510e-03 1.474078e-03 1.574875e-03 1.680094e-03 1.789944e-03 1.904646e-03 2.024436e-03 2.149564e-03 2.280299e-03 2.416925e-03 2.559746e-03 2.709082e-03 2.865278e-03 3.028697e-03 3.199726e-03 3.378773e-03 3.566276e-03 3.762695e-03 3.968522e-03 4.184277e-03 4.410516e-03 4.647826e-03 4.896829e-03 5.158180e-03 5.432562e-03 5.720675e-03 6.023234e-03 6.340964e-03 6.674614e-03 7.025019e-03 7.393214e-03 7.780604e-03 8.189101e-03 8.620841e-03 9.076484e-03 9.549597e-03 1.001154e-02 
2.882751e-04 2.875443e-04 2.853511e-04 2.816926e-04 2.765645e-04 2.699602e-04 2.618717e-04 2.522887e-04 2.411994e-04 2.285898e-04 2.144442e-04 1.987445e-04 1.814711e-04 1.626019e-04 1.421127e-04 1.199775e-04 9.616740e-05 7.065167e-05 4.339694e-05 1.436735e-05 1.647557e-05 4.917298e-05 8.376889e-05 1.203103e-04 1.588472e-04 1.994331e-04 2.421245e-04 2.869819e-04 3.340694e-04 3.834551e-04 4.352114e-04 4.894154e-04 5.461485e-04 6.054977e-04 6.675551e-04 7.324186e-04 8.001924e-04 8.709872e-04 9.449207e-04 1.022118e-03 1.102712e-03 1.186845e-03 1.274668e-03 1.366341e-03 1.462036e-03 1.561934e-03 1.666229e-03 1.775130e-03 1.888855e-03 2.007639e-03 2.131733e-03 2.261403e-03 2.396932e-03 2.538621e-03 2.686790e-03 2.841781e-03 3.003955e-03 3.173696e-03 3.351411e-03 3.537533e-03 3.732520e-03 3.936859e-03 4.151069e-03 4.375699e-03 4.611333e-03 4.858587e-03 5.118113e-03 5.390585e-03 5.676700e-03 5.977166e-03 6.292699e-03 6.624045e-03 6.972031e-03 7.337680e-03 7.722386e-03 8.128043e-03 8.556766e-03 9.009208e-03 9.478992e-03 9.937728e-03 
2.798946e-04 2.791755e-04 2.770173e-04 2.734172e-04 2.683708e-04 2.618717e-04 2.539116e-04 2.444806e-04 2.335666e-04 2.211558e-04 2.072324e-04 1.917785e-04 1.747744e-04 1.561981e-04 1.360254e-04 1.142303e-04 9.078404e-05 6.565585e-05 3.881241e-05 1.021790e-05 2.016608e-05 5.238068e-05 8.646985e-05 1.224805e-04 1.604627e-04 2.004697e-04 2.425581e-04 2.867883e-04 3.332243e-04 3.819341e-04 4.329901e-04 4.864691e-04 5.424526e-04 6.010272e-04 6.622850e-04 7.263237e-04 7.932472e-04 8.631660e-04 9.361973e-04 1.012466e-03 1.092105e-03 1.175255e-03 1.262067e-03 1.352701e-03 1.447327e-03 1.546127e-03 1.649293e-03 1.757032e-03 1.869563e-03 1.987118e-03 2.109947e-03 2.238314e-03 2.372500e-03 2.512805e-03 2.659548e-03 2.813065e-03 2.973716e-03 3.141882e-03 3.317968e-03 3.502401e-03 3.695636e-03 3.898158e-03 4.110478e-03 4.333141e-03 4.566727e-03 4.811845e-03 5.069139e-03 5.339278e-03 5.622952e-03 5.920860e-03 6.233712e-03 6.562245e-03 6.907276e-03 7.269818e-03 7.651248e-03 8.053439e-03 8.478482e-03 8.927021e-03 9.392745e-03 9.847566e-03 
2.699666e-04 2.692613e-04 2.671445e-04 2.636134e-04 2.586636e-04 2.522887e-04 2.444806e-04 2.352291e-04 2.245224e-04 2.123466e-04 1.986859e-04 1.835226e-04 1.668368e-04 1.486067e-04 1.288082e-04 1.074151e-04 8.439893e-05 5.972882e-05 3.337154e-05 5.291323e-06 2.455019e-05 5.619409e-05 8.968428e-05 1.250676e-04 1.623941e-04 2.017169e-04 2.430925e-04 2.865813e-04 3.322472e-04 3.801581e-04 4.303862e-04 4.830083e-04 5.381056e-04 5.957646e-04 6.560771e-04 7.191408e-04 7.850590e-04 8.539420e-04 9.259068e-04 1.001078e-03 1.079587e-03 1.161575e-03 1.247192e-03 1.336597e-03 1.429960e-03 1.527461e-03 1.629291e-03 1.735657e-03 1.846774e-03 1.962876e-03 2.084209e-03 2.211035e-03 2.343634e-03 2.482302e-03 2.627356e-03 2.779131e-03 2.937981e-03 3.104285e-03 3.278443e-03 3.460880e-03 3.652045e-03 3.852417e-03 4.062503e-03 4.282842e-03 4.514006e-03 4.756599e-03 5.011257e-03 5.278640e-03 5.559430e-03 5.854318e-03 6.164005e-03 6.489217e-03 6.830761e-03 7.189637e-03 7.567203e-03 7.965305e-03 8.386008e-03 8.829946e-03 9.290885e-03 9.741096e-03 
2.584790e-04 2.577896e-04 2.557205e-04 2.522692e-04 2.474309e-04 2.411994e-04 2.335666e-04 2.245224e-04 2.140549e-04 2.021504e-04 1.887929e-04 1.739650e-04 1.576466e-04 1.398161e-04 1.204494e-04 9.952031e-05 7.700046e-05 5.285903e-05 2.706283e-05 4.238477e-07 2.963931e-05 6.062458e-05 9.342350e-05 1.280829e-04 1.646526e-04 2.031857e-04 2.437388e-04 2.863720e-04 3.311491e-04 3.781379e-04 4.274106e-04 4.790435e-04 5.331180e-04 5.897203e-04 6.489418e-04 7.108799e-04 7.756378e-04 8.433253e-04 9.140588e-04 9.879623e-04 1.065167e-03 1.145814e-03 1.230052e-03 1.318038e-03 1.409942e-03 1.505943e-03 1.606231e-03 1.711010e-03 1.820496e-03 1.934920e-03 2.054524e-03 2.179571e-03 2.310337e-03 2.447115e-03 2.590219e-03 2.739981e-03 2.896752e-03 3.060906e-03 3.232839e-03 3.412971e-03 3.601746e-03 3.799636e-03 4.007144e-03 4.224801e-03 4.453171e-03 4.692851e-03 4.944468e-03 5.208673e-03 5.486138e-03 5.777544e-03 6.083582e-03 6.404968e-03 6.742495e-03 7.097148e-03 7.470264e-03 7.863661e-03 8.279370e-03 8.718014e-03 9.173450e-03 9.618363e-03 
2.454178e-04 2.447465e-04 2.427316e-04 2.393705e-04 2.346587e-04 2.285898e-04 2.211558e-04 2.123466e-04 2.021504e-04 1.905533e-04 1.775397e-04 1.630919e-04 1.471901e-04 1.298126e-04 1.109354e-04 9.053236e-05 6.857517e-05 4.503307e-05 1.987292e-05 6.940915e-06 3.544668e-05 6.568533e-05 9.770063e-05 1.315393e-04 1.672511e-04 2.048892e-04 2.445098e-04 2.861730e-04 3.299426e-04 3.758862e-04 4.240756e-04 4.745873e-04 5.275023e-04 5.829064e-04 6.408910e-04 7.015530e-04 7.649953e-04 8.313271e-04 9.006645e-04 9.731309e-04 1.048857e-03 1.127983e-03 1.210655e-03 1.297033e-03 1.387282e-03 1.481582e-03 1.580121e-03 1.683101e-03 1.790736e-03 1.903255e-03 2.020900e-03 2.143928e-03 2.272614e-03 2.407249e-03 2.548141e-03 2.695620e-03 2.850032e-03 3.011748e-03 3.181157e-03 3.358674e-03 3.544739e-03 3.739817e-03 3.944401e-03 4.159018e-03 4.384222e-03 4.620601e-03 4.868773e-03 5.129378e-03 5.403078e-03 5.690543e-03 5.992451e-03 6.309507e-03 6.642490e-03 6.992368e-03 7.360454e-03 7.748532e-03 8.158598e-03 8.591261e-03 9.040484e-03 9.479419e-03 
2.307672e-04 2.301160e-04 2.281618e-04 2.249016e-04 2.203312e-04 2.144442e-04 2.072324e-04 1.986859e-04 1.887929e-04 1.775397e-04 1.649105e-04 1.508877e-04 1.354517e-04 1.185806e-04 1.002507e-04 8.043584e-05 5.910770e-05 3.623563e-05 1.178656e-05 1.427507e-05 4.198743e-05 7.139140e-05 1.025307e-04 1.354519e-04 1.702047e-04 2.068420e-04 2.454202e-04 2.859991e-04 3.286423e-04 3.734172e-04 4.203957e-04 4.696538e-04 5.212723e-04 5.753368e-04 6.319384e-04 6.911735e-04 7.531447e-04 8.179606e-04 8.857369e-04 9.565960e-04 1.030668e-03 1.108092e-03 1.189015e-03 1.273593e-03 1.361991e-03 1.454388e-03 1.550970e-03 1.651938e-03 1.757503e-03 1.867891e-03 1.983343e-03 2.104113e-03 2.230472e-03 2.362708e-03 2.501127e-03 2.646051e-03 2.797826e-03 2.956813e-03 3.123400e-03 3.297994e-03 3.481027e-03 3.672960e-03 3.874277e-03 4.085495e-03 4.307161e-03 4.539852e-03 4.784175e-03 5.040760e-03 5.310256e-03 5.593321e-03 5.890621e-03 6.202847e-03 6.530763e-03 6.875316e-03 7.237795e-03 7.619947e-03 8.023728e-03 8.449733e-03 8.892041e-03 9.324329e-03 
2.145092e-04 2.138804e-04 2.119931e-04 2.088446e-04 2.044305e-04 1.987445e-04 1.917785e-04 1.835226e-04 1.739650e-04 1.630919e-04 1.508877e-04 1.373349e-04 1.224138e-04 1.061028e-04 8.837798e-05 6.921337e-05 4.858073e-05 2.644946e-05 2.786577e-06 2.244342e-05 4.927860e-05 7.775977e-05 1.079305e-04 1.398373e-04 1.735299e-04 2.090609e-04 2.464866e-04 2.858666e-04 3.272644e-04 3.707474e-04 4.163869e-04 4.642590e-04 5.144440e-04 5.670273e-04 6.220996e-04 6.797569e-04 7.401012e-04 8.032407e-04 8.692903e-04 9.383720e-04 1.010615e-03 1.086157e-03 1.165144e-03 1.247731e-03 1.334082e-03 1.424374e-03 1.518791e-03 1.617532e-03 1.720806e-03 1.828837e-03 1.941863e-03 2.060134e-03 2.183919e-03 2.313502e-03 2.449183e-03 2.591282e-03 2.740137e-03 2.896108e-03 3.059572e-03 3.230933e-03 3.410615e-03 3.599069e-03 3.796774e-03 4.004236e-03 4.221992e-03 4.450608e-03 4.690680e-03 4.942826e-03 5.207681e-03 5.485890e-03 5.778106e-03 6.085003e-03 6.407332e-03 6.746018e-03 7.102319e-03 7.477944e-03 7.874805e-03 8.293481e-03 8.728181e-03 9.153165e-03 
1.966239e-04 1.960195e-04 1.942057e-04 1.911796e-04 1.869368e-04 1.814711e-04 1.747744e-04 1.668368e-04 1.576466e-04 1.471901e-04 1.354517e-04 1.224138e-04 1.080570e-04 9.235955e-05 7.529772e-05 5.684558e-05 3.697495e-05 1.565533e-05 7.146201e-06 3.146505e-05 5.733920e-05 8.480936e-05 1.139190e-04 1.447145e-04 1.772454e-04 2.115644e-04 2.477274e-04 2.857939e-04 3.258273e-04 3.678947e-04 4.120673e-04 4.584206e-04 5.070349e-04 5.579952e-04 6.113917e-04 6.673200e-04 7.258815e-04 7.871839e-04 8.513412e-04 9.184747e-04 9.887128e-04 1.062192e-03 1.139057e-03 1.219461e-03 1.303569e-03 1.391552e-03 1.483596e-03 1.579895e-03 1.680658e-03 1.786105e-03 1.896470e-03 2.012002e-03 2.132965e-03 2.259637e-03 2.392317e-03 2.531319e-03 2.676975e-03 2.829637e-03 2.989680e-03 3.157497e-03 3.333506e-03 3.518151e-03 3.711899e-03 3.915247e-03 4.128722e-03 4.352878e-03 4.588297e-03 4.835586e-03 5.095365e-03 5.368264e-03 5.654922e-03 5.955999e-03 6.272224e-03 6.604503e-03 6.954062e-03 7.322567e-03 7.711880e-03 8.122566e-03 8.548977e-03 8.966011e-03 
1.770892e-04 1.765115e-04 1.747775e-04 1.718844e-04 1.678280e-04 1.626019e-04 1.561981e-04 1.486067e-04 1.398161e-04 1.298126e-04 1.185806e-04 1.061028e-04 9.235955e-05 7.732932e-05 6.098844e-05 4.331104e-05 2.426902e-05 3.831966e-06 1.803296e-05 4.136107e-05 6.619025e-05 9.256109e-05 1.205170e-04 1.501041e-04 1.813720e-04 2.143730e-04 2.491630e-04 2.858014e-04 3.243511e-04 3.648792e-04 4.074565e-04 4.521584e-04 4.990647e-04 5.482600e-04 5.998340e-04 6.538818e-04 7.105044e-04 7.698085e-04 8.319077e-04 8.969220e-04 9.649791e-04 1.036214e-03 1.110771e-03 1.188801e-03 1.270466e-03 1.355939e-03 1.445400e-03 1.539043e-03 1.637073e-03 1.739708e-03 1.847178e-03 1.959729e-03 2.077620e-03 2.201127e-03 2.330541e-03 2.466172e-03 2.608347e-03 2.757412e-03 2.913732e-03 3.077695e-03 3.249711e-03 3.430213e-03 3.619660e-03 3.818537e-03 4.027360e-03 4.246671e-03 4.477039e-03 4.719054e-03 4.973324e-03 5.240463e-03 5.521094e-03 5.815859e-03 6.125472e-03 6.450810e-03 6.793068e-03 7.153866e-03 7.535014e-03 7.937060e-03 8.354512e-03 8.762964e-03 
1.558811e-04 1.553321e-04 1.536843e-04 1.509351e-04 1.470800e-04 1.421127e-04 1.360254e-04 1.288082e-04 1.204494e-04 1.109354e-04 1.002507e-04 8.837798e-05 7.529772e-05 6.098844e-05 4.542654e-05 2.858623e-05 1.043950e-05 9.043996e-06 2.989698e-05 5.215466e-05 7.585484e-05 1.010380e-04 1.277473e-04 1.560290e-04 1.859322e-04 2.175092e-04 2.508159e-04 2.859112e-04 3.228580e-04 3.617229e-04 4.025766e-04 4.454941e-04 4.905547e-04 5.378428e-04 5.874474e-04 6.394632e-04 6.939903e-04 7.511350e-04 8.110096e-04 8.737336e-04 9.394332e-04 1.008243e-03 1.080304e-03 1.155767e-03 1.234793e-03 1.317551e-03 1.404220e-03 1.494991e-03 1.590066e-03 1.689660e-03 1.794000e-03 1.903328e-03 2.017898e-03 2.137982e-03 2.263866e-03 2.395854e-03 2.534266e-03 2.679442e-03 2.831740e-03 2.991539e-03 3.159240e-03 3.335267e-03 3.520068e-03 3.714119e-03 3.917921e-03 4.132004e-03 4.356921e-03 4.593250e-03 4.841580e-03 5.102512e-03 5.376650e-03 5.664619e-03 5.967113e-03 6.284984e-03 6.619391e-03 6.971905e-03 7.344279e-03 7.737045e-03 8.144880e-03 8.544133e-03 
1.329730e-04 1.324549e-04 1.308999e-04 1.283052e-04 1.246664e-04 1.199775e-04 1.142303e-04 1.074151e-04 9.952031e-05 9.053236e-05 8.043584e-05 6.921337e-05 5.684558e-05 4.331104e-05 2.858623e-05 1.264545e-05 4.539242e-06 2.299807e-05 4.276368e-05 6.387116e-05 8.635818e-05 1.102651e-04 1.356350e-04 1.625139e-04 1.909507e-04 2.209978e-04 2.527105e-04 2.861477e-04 3.213720e-04 3.584498e-04 3.974513e-04 4.384512e-04 4.815285e-04 5.267669e-04 5.742550e-04 6.240869e-04 6.763619e-04 7.311854e-04 7.886690e-04 8.489309e-04 9.120964e-04 9.782981e-04 1.047677e-03 1.120381e-03 1.196569e-03 1.276407e-03 1.360074e-03 1.447757e-03 1.539655e-03 1.635980e-03 1.736954e-03 1.842816e-03 1.953816e-03 2.070220e-03 2.192308e-03 2.320379e-03 2.454746e-03 2.595742e-03 2.743717e-03 2.899041e-03 3.062107e-03 3.233328e-03 3.413141e-03 3.602010e-03 3.800422e-03 4.008895e-03 4.227966e-03 4.458197e-03 4.700162e-03 4.954442e-03 5.221625e-03 5.502319e-03 5.797195e-03 6.107080e-03 6.433093e-03 6.776753e-03 7.139756e-03 7.522615e-03 7.920190e-03 8.309641e-03 
1.083363e-04 1.078513e-04 1.063954e-04 1.039660e-04 1.005587e-04 9.616740e-05 9.078404e-05 8.439893e-05 7.700046e-05 6.857517e-05 5.910770e-05 4.858073e-05 3.697495e-05 2.426902e-05 1.043950e-05 4.539242e-06 2.069503e-05 3.805801e-05 5.666069e-05 7.653808e-05 9.772769e-05 1.202697e-04 1.442072e-04 1.695859e-04 1.964546e-04 2.248654e-04 2.548734e-04 2.865374e-04 3.199196e-04 3.550859e-04 3.921066e-04 4.310556e-04 4.720115e-04 5.150576e-04 5.602819e-04 6.077776e-04 6.576434e-04 7.099839e-04 7.649096e-04 8.225376e-04 8.829919e-04 9.464036e-04 1.012912e-03 1.082663e-03 1.155814e-03 1.232529e-03 1.312983e-03 1.397362e-03 1.485860e-03 1.578686e-03 1.676059e-03 1.778212e-03 1.885391e-03 1.997856e-03 2.115884e-03 2.239764e-03 2.369804e-03 2.506329e-03 2.649681e-03 2.800221e-03 2.958331e-03 3.124415e-03 3.298898e-03 3.482230e-03 3.674887e-03 3.877370e-03 4.090202e-03 4.313927e-03 4.549102e-03 4.796291e-03 5.056064e-03 5.329009e-03 5.615774e-03 5.917160e-03 6.234246e-03 6.568495e-03 6.921539e-03 7.293877e-03 7.680563e-03 8.059626e-03 
8.194011e-05 8.149032e-05 8.014008e-05 7.788676e-05 7.472600e-05 7.065167e-05 6.565585e-05 5.972882e-05 5.285903e-05 4.503307e-05 3.623563e-05 2.644946e-05 1.565533e-05 3.831966e-06 9.043996e-06 2.299807e-05 3.805801e-05 5.425383e-05 7.161795e-05 9.018522e-05 1.099931e-04 1.310815e-04 1.534934e-04 1.772743e-04 2.024729e-04 2.291410e-04 2.573335e-04 2.871089e-04 3.185290e-04 3.516597e-04 3.865704e-04 4.233349e-04 4.620313e-04 5.027422e-04 5.455550e-04 5.905622e-04 6.378616e-04 6.875569e-04 7.397575e-04 7.945793e-04 8.521449e-04 9.125839e-04 9.760335e-04 1.042639e-03 1.112554e-03 1.185940e-03 1.262971e-03 1.343828e-03 1.428703e-03 1.517800e-03 1.611335e-03 1.709536e-03 1.812644e-03 1.920914e-03 2.034615e-03 2.154031e-03 2.279462e-03 2.411225e-03 2.549654e-03 2.695100e-03 2.847935e-03 3.008552e-03 3.177363e-03 3.354807e-03 3.541344e-03 3.737460e-03 3.943662e-03 4.160476e-03 4.388442e-03 4.628106e-03 4.880017e-03 5.144745e-03 5.422916e-03 5.715299e-03 6.022933e-03 6.347223e-03 6.689736e-03 7.050951e-03 7.426135e-03 7.794241e-03 
5.375090e-05 5.333848e-05 5.210035e-05 5.003392e-05 4.713481e-05 4.339694e-05 3.881241e-05 3.337154e-05 2.706283e-05 1.987292e-05 1.178656e-05 2.786577e-06 7.146201e-06 1.803296e-05 2.989698e-05 4.276368e-05 5.666069e-05 7.161795e-05 8.766772e-05 1.048447e-04 1.231863e-04 1.427322e-04 1.635252e-04 1.856106e-04 2.090370e-04 2.338558e-04 2.601217e-04 2.878930e-04 3.172310e-04 3.482013e-04 3.808730e-04 4.153193e-04 4.516177e-04 4.898502e-04 5.301036e-04 5.724696e-04 6.170451e-04 6.639327e-04 7.132407e-04 7.650837e-04 8.195829e-04 8.768662e-04 9.370690e-04 1.000334e-03 1.066814e-03 1.136667e-03 1.210062e-03 1.287180e-03 1.368208e-03 1.453347e-03 1.542808e-03 1.636813e-03 1.735600e-03 1.839416e-03 1.948524e-03 2.063202e-03 2.183743e-03 2.310454e-03 2.443660e-03 2.583704e-03 2.730946e-03 2.885767e-03 3.048568e-03 3.219773e-03 3.399828e-03 3.589203e-03 3.788388e-03 3.997891e-03 4.218234e-03 4.449942e-03 4.693548e-03 4.949599e-03 5.218697e-03 5.501583e-03 5.799252e-03 6.113047e-03 6.444468e-03 6.793975e-03 7.157059e-03 7.513658e-03 
2.373274e-05 2.335986e-05 2.224034e-05 2.037160e-05 1.774929e-05 1.436735e-05 1.021790e-05 5.291323e-06 4.238477e-07 6.940915e-06 1.427507e-05 2.244342e-05 3.146505e-05 4.136107e-05 5.215466e-05 6.387116e-05 7.653808e-05 9.018522e-05 1.048447e-04 1.205512e-04 1.373418e-04 1.552562e-04 1.743368e-04 1.946289e-04 2.161807e-04 2.390434e-04 2.632715e-04 2.889228e-04 3.160586e-04 3.447437e-04 3.750469e-04 4.070408e-04 4.408026e-04 4.764133e-04 5.139592e-04 5.535310e-04 5.952247e-04 6.391418e-04 6.853895e-04 7.340808e-04 7.853355e-04 8.392798e-04 8.960470e-04 9.557781e-04 1.018622e-03 1.084736e-03 1.154286e-03 1.227447e-03 1.304405e-03 1.385355e-03 1.470504e-03 1.560071e-03 1.654285e-03 1.753389e-03 1.857640e-03 1.967308e-03 2.082677e-03 2.204046e-03 2.331732e-03 2.466065e-03 2.607397e-03 2.756096e-03 2.912549e-03 3.077167e-03 3.250381e-03 3.432644e-03 3.624428e-03 3.826225e-03 4.038534e-03 4.261864e-03 4.496726e-03 4.743647e-03 5.003206e-03 5.276110e-03 5.563310e-03 5.866088e-03 6.185870e-03 6.523099e-03 6.873504e-03 7.218065e-03 
8.152912e-06 8.484094e-06 9.478500e-06 1.113871e-05 1.346905e-05 1.647557e-05 2.016608e-05 2.455019e-05 2.963931e-05 3.544668e-05 4.198743e-05 4.927860e-05 5.733920e-05 6.619025e-05 7.585484e-05 8.635818e-05 9.772769e-05 1.099931e-04 1.231863e-04 1.373418e-04 1.524966e-04 1.686901e-04 1.859647e-04 2.043654e-04 2.239401e-04 2.447398e-04 2.668186e-04 2.902340e-04 3.150469e-04 3.413218e-04 3.691268e-04 3.985342e-04 4.296202e-04 4.624656e-04 4.971554e-04 5.337798e-04 5.724335e-04 6.132171e-04 6.562363e-04 7.016028e-04 7.494347e-04 7.998563e-04 8.529990e-04 9.090014e-04 9.680098e-04 1.030179e-03 1.095671e-03 1.164658e-03 1.237322e-03 1.313853e-03 1.394455e-03 1.479339e-03 1.568730e-03 1.662866e-03 1.761995e-03 1.866379e-03 1.976295e-03 2.092034e-03 2.213902e-03 2.342220e-03 2.477327e-03 2.619578e-03 2.769349e-03 2.927035e-03 3.093052e-03 3.267836e-03 3.451841e-03 3.645540e-03 3.849413e-03 4.063948e-03 4.289636e-03 4.526983e-03 4.776542e-03 5.038991e-03 5.315233e-03 5.606483e-03 5.914094e-03 6.238491e-03 6.575656e-03 6.907668e-03 
4.194734e-05 4.223465e-05 4.309743e-05 4.453826e-05 4.656143e-05 4.917298e-05 5.238068e-05 5.619409e-05 6.062458e-05 6.568533e-05 7.139140e-05 7.775977e-05 8.480936e-05 9.256109e-05 1.010380e-04 1.102651e-04 1.202697e-04 1.310815e-04 1.427322e-04 1.552562e-04 1.686901e-04 1.830735e-04 1.984482e-04 2.148592e-04 2.323540e-04 2.509834e-04 2.708012e-04 2.918645e-04 3.142338e-04 3.379730e-04 3.631499e-04 3.898361e-04 4.181072e-04 4.480432e-04 4.797283e-04 5.132516e-04 5.487070e-04 5.861937e-04 6.258160e-04 6.676843e-04 7.119147e-04 7.586298e-04 8.079588e-04 8.600378e-04 9.150106e-04 9.730285e-04 1.034251e-03 1.098847e-03 1.166992e-03 1.238875e-03 1.314693e-03 1.394652e-03 1.478971e-03 1.567880e-03 1.661622e-03 1.760452e-03 1.864637e-03 1.974458e-03 2.090212e-03 2.212210e-03 2.340779e-03 2.476261e-03 2.619018e-03 2.769431e-03 2.927899e-03 3.094841e-03 3.270694e-03 3.455909e-03 3.650949e-03 3.856279e-03 4.072371e-03 4.299709e-03 4.538821e-03 4.790352e-03 5.055157e-03 5.334384e-03 5.629308e-03 5.940337e-03 6.263721e-03 6.582693e-03 
7.769466e-05 7.793592e-05 7.866055e-05 7.987112e-05 8.157190e-05 8.376889e-05 8.646985e-05 8.968428e-05 9.342350e-05 9.770063e-05 1.025307e-04 1.079305e-04 1.139190e-04 1.205170e-04 1.277473e-04 1.356350e-04 1.442072e-04 1.534934e-04 1.635252e-04 1.743368e-04 1.859647e-04 1.984482e-04 2.118290e-04 2.261517e-04 2.414637e-04 2.578154e-04 2.752602e-04 2.938548e-04 3.136594e-04 3.347374e-04 3.571559e-04 3.809860e-04 4.063027e-04 4.331849e-04 4.617162e-04 4.919846e-04 5.240829e-04 5.581090e-04 5.941658e-04 6.323621e-04 6.728122e-04 7.156367e-04 7.609626e-04 8.089235e-04 8.596603e-04 9.133214e-04 9.700629e-04 1.030049e-03 1.093454e-03 1.160458e-03 1.231255e-03 1.306046e-03 1.385044e-03 1.468471e-03 1.556564e-03 1.649568e-03 1.747743e-03 1.851361e-03 1.960709e-03 2.076085e-03 2.197804e-03 2.326198e-03 2.461613e-03 2.604415e-03 2.754987e-03 2.913730e-03 3.081062e-03 3.257415e-03 3.443231e-03 3.638956e-03 3.845039e-03 4.061942e-03 4.290171e-03 4.530333e-03 4.783237e-03 5.049960e-03 5.331699e-03 5.628843e-03 5.937923e-03 6.243386e-03 
1.154419e-04 1.156350e-04 1.162149e-04 1.171843e-04 1.185475e-04 1.203103e-04 1.224805e-04 1.250676e-04 1.280829e-04 1.315393e-04 1.354519e-04 1.398373e-04 1.447145e-04 1.501041e-04 1.560290e-04 1.625139e-04 1.695859e-04 1.772743e-04 1.856106e-04 1.946289e-04 2.043654e-04 2.148592e-04 2.261517e-04 2.382874e-04 2.513132e-04 2.652794e-04 2.802389e-04 2.962481e-04 3.133666e-04 3.316573e-04 3.511869e-04 3.720257e-04 3.942479e-04 4.179318e-04 4.431600e-04 4.700193e-04 4.986014e-04 5.290029e-04 5.613253e-04 5.956756e-04 6.321664e-04 6.709160e-04 7.120492e-04 7.556972e-04 8.019977e-04 8.510961e-04 9.031449e-04 9.583046e-04 1.016744e-03 1.078641e-03 1.144182e-03 1.213563e-03 1.286991e-03 1.364682e-03 1.446863e-03 1.533773e-03 1.625662e-03 1.722794e-03 1.825443e-03 1.933898e-03 2.048461e-03 2.169451e-03 2.297200e-03 2.432058e-03 2.574391e-03 2.724583e-03 2.883033e-03 3.050152e-03 3.226362e-03 3.412089e-03 3.607759e-03 3.813814e-03 4.030733e-03 4.259090e-03 4.499643e-03 4.753398e-03 5.021469e-03 5.304230e-03 5.598506e-03 5.890013e-03 
1.552394e-04 1.553820e-04 1.558107e-04 1.565280e-04 1.575382e-04 1.588472e-04 1.604627e-04 1.623941e-04 1.646526e-04 1.672511e-04 1.702047e-04 1.735299e-04 1.772454e-04 1.813720e-04 1.859322e-04 1.909507e-04 1.964546e-04 2.024729e-04 2.090370e-04 2.161807e-04 2.239401e-04 2.323540e-04 2.414637e-04 2.513132e-04 2.619494e-04 2.734219e-04 2.857836e-04 2.990902e-04 3.134008e-04 3.287780e-04 3.452877e-04 3.629996e-04 3.819871e-04 4.023277e-04 4.241029e-04 4.473986e-04 4.723052e-04 4.989179e-04 5.273366e-04 5.576668e-04 5.900189e-04 6.245093e-04 6.612602e-04 7.004002e-04 7.420642e-04 7.863941e-04 8.335389e-04 8.836551e-04 9.369072e-04 9.934678e-04 1.053518e-03 1.117249e-03 1.184859e-03 1.256559e-03 1.332569e-03 1.413117e-03 1.498447e-03 1.588811e-03 1.684473e-03 1.785711e-03 1.892815e-03 2.006089e-03 2.125851e-03 2.252437e-03 2.386194e-03 2.527490e-03 2.676703e-03 2.834225e-03 3.000456e-03 3.175800e-03 3.360666e-03 3.555470e-03 3.760666e-03 3.976794e-03 4.204562e-03 4.444902e-03 4.698842e-03 4.966742e-03 5.245735e-03 5.522861e-03 
1.971404e-04 1.972304e-04 1.975013e-04 1.979557e-04 1.985976e-04 1.994331e-04 2.004697e-04 2.017169e-04 2.031857e-04 2.048892e-04 2.068420e-04 2.090609e-04 2.115644e-04 2.143730e-04 2.175092e-04 2.209978e-04 2.248654e-04 2.291410e-04 2.338558e-04 2.390434e-04 2.447398e-04 2.509834e-04 2.578154e-04 2.652794e-04 2.734219e-04 2.822924e-04 2.919432e-04 3.024296e-04 3.138103e-04 3.261472e-04 3.395057e-04 3.539547e-04 3.695669e-04 3.864188e-04 4.045909e-04 4.241681e-04 4.452395e-04 4.678988e-04 4.922444e-04 5.183799e-04 5.464139e-04 5.764606e-04 6.086396e-04 6.430768e-04 6.799041e-04 7.192600e-04 7.612898e-04 8.061460e-04 8.539884e-04 9.049847e-04 9.593107e-04 1.017151e-03 1.078699e-03 1.144156e-03 1.213735e-03 1.287658e-03 1.366156e-03 1.449473e-03 1.537863e-03 1.631592e-03 1.730936e-03 1.836187e-03 1.947649e-03 2.065640e-03 2.190492e-03 2.322552e-03 2.462181e-03 2.609750e-03 2.765638e-03 2.930228e-03 3.103906e-03 3.287069e-03 3.480143e-03 3.683635e-03 3.898200e-03 4.124693e-03 4.364059e-03 4.616642e-03 4.879896e-03 5.142240e-03 
2.412019e-04 2.412372e-04 2.413437e-04 2.415240e-04 2.417823e-04 2.421245e-04 2.425581e-04 2.430925e-04 2.437388e-04 2.445098e-04 2.454202e-04 2.464866e-04 2.477274e-04 2.491630e-04 2.508159e-04 2.527105e-04 2.548734e-04 2.573335e-04 2.601217e-04 2.632715e-04 2.668186e-04 2.708012e-04 2.752602e-04 2.802389e-04 2.857836e-04 2.919432e-04 2.987696e-04 3.063180e-04 3.146462e-04 3.238157e-04 3.338911e-04 3.449408e-04 3.570365e-04 3.702539e-04 3.846725e-04 4.003759e-04 4.174520e-04 4.359930e-04 4.560958e-04 4.778621e-04 5.013984e-04 5.268167e-04 5.542341e-04 5.837738e-04 6.155644e-04 6.497412e-04 6.864455e-04 7.258257e-04 7.680370e-04 8.132421e-04 8.616113e-04 9.133228e-04 9.685632e-04 1.027528e-03 1.090420e-03 1.157454e-03 1.228853e-03 1.304849e-03 1.385685e-03 1.471616e-03 1.562906e-03 1.659832e-03 1.762684e-03 1.871764e-03 1.987387e-03 2.109881e-03 2.239587e-03 2.376857e-03 2.522047e-03 2.675521e-03 2.837643e-03 3.008787e-03 3.189355e-03 3.379818e-03 3.580777e-03 3.793013e-03 4.017382e-03 4.254211e-03 4.501294e-03 4.748480e-03 
2.874844e-04 2.874627e-04 2.873982e-04 2.872935e-04 2.871528e-04 2.869819e-04 2.867883e-04 2.865813e-04 2.863720e-04 2.861730e-04 2.859991e-04 2.858666e-04 2.857939e-04 2.858014e-04 2.859112e-04 2.861477e-04 2.865374e-04 2.871089e-04 2.878930e-04 2.889228e-04 2.902340e-04 2.918645e-04 2.938548e-04 2.962481e-04 2.990902e-04 3.024296e-04 3.063180e-04 3.108097e-04 3.159624e-04 3.218368e-04 3.284970e-04 3.360104e-04 3.444481e-04 3.538848e-04 3.643988e-04 3.760728e-04 3.889931e-04 4.032507e-04 4.189407e-04 4.361628e-04 4.550217e-04 4.756270e-04 4.980933e-04 5.225408e-04 5.490952e-04 5.778880e-04 6.090569e-04 6.427460e-04 6.791059e-04 7.182940e-04 7.604750e-04 8.058211e-04 8.545121e-04 9.067358e-04 9.626883e-04 1.022574e-03 1.086608e-03 1.155011e-03 1.228016e-03 1.305865e-03 1.388811e-03 1.477116e-03 1.571055e-03 1.670915e-03 1.776992e-03 1.889598e-03 2.009052e-03 2.135686e-03 2.269836e-03 2.411844e-03 2.562053e-03 2.720815e-03 2.888506e-03 3.065564e-03 3.252535e-03 3.450121e-03 3.659089e-03 3.879754e-03 4.110257e-03 4.341933e-03 
3.360522e-04 3.359712e-04 3.357291e-04 3.353284e-04 3.347732e-04 3.340694e-04 3.332243e-04 3.322472e-04 3.311491e-04 3.299426e-04 3.286423e-04 3.272644e-04 3.258273e-04 3.243511e-04 3.228580e-04 3.213720e-04 3.199196e-04 3.185290e-04 3.172310e-04 3.160586e-04 3.150469e-04 3.142338e-04 3.136594e-04 3.133666e-04 3.134008e-04 3.138103e-04 3.146462e-04 3.159624e-04 3.178160e-04 3.202671e-04 3.233792e-04 3.272190e-04 3.318566e-04 3.373657e-04 3.438238e-04 3.513122e-04 3.599160e-04 3.697246e-04 3.808314e-04 3.933344e-04 4.073360e-04 4.229436e-04 4.402693e-04 4.594302e-04 4.805490e-04 5.037537e-04 5.291781e-04 5.569618e-04 5.872509e-04 6.201977e-04 6.559610e-04 6.947069e-04 7.366084e-04 7.818459e-04 8.306076e-04 8.830894e-04 9.394955e-04 1.000038e-03 1.064939e-03 1.134429e-03 1.208746e-03 1.288140e-03 1.372871e-03 1.463208e-03 1.559432e-03 1.661835e-03 1.770719e-03 1.886391e-03 2.009170e-03 2.139374e-03 2.277326e-03 2.423358e-03 2.577820e-03 2.741113e-03 2.913732e-03 3.096296e-03 3.289482e-03 3.493593e-03 3.707134e-03 3.922972e-03 
3.869735e-04 3.868312e-04 3.864048e-04 3.856970e-04 3.847119e-04 3.834551e-04 3.819341e-04 3.801581e-04 3.781379e-04 3.758862e-04 3.734172e-04 3.707474e-04 3.678947e-04 3.648792e-04 3.617229e-04 3.584498e-04 3.550859e-04 3.516597e-04 3.482013e-04 3.447437e-04 3.413218e-04 3.379730e-04 3.347374e-04 3.316573e-04 3.287780e-04 3.261472e-04 3.238157e-04 3.218368e-04 3.202671e-04 3.191663e-04 3.185968e-04 3.186248e-04 3.193196e-04 3.207539e-04 3.230042e-04 3.261504e-04 3.302764e-04 3.354700e-04 3.418230e-04 3.494316e-04 3.583961e-04 3.688214e-04 3.808170e-04 3.944973e-04 4.099817e-04 4.273946e-04 4.468660e-04 4.685313e-04 4.925316e-04 5.190140e-04 5.481319e-04 5.800450e-04 6.149193e-04 6.529281e-04 6.942514e-04 7.390763e-04 7.875977e-04 8.400178e-04 8.965468e-04 9.574031e-04 1.022813e-03 1.093013e-03 1.168247e-03 1.248768e-03 1.334841e-03 1.426738e-03 1.524741e-03 1.629138e-03 1.740225e-03 1.858302e-03 1.983670e-03 2.116639e-03 2.257535e-03 2.406723e-03 2.564643e-03 2.731834e-03 2.908881e-03 3.096074e-03 3.292295e-03 3.491992e-03 
4.403211e-04 4.401151e-04 4.394979e-04 4.384719e-04 4.370412e-04 4.352114e-04 4.329901e-04 4.303862e-04 4.274106e-04 4.240756e-04 4.203957e-04 4.163869e-04 4.120673e-04 4.074565e-04 4.025766e-04 3.974513e-04 3.921066e-04 3.865704e-04 3.808730e-04 3.750469e-04 3.691268e-04 3.631499e-04 3.571559e-04 3.511869e-04 3.452877e-04 3.395057e-04 3.338911e-04 3.284970e-04 3.233792e-04 3.185968e-04 3.142118e-04 3.102894e-04 3.068980e-04 3.041096e-04 3.019994e-04 3.006463e-04 3.001327e-04 3.005451e-04 3.019735e-04 3.045121e-04 3.082593e-04 3.133176e-04 3.197940e-04 3.277999e-04 3.374515e-04 3.488699e-04 3.621808e-04 3.775156e-04 3.950105e-04 4.148075e-04 4.370543e-04 4.619042e-04 4.895166e-04 5.200572e-04 5.536980e-04 5.906175e-04 6.310009e-04 6.750404e-04 7.229351e-04 7.748915e-04 8.311236e-04 8.918530e-04 9.573093e-04 1.027730e-03 1.103362e-03 1.184460e-03 1.271284e-03 1.364104e-03 1.463195e-03 1.568835e-03 1.681305e-03 1.800895e-03 1.927905e-03 2.062665e-03 2.205562e-03 2.357051e-03 2.517623e-03 2.687560e-03 2.866129e-03 3.049410e-03 
4.961721e-04 4.959002e-04 4.950854e-04 4.937300e-04 4.918381e-04 4.894154e-04 4.864691e-04 4.830083e-04 4.790435e-04 4.745873e-04 4.696538e-04 4.642590e-04 4.584206e-04 4.521584e-04 4.454941e-04 4.384512e-04 4.310556e-04 4.233349e-04 4.153193e-04 4.070408e-04 3.985342e-04 3.898361e-04 3.809860e-04 3.720257e-04 3.629996e-04 3.539547e-04 3.449408e-04 3.360104e-04 3.272190e-04 3.186248e-04 3.102894e-04 3.022771e-04 2.946556e-04 2.874958e-04 2.808719e-04 2.748617e-04 2.695463e-04 2.650106e-04 2.613431e-04 2.586361e-04 2.569858e-04 2.564925e-04 2.572606e-04 2.593987e-04 2.630198e-04 2.682414e-04 2.751855e-04 2.839790e-04 2.947536e-04 3.076460e-04 3.227981e-04 3.403572e-04 3.604758e-04 3.833122e-04 4.090304e-04 4.378002e-04 4.697974e-04 5.052039e-04 5.442081e-04 5.870044e-04 6.337942e-04 6.847853e-04 7.401927e-04 8.002380e-04 8.651503e-04 9.351654e-04 1.010526e-03 1.091480e-03 1.178282e-03 1.271190e-03 1.370466e-03 1.476377e-03 1.589200e-03 1.709231e-03 1.836800e-03 1.972280e-03 2.116067e-03 2.268433e-03 2.429046e-03 2.595661e-03 
5.546084e-04 5.542684e-04 5.532492e-04 5.515533e-04 5.491845e-04 5.461485e-04 5.424526e-04 5.381056e-04 5.331180e-04 5.275023e-04 5.212723e-04 5.144440e-04 5.070349e-04 4.990647e-04 4.905547e-04 4.815285e-04 4.720115e-04 4.620313e-04 4.516177e-04 4.408026e-04 4.296202e-04 4.181072e-04 4.063027e-04 3.942479e-04 3.819871e-04 3.695669e-04 3.570365e-04 3.444481e-04 3.318566e-04 3.193196e-04 3.068980e-04 2.946556e-04 2.826590e-04 2.709784e-04 2.596870e-04 2.488613e-04 2.385813e-04 2.289302e-04 2.199950e-04 2.118663e-04 2.046382e-04 1.984088e-04 1.932798e-04 1.893571e-04 1.867505e-04 1.855741e-04 1.859460e-04 1.879890e-04 1.918299e-04 1.976005e-04 2.054370e-04 2.154804e-04 2.278766e-04 2.427765e-04 2.603362e-04 2.807167e-04 3.040846e-04 3.306118e-04 3.604754e-04 3.938586e-04 4.309497e-04 4.719432e-04 5.170391e-04 5.664434e-04 6.203679e-04 6.790302e-04 7.426535e-04 8.114664e-04 8.857024e-04 9.655996e-04 1.051401e-03 1.143352e-03 1.241707e-03 1.346727e-03 1.458685e-03 1.577872e-03 1.704588e-03 1.839097e-03 1.981477e-03 2.131201e-03 
6.157172e-04 6.153068e-04 6.140765e-04 6.120287e-04 6.091672e-04 6.054977e-04 6.010272e-04 5.957646e-04 5.897203e-04 5.829064e-04 5.753368e-04 5.670273e-04 5.579952e-04 5.482600e-04 5.378428e-04 5.267669e-04 5.150576e-04 5.027422e-04 4.898502e-04 4.764133e-04 4.624656e-04 4.480432e-04 4.331849e-04 4.179318e-04 4.023277e-04 3.864188e-04 3.702539e-04 3.538848e-04 3.373657e-04 3.207539e-04 3.041096e-04 2.874958e-04 2.709784e-04 2.546268e-04 2.385131e-04 2.227127e-04 2.073044e-04 1.923701e-04 1.779952e-04 1.642684e-04 1.512820e-04 1.391317e-04 1.279170e-04 1.177409e-04 1.087101e-04 1.009353e-04 9.453103e-05 8.961562e-05 8.631155e-05 8.474536e-05 8.504774e-05 8.735365e-05 9.180236e-05 9.853749e-05 1.077072e-04 1.194640e-04 1.339652e-04 1.513727e-04 1.718529e-04 1.955772e-04 2.227217e-04 2.534670e-04 2.879989e-04 3.265075e-04 3.691877e-04 4.162390e-04 4.678656e-04 5.242761e-04 5.856842e-04 6.523081e-04 7.243712e-04 8.021006e-04 8.857255e-04 9.754727e-04 1.071561e-03 1.174195e-03 1.283579e-03 1.399970e-03 1.523869e-03 1.656505e-03 
6.795910e-04 6.791080e-04 6.776598e-04 6.752487e-04 6.718787e-04 6.675551e-04 6.622850e-04 6.560771e-04 6.489418e-04 6.408910e-04 6.319384e-04 6.220996e-04 6.113917e-04 5.998340e-04 5.874474e-04 5.742550e-04 5.602819e-04 5.455550e-04 5.301036e-04 5.139592e-04 4.971554e-04 4.797283e-04 4.617162e-04 4.431600e-04 4.241029e-04 4.045909e-04 3.846725e-04 3.643988e-04 3.438238e-04 3.230042e-04 3.019994e-04 2.808719e-04 2.596870e-04 2.385131e-04 2.174214e-04 1.964864e-04 1.757855e-04 1.553995e-04 1.354121e-04 1.159105e-04 9.698503e-05 7.872930e-05 6.124034e-05 4.461855e-05 2.896775e-05 1.439524e-05 1.011829e-06 1.106813e-05 2.172668e-05 3.084224e-05 3.828957e-05 4.393968e-05 4.765987e-05 4.931362e-05 4.876059e-05 4.585660e-05 4.045354e-05 3.239942e-05 2.153831e-05 7.710390e-06 9.248027e-06 2.950442e-05 5.322995e-05 8.059933e-05 1.117908e-04 1.469859e-04 1.863699e-04 2.301321e-04 2.784663e-04 3.315715e-04 3.896521e-04 4.529160e-04 5.215694e-04 5.958049e-04 6.757856e-04 7.616319e-04 8.534490e-04 9.514897e-04 1.056687e-03 1.172065e-03 
7.463283e-04 7.457703e-04 7.440974e-04 7.413116e-04 7.374169e-04 7.324186e-04 7.263237e-04 7.191408e-04 7.108799e-04 7.015530e-04 6.911735e-04 6.797569e-04 6.673200e-04 6.538818e-04 6.394632e-04 6.240869e-04 6.077776e-04 5.905622e-04 5.724696e-04 5.535310e-04 5.337798e-04 5.132516e-04 4.919846e-04 4.700193e-04 4.473986e-04 4.241681e-04 4.003759e-04 3.760728e-04 3.513122e-04 3.261504e-04 3.006463e-04 2.748617e-04 2.488613e-04 2.227127e-04 1.964864e-04 1.702557e-04 1.440971e-04 1.180900e-04 9.231694e-05 6.686332e-05 4.181772e-05 1.727180e-05 6.679724e-06 2.993898e-05 5.240501e-05 7.397369e-05 9.453776e-05 1.139868e-04 1.322072e-04 1.490823e-04 1.644920e-04 1.783133e-04 1.904199e-04 2.006821e-04 2.089674e-04 2.151397e-04 2.190600e-04 2.205858e-04 2.195719e-04 2.158696e-04 2.093273e-04 1.997908e-04 1.871030e-04 1.711046e-04 1.516338e-04 1.285265e-04 1.016162e-04 7.073283e-05 3.570192e-05 3.656653e-06 4.752894e-05 9.610415e-05 1.495657e-04 2.080726e-04 2.717324e-04 3.405800e-04 4.146224e-04 4.941084e-04 5.804119e-04 6.783897e-04 
8.160336e-04 8.153985e-04 8.134938e-04 8.103218e-04 8.058862e-04 8.001924e-04 7.932472e-04 7.850590e-04 7.756378e-04 7.649953e-04 7.531447e-04 7.401012e-04 7.258815e-04 7.105044e-04 6.939903e-04 6.763619e-04 6.576434e-04 6.378616e-04 6.170451e-04 5.952247e-04 5.724335e-04 5.487070e-04 5.240829e-04 4.986014e-04 4.723052e-04 4.452395e-04 4.174520e-04 3.889931e-04 3.599160e-04 3.302764e-04 3.001327e-04 2.695463e-04 2.385813e-04 2.073044e-04 1.757855e-04 1.440971e-04 1.123146e-04 8.051637e-05 4.878352e-05 1.720010e-05 1.414700e-05 4.516802e-05 7.577035e-05 1.058585e-04 1.353343e-04 1.640966e-04 1.920416e-04 2.190625e-04 2.450501e-04 2.698922e-04 2.934740e-04 3.156781e-04 3.363844e-04 3.554701e-04 3.728100e-04 3.882762e-04 4.017384e-04 4.130637e-04 4.221169e-04 4.287605e-04 4.328550e-04 4.342589e-04 4.328290e-04 4.284211e-04 4.208896e-04 4.100878e-04 3.958673e-04 3.780771e-04 3.565616e-04 3.311592e-04 3.017016e-04 2.680180e-04 2.299470e-04 1.873627e-04 1.402131e-04 8.854924e-05 3.246259e-05 2.829279e-05 9.554085e-05 1.760015e-04 
8.888183e-04 8.881036e-04 8.859602e-04 8.823903e-04 8.773976e-04 8.709872e-04 8.631660e-04 8.539420e-04 8.433253e-04 8.313271e-04 8.179606e-04 8.032407e-04 7.871839e-04 7.698085e-04 7.511350e-04 7.311854e-04 7.099839e-04 6.875569e-04 6.639327e-04 6.391418e-04 6.132171e-04 5.861937e-04 5.581090e-04 5.290029e-04 4.989179e-04 4.678988e-04 4.359930e-04 4.032507e-04 3.697246e-04 3.354700e-04 3.005451e-04 2.650106e-04 2.289302e-04 1.923701e-04 1.553995e-04 1.180900e-04 8.051637e-05 4.275580e-05 4.888321e-06 3.300335e-05 7.083382e-05 1.085151e-04 1.459564e-04 1.830647e-04 2.197442e-04 2.558966e-04 2.914213e-04 3.262153e-04 3.601731e-04 3.931872e-04 4.251476e-04 4.559425e-04 4.854576e-04 5.135769e-04 5.401823e-04 5.651539e-04 5.883697e-04 6.097063e-04 6.290383e-04 6.462392e-04 6.611810e-04 6.737349e-04 6.837714e-04 6.911610e-04 6.957739e-04 6.974806e-04 6.961505e-04 6.916511e-04 6.838454e-04 6.725899e-04 6.577337e-04 6.391234e-04 6.166193e-04 5.901283e-04 5.596538e-04 5.253326e-04 4.873553e-04 4.454776e-04 3.974175e-04 3.345628e-04 
