5.374590e-04 5.357094e-04 5.304705e-04 5.217727e-04 5.096661e-04 4.942203e-04 4.755240e-04 4.536841e-04 4.288251e-04 4.010882e-04 3.706306e-04 3.376243e-04 3.022552e-04 2.647220e-04 2.252350e-04 1.840148e-04 1.412913e-04 9.730226e-05 5.229202e-05 6.510588e-06 3.978740e-05 8.634350e-05 1.328959e-04 1.791799e-04 2.249280e-04 2.698699e-04 3.137326e-04 3.562406e-04 3.971163e-04 4.360811e-04 4.728570e-04 5.071683e-04 5.387452e-04 5.673273e-04 5.926679e-04 6.145389e-04 6.327359e-04 6.470831e-04 6.574384e-04 6.636968e-04 6.657938e-04 
5.357094e-04 5.339652e-04 5.287428e-04 5.200724e-04 5.080039e-04 4.926067e-04 4.739691e-04 4.521976e-04 4.274165e-04 3.997664e-04 3.694041e-04 3.365009e-04 3.012421e-04 2.638259e-04 2.244619e-04 1.833700e-04 1.407795e-04 9.692722e-05 5.205699e-05 6.418050e-06 3.973569e-05 8.614647e-05 1.325532e-04 1.786919e-04 2.242958e-04 2.690952e-04 3.128179e-04 3.551893e-04 3.959326e-04 4.347701e-04 4.714246e-04 5.056216e-04 5.370923e-04 5.655774e-04 5.908312e-04 6.126266e-04 6.307603e-04 6.450573e-04 6.553761e-04 6.616124e-04 6.637021e-04 
5.304705e-04 5.287428e-04 5.235699e-04 5.149814e-04 5.030268e-04 4.877749e-04 4.693130e-04 4.477467e-04 4.231987e-04 3.958086e-04 3.657313e-04 3.331367e-04 2.982084e-04 2.611425e-04 2.221467e-04 1.814389e-04 1.392462e-04 9.580358e-05 5.135248e-05 6.140071e-06 3.958188e-05 8.555772e-05 1.315285e-04 1.772324e-04 2.224045e-04 2.667777e-04 3.100818e-04 3.520446e-04 3.923919e-04 4.308487e-04 4.671405e-04 5.009959e-04 5.321493e-04 5.603444e-04 5.853389e-04 6.069087e-04 6.248533e-04 6.390004e-04 6.492105e-04 6.553809e-04 6.574484e-04 
5.217727e-04 5.200724e-04 5.149814e-04 5.065288e-04 4.947634e-04 4.797527e-04 4.615825e-04 4.403565e-04 4.161956e-04 3.892369e-04 3.596328e-04 3.275505e-04 2.931705e-04 2.566860e-04 2.183013e-04 1.782310e-04 1.366987e-04 9.393580e-05 5.018023e-05 5.675583e-06 3.932994e-05 8.458423e-05 1.298319e-04 1.748145e-04 2.192709e-04 2.629374e-04 3.055479e-04 3.468338e-04 3.865253e-04 4.243517e-04 4.600433e-04 4.933337e-04 5.239624e-04 5.516784e-04 5.762444e-04 5.974417e-04 6.150741e-04 6.289737e-04 6.390044e-04 6.450661e-04 6.470971e-04 
5.096661e-04 5.080039e-04 5.030268e-04 4.947634e-04 4.832612e-04 4.685859e-04 4.508215e-04 4.300691e-04 4.064467e-04 3.800881e-04 3.511424e-04 3.197729e-04 2.861559e-04 2.504802e-04 2.129457e-04 1.737623e-04 1.331487e-04 9.133133e-05 4.854320e-05 5.022900e-06 3.898635e-05 8.323741e-05 1.274798e-04 1.714601e-04 2.149222e-04 2.576074e-04 2.992548e-04 3.396016e-04 3.783836e-04 4.153363e-04 4.501967e-04 4.827050e-04 5.126077e-04 5.396612e-04 5.636352e-04 5.843178e-04 6.015194e-04 6.150774e-04 6.248606e-04 6.307722e-04 6.327529e-04 
4.942203e-04 4.926067e-04 4.877749e-04 4.797527e-04 4.685859e-04 4.543384e-04 4.370913e-04 4.169427e-04 3.940069e-04 3.684137e-04 3.403075e-04 3.098467e-04 2.772026e-04 2.425583e-04 2.061078e-04 1.680551e-04 1.286127e-04 8.800067e-05 4.644566e-05 4.179851e-06 3.855994e-05 8.153295e-05 1.244951e-04 1.671993e-04 2.093958e-04 2.508328e-04 2.912559e-04 3.304095e-04 3.680367e-04 4.038810e-04 4.376875e-04 4.692050e-04 4.981889e-04 5.244044e-04 5.476302e-04 5.676628e-04 5.843204e-04 5.974475e-04 6.069184e-04 6.126409e-04 6.145582e-04 
4.755240e-04 4.739691e-04 4.693130e-04 4.615825e-04 4.508215e-04 4.370913e-04 4.204700e-04 4.010517e-04 3.789464e-04 3.542789e-04 3.271882e-04 2.978267e-04 2.663593e-04 2.329625e-04 1.978232e-04 1.611380e-04 1.231120e-04 8.395742e-05 4.389330e-05 3.143962e-06 3.806158e-05 7.949039e-05 1.209061e-04 1.620696e-04 2.027391e-04 2.426705e-04 2.816180e-04 3.193345e-04 3.555721e-04 3.900837e-04 4.226242e-04 4.529527e-04 4.808349e-04 5.060467e-04 5.283770e-04 5.476322e-04 5.636398e-04 5.762521e-04 5.853504e-04 5.908471e-04 5.926886e-04 
4.536841e-04 4.521976e-04 4.477467e-04 4.403565e-04 4.300691e-04 4.169427e-04 4.010517e-04 3.824859e-04 3.613499e-04 3.377629e-04 3.118575e-04 2.837791e-04 2.536852e-04 2.217443e-04 1.881352e-04 1.530458e-04 1.166724e-04 7.921834e-05 4.089337e-05 1.912674e-06 3.750396e-05 7.713279e-05 1.167467e-04 1.561159e-04 1.950077e-04 2.331879e-04 2.704203e-04 3.064678e-04 3.410931e-04 3.740600e-04 4.051347e-04 4.340878e-04 4.606972e-04 4.847504e-04 5.060481e-04 5.244078e-04 5.396671e-04 5.516873e-04 5.603570e-04 5.655943e-04 5.673488e-04 
4.288251e-04 4.274165e-04 4.231987e-04 4.161956e-04 4.064467e-04 3.940069e-04 3.789464e-04 3.613499e-04 3.413163e-04 3.189581e-04 2.944006e-04 2.677813e-04 2.392492e-04 2.089638e-04 1.770946e-04 1.438195e-04 1.093248e-04 7.380345e-05 3.745486e-05 4.835942e-07 3.690113e-05 7.448622e-05 1.120552e-04 1.493889e-04 1.862657e-04 2.224620e-04 2.577531e-04 2.919132e-04 3.247172e-04 3.559410e-04 3.853634e-04 4.127683e-04 4.379463e-04 4.606982e-04 4.808374e-04 4.981932e-04 5.126144e-04 5.239720e-04 5.321624e-04 5.371095e-04 5.387667e-04 
4.010882e-04 3.997664e-04 3.958086e-04 3.892369e-04 3.800881e-04 3.684137e-04 3.542789e-04 3.377629e-04 3.189581e-04 2.979695e-04 2.749144e-04 2.499215e-04 2.231301e-04 1.946898e-04 1.647594e-04 1.335060e-04 1.011044e-04 6.773606e-05 3.358861e-05 1.145233e-06 3.626824e-05 7.157930e-05 1.068740e-04 1.419453e-04 1.765837e-04 2.105781e-04 2.437163e-04 2.757857e-04 3.065741e-04 3.358711e-04 3.634695e-04 3.891671e-04 4.127689e-04 4.340894e-04 4.529556e-04 4.692097e-04 4.827120e-04 4.933435e-04 5.010090e-04 5.056385e-04 5.071893e-04 
3.706306e-04 3.694041e-04 3.657313e-04 3.596328e-04 3.511424e-04 3.403075e-04 3.271882e-04 3.118575e-04 2.944006e-04 2.749144e-04 2.535073e-04 2.302982e-04 2.054160e-04 1.789993e-04 1.511950e-04 1.221582e-04 9.205124e-05 6.104286e-05 2.930757e-05 2.975048e-06 3.562103e-05 6.844261e-05 1.012488e-04 1.338460e-04 1.660384e-04 1.976286e-04 2.284184e-04 2.582093e-04 2.868037e-04 3.140059e-04 3.396236e-04 3.634698e-04 3.853643e-04 4.051364e-04 4.226273e-04 4.376922e-04 4.502035e-04 4.600528e-04 4.671530e-04 4.714406e-04 4.728769e-04 
3.376243e-04 3.365009e-04 3.331367e-04 3.275505e-04 3.197729e-04 3.098467e-04 2.978267e-04 2.837791e-04 2.677813e-04 2.499215e-04 2.302982e-04 2.090198e-04 1.862039e-04 1.619769e-04 1.364732e-04 1.098347e-04 8.221002e-05 5.375397e-05 2.462688e-05 5.006091e-06 3.497550e-05 6.510822e-05 9.522801e-05 1.251560e-04 1.547114e-04 1.837119e-04 2.119743e-04 2.393158e-04 2.655542e-04 2.905097e-04 3.140058e-04 3.358713e-04 3.559417e-04 3.740615e-04 3.900864e-04 4.038853e-04 4.153425e-04 4.243602e-04 4.308601e-04 4.347848e-04 4.360994e-04 
3.022552e-04 3.012421e-04 2.982084e-04 2.931705e-04 2.861559e-04 2.772026e-04 2.663593e-04 2.536852e-04 2.392492e-04 2.231301e-04 2.054160e-04 1.862039e-04 1.655992e-04 1.437153e-04 1.206729e-04 9.659980e-05 7.162989e-05 4.590299e-05 1.956405e-05 7.237332e-06 3.434746e-05 6.160910e-05 8.886195e-05 1.159433e-04 1.426883e-04 1.689311e-04 1.945048e-04 2.192432e-04 2.429806e-04 2.655539e-04 2.868032e-04 3.065738e-04 3.247174e-04 3.410940e-04 3.555741e-04 3.680401e-04 3.783887e-04 3.865325e-04 3.924017e-04 3.959454e-04 3.971323e-04 
2.647220e-04 2.638259e-04 2.611425e-04 2.566860e-04 2.504802e-04 2.425583e-04 2.329625e-04 2.217443e-04 2.089638e-04 1.946898e-04 1.789993e-04 1.619769e-04 1.437153e-04 1.243139e-04 1.038790e-04 8.252305e-05 6.036451e-05 3.752702e-05 1.413914e-05 9.666208e-06 3.375220e-05 5.797862e-05 8.220231e-05 1.062777e-04 1.300575e-04 1.533929e-04 1.761347e-04 1.981339e-04 2.192426e-04 2.393149e-04 2.582082e-04 2.757847e-04 2.919126e-04 3.064678e-04 3.193354e-04 3.304116e-04 3.396052e-04 3.468393e-04 3.520524e-04 3.551997e-04 3.562538e-04 
2.252350e-04 2.244619e-04 2.221467e-04 2.183013e-04 2.129457e-04 2.061078e-04 1.978232e-04 1.881352e-04 1.770946e-04 1.647594e-04 1.511950e-04 1.364732e-04 1.206729e-04 1.038790e-04 8.618223e-05 6.767926e-05 4.847185e-05 2.866665e-05 8.374819e-06 1.228839e-05 3.320408e-05 5.425009e-05 7.530146e-05 9.623094e-05 1.169094e-04 1.372067e-04 1.569918e-04 1.761339e-04 1.945035e-04 2.119726e-04 2.284164e-04 2.437144e-04 2.577513e-04 2.704190e-04 2.816175e-04 2.912564e-04 2.992566e-04 3.055512e-04 3.100871e-04 3.128255e-04 3.137427e-04 
1.840148e-04 1.833700e-04 1.814389e-04 1.782310e-04 1.737623e-04 1.680551e-04 1.611380e-04 1.530458e-04 1.438195e-04 1.335060e-04 1.221582e-04 1.098347e-04 9.659980e-05 8.252305e-05 6.767926e-05 5.214815e-05 3.601412e-05 1.936594e-05 2.296487e-06 1.509759e-05 3.271622e-05 5.045627e-05 6.821192e-05 8.587510e-05 1.033360e-04 1.204834e-04 1.372057e-04 1.533912e-04 1.689287e-04 1.837091e-04 1.976255e-04 2.105749e-04 2.224589e-04 2.331851e-04 2.426682e-04 2.508313e-04 2.576069e-04 2.629383e-04 2.667801e-04 2.690995e-04 2.698764e-04 
1.412913e-04 1.407795e-04 1.392462e-04 1.366987e-04 1.331487e-04 1.286127e-04 1.231120e-04 1.166724e-04 1.093248e-04 1.011044e-04 9.205124e-05 8.221002e-05 7.162989e-05 6.036451e-05 4.847185e-05 3.601412e-05 2.305758e-05 9.672382e-06 4.067679e-06 1.808536e-05 3.230023e-05 4.662900e-05 6.098577e-05 7.528248e-05 8.942926e-05 1.033349e-04 1.169074e-04 1.300546e-04 1.426848e-04 1.547073e-04 1.660339e-04 1.765790e-04 1.862609e-04 1.950031e-04 2.027347e-04 2.093921e-04 2.149191e-04 2.192689e-04 2.224038e-04 2.242965e-04 2.249305e-04 
9.730226e-05 9.692722e-05 9.580358e-05 9.393580e-05 9.133133e-05 8.800067e-05 8.395742e-05 7.921834e-05 7.380345e-05 6.773606e-05 6.104286e-05 5.375397e-05 4.590299e-05 3.752702e-05 2.866665e-05 1.936594e-05 9.672382e-06 3.631841e-07 1.068669e-05 2.124098e-05 3.196595e-05 4.279880e-05 5.367426e-05 6.452487e-05 7.528132e-05 8.587285e-05 9.622770e-05 1.062736e-04 1.159384e-04 1.251505e-04 1.338400e-04 1.419388e-04 1.493823e-04 1.561091e-04 1.620630e-04 1.671929e-04 1.714542e-04 1.748092e-04 1.772280e-04 1.786887e-04 1.791781e-04 
5.229202e-05 5.205699e-05 5.135248e-05 5.018023e-05 4.854320e-05 4.644566e-05 4.389330e-05 4.089337e-05 3.745486e-05 3.358861e-05 2.930757e-05 2.462688e-05 1.956405e-05 1.413914e-05 8.374819e-06 2.296487e-06 4.067679e-06 1.068669e-05 1.752677e-05 2.455136e-05 3.172124e-05 3.899462e-05 4.632734e-05 5.367302e-05 6.098334e-05 6.820837e-05 7.529687e-05 8.219676e-05 8.885553e-05 9.522083e-05 1.012410e-04 1.068656e-04 1.120464e-04 1.167377e-04 1.208969e-04 1.244859e-04 1.274707e-04 1.298231e-04 1.315203e-04 1.325457e-04 1.328893e-04 
6.510588e-06 6.418050e-06 6.140071e-06 5.675583e-06 5.022900e-06 4.179851e-06 3.143962e-06 1.912674e-06 4.835942e-07 1.145233e-06 2.975048e-06 5.006091e-06 7.237332e-06 9.666208e-06 1.228839e-05 1.509759e-05 1.808536e-05 2.124098e-05 2.455136e-05 2.800096e-05 3.157182e-05 3.524352e-05 3.899333e-05 4.279625e-05 4.662522e-05 5.045132e-05 5.424402e-05 5.797150e-05 6.160100e-05 6.509922e-05 6.843280e-05 7.156877e-05 7.447508e-05 7.712113e-05 7.947834e-05 8.152062e-05 8.322493e-05 8.457171e-05 8.554531e-05 8.613432e-05 8.633192e-05 
3.978740e-05 3.973569e-05 3.958188e-05 3.932994e-05 3.898635e-05 3.855994e-05 3.806158e-05 3.750396e-05 3.690113e-05 3.626824e-05 3.562103e-05 3.497550e-05 3.434746e-05 3.375220e-05 3.320408e-05 3.271622e-05 3.230023e-05 3.196595e-05 3.172124e-05 3.157182e-05 3.152118e-05 3.157050e-05 3.171860e-05 3.196202e-05 3.229503e-05 3.270978e-05 3.319643e-05 3.374340e-05 3.433755e-05 3.496453e-05 3.560908e-05 3.625538e-05 3.688744e-05 3.748952e-05 3.804648e-05 3.854427e-05 3.897020e-05 3.931340e-05 3.956504e-05 3.971869e-05 3.977057e-05 
8.634350e-05 8.614647e-05 8.555772e-05 8.458423e-05 8.323741e-05 8.153295e-05 7.949039e-05 7.713279e-05 7.448622e-05 7.157930e-05 6.844261e-05 6.510822e-05 6.160910e-05 5.797862e-05 5.425009e-05 5.045627e-05 4.662900e-05 4.279880e-05 3.899462e-05 3.524352e-05 3.157050e-05 2.799831e-05 2.454735e-05 2.123563e-05 1.807867e-05 1.508957e-05 1.227906e-05 9.655594e-06 7.225468e-06 4.993016e-06 2.960806e-06 1.129876e-06 5.000093e-07 1.930086e-06 3.162307e-06 4.199067e-06 5.042926e-06 5.696367e-06 6.161555e-06 6.440119e-06 6.532903e-06 
1.328959e-04 1.325532e-04 1.315285e-04 1.298319e-04 1.274798e-04 1.244951e-04 1.209061e-04 1.167467e-04 1.120552e-04 1.068740e-04 1.012488e-04 9.522801e-05 8.886195e-05 8.220231e-05 7.530146e-05 6.821192e-05 6.098577e-05 5.367426e-05 4.632734e-05 3.899333e-05 3.171860e-05 2.454735e-05 1.752137e-05 1.067988e-05 4.059436e-06 2.306163e-06 8.385925e-06 1.415167e-05 1.957798e-05 2.464219e-05 2.932425e-05 3.360662e-05 3.747416e-05 4.091393e-05 4.391507e-05 4.646861e-05 4.856730e-05 5.020546e-05 5.137881e-05 5.208433e-05 5.232001e-05 
1.791799e-04 1.786919e-04 1.772324e-04 1.748145e-04 1.714601e-04 1.671993e-04 1.620696e-04 1.561159e-04 1.493889e-04 1.419453e-04 1.338460e-04 1.251560e-04 1.159433e-04 1.062777e-04 9.623094e-05 8.587510e-05 7.528248e-05 6.452487e-05 5.367302e-05 4.279625e-05 3.196202e-05 2.123563e-05 1.067988e-05 3.548674e-07 9.682229e-06 1.937733e-05 2.867961e-05 3.754155e-05 4.591910e-05 5.377165e-05 6.106211e-05 6.775686e-05 7.382579e-05 7.924221e-05 8.398278e-05 8.802752e-05 9.135967e-05 9.396564e-05 9.583493e-05 9.696000e-05 9.733610e-05 
2.249280e-04 2.242958e-04 2.224045e-04 2.192709e-04 2.149222e-04 2.093958e-04 2.027391e-04 1.950077e-04 1.862657e-04 1.765837e-04 1.660384e-04 1.547114e-04 1.426883e-04 1.300575e-04 1.169094e-04 1.033360e-04 8.942926e-05 7.528132e-05 6.098334e-05 4.662522e-05 3.229503e-05 1.807867e-05 4.059436e-06 9.682229e-06 2.306908e-05 3.602729e-05 4.848674e-05 6.038114e-05 7.164828e-05 8.223018e-05 9.207318e-05 1.011281e-04 1.093503e-04 1.166997e-04 1.231411e-04 1.286436e-04 1.331814e-04 1.367333e-04 1.392827e-04 1.408178e-04 1.413311e-04 
2.698699e-04 2.690952e-04 2.667777e-04 2.629374e-04 2.576074e-04 2.508328e-04 2.426705e-04 2.331879e-04 2.224620e-04 2.105781e-04 1.976286e-04 1.837119e-04 1.689311e-04 1.533929e-04 1.372067e-04 1.204834e-04 1.033349e-04 8.587285e-05 6.820837e-05 5.045132e-05 3.270978e-05 1.508957e-05 2.306163e-06 1.937733e-05 3.602729e-05 5.216316e-05 6.769615e-05 8.254185e-05 9.662055e-05 1.098574e-04 1.221829e-04 1.335328e-04 1.438483e-04 1.530767e-04 1.611710e-04 1.680902e-04 1.737996e-04 1.782705e-04 1.814807e-04 1.834141e-04 1.840607e-04 
3.137326e-04 3.128179e-04 3.100818e-04 3.055479e-04 2.992548e-04 2.912559e-04 2.816180e-04 2.704203e-04 2.577531e-04 2.437163e-04 2.284184e-04 2.119743e-04 1.945048e-04 1.761347e-04 1.569918e-04 1.372057e-04 1.169074e-04 9.622770e-05 7.529687e-05 5.424402e-05 3.319643e-05 1.227906e-05 8.385925e-06 2.867961e-05 4.848674e-05 6.769615e-05 8.620117e-05 1.039000e-04 1.206961e-04 1.364987e-04 1.512226e-04 1.647893e-04 1.771268e-04 1.881698e-04 1.978602e-04 2.061472e-04 2.129876e-04 2.183458e-04 2.221938e-04 2.245117e-04 2.252870e-04 
3.562406e-04 3.551893e-04 3.520446e-04 3.468338e-04 3.396016e-04 3.304095e-04 3.193345e-04 3.064678e-04 2.919132e-04 2.757857e-04 2.582093e-04 2.393158e-04 2.192432e-04 1.981339e-04 1.761339e-04 1.533912e-04 1.300546e-04 1.062736e-04 8.219676e-05 5.797150e-05 3.374340e-05 9.655594e-06 1.415167e-05 3.754155e-05 6.038114e-05 8.254185e-05 1.039000e-04 1.243373e-04 1.437410e-04 1.620051e-04 1.790299e-04 1.947230e-04 2.089996e-04 2.217827e-04 2.330035e-04 2.426020e-04 2.505268e-04 2.567356e-04 2.611951e-04 2.638816e-04 2.647803e-04 
3.971163e-04 3.959326e-04 3.923919e-04 3.865253e-04 3.783836e-04 3.680367e-04 3.555721e-04 3.410931e-04 3.247172e-04 3.065741e-04 2.868037e-04 2.655542e-04 2.429806e-04 2.192426e-04 1.945035e-04 1.689287e-04 1.426848e-04 1.159384e-04 8.885553e-05 6.160100e-05 3.433755e-05 7.225468e-06 1.957798e-05 4.591910e-05 7.164828e-05 9.662055e-05 1.206961e-04 1.437410e-04 1.656276e-04 1.862349e-04 2.054498e-04 2.231666e-04 2.392885e-04 2.537274e-04 2.664045e-04 2.772508e-04 2.862073e-04 2.932253e-04 2.982666e-04 3.013037e-04 3.023197e-04 
4.360811e-04 4.347701e-04 4.308487e-04 4.243517e-04 4.153363e-04 4.038810e-04 3.900837e-04 3.740600e-04 3.559410e-04 3.358711e-04 3.140059e-04 2.905097e-04 2.655539e-04 2.393149e-04 2.119726e-04 1.837091e-04 1.547073e-04 1.251505e-04 9.522083e-05 6.509922e-05 3.496453e-05 4.993016e-06 2.464219e-05 5.377165e-05 8.223018e-05 1.098574e-04 1.364987e-04 1.620051e-04 1.862349e-04 2.090537e-04 2.303351e-04 2.499614e-04 2.678243e-04 2.838253e-04 2.978762e-04 3.098995e-04 3.198292e-04 3.276104e-04 3.332004e-04 3.365683e-04 3.376950e-04 
4.728570e-04 4.714246e-04 4.671405e-04 4.600433e-04 4.501967e-04 4.376875e-04 4.226242e-04 4.051347e-04 3.853634e-04 3.634695e-04 3.396236e-04 3.140058e-04 2.868032e-04 2.582082e-04 2.284164e-04 1.976255e-04 1.660339e-04 1.338400e-04 1.012410e-04 6.843280e-05 3.560908e-05 2.960806e-06 2.932425e-05 6.106211e-05 9.207318e-05 1.221829e-04 1.512226e-04 1.790299e-04 2.054498e-04 2.303351e-04 2.535475e-04 2.749579e-04 2.944474e-04 3.119078e-04 3.272420e-04 3.403650e-04 3.512037e-04 3.596980e-04 3.658006e-04 3.694775e-04 3.707075e-04 
5.071683e-04 5.056216e-04 5.009959e-04 4.933337e-04 4.827050e-04 4.692050e-04 4.529527e-04 4.340878e-04 4.127683e-04 3.891671e-04 3.634698e-04 3.358713e-04 3.065738e-04 2.757847e-04 2.437144e-04 2.105749e-04 1.765790e-04 1.419388e-04 1.068656e-04 7.156877e-05 3.625538e-05 1.129876e-06 3.360662e-05 6.775686e-05 1.011281e-04 1.335328e-04 1.647893e-04 1.947230e-04 2.231666e-04 2.499614e-04 2.749579e-04 2.980166e-04 3.190088e-04 3.378174e-04 3.543372e-04 3.684759e-04 3.801544e-04 3.893073e-04 3.958835e-04 3.998458e-04 4.011713e-04 
5.387452e-04 5.370923e-04 5.321493e-04 5.239624e-04 5.126077e-04 4.981889e-04 4.808349e-04 4.606972e-04 4.379463e-04 4.127689e-04 3.853643e-04 3.559417e-04 3.247174e-04 2.919126e-04 2.577513e-04 2.224589e-04 1.862609e-04 1.493823e-04 1.120464e-04 7.447508e-05 3.688744e-05 5.000093e-07 3.747416e-05 7.382579e-05 1.093503e-04 1.438483e-04 1.771268e-04 2.089996e-04 2.392885e-04 2.678243e-04 2.944474e-04 3.190088e-04 3.413710e-04 3.614086e-04 3.790092e-04 3.940739e-04 4.065180e-04 4.162714e-04 4.232793e-04 4.275017e-04 4.289144e-04 
5.673273e-04 5.655774e-04 5.603444e-04 5.516784e-04 5.396612e-04 5.244044e-04 5.060467e-04 4.847504e-04 4.606982e-04 4.340894e-04 4.051364e-04 3.740615e-04 3.410940e-04 3.064678e-04 2.704190e-04 2.331851e-04 1.950031e-04 1.561091e-04 1.167377e-04 7.712113e-05 3.748952e-05 1.930086e-06 4.091393e-05 7.924221e-05 1.166997e-04 1.530767e-04 1.881698e-04 2.217827e-04 2.537274e-04 2.838253e-04 3.119078e-04 3.378174e-04 3.614086e-04 3.825488e-04 4.011190e-04 4.170145e-04 4.301455e-04 4.404377e-04 4.478328e-04 4.522888e-04 4.537795e-04 
5.926679e-04 5.908312e-04 5.853389e-04 5.762444e-04 5.636352e-04 5.476302e-04 5.283770e-04 5.060481e-04 4.808374e-04 4.529556e-04 4.226273e-04 3.900864e-04 3.555741e-04 3.193354e-04 2.816175e-04 2.426682e-04 2.027347e-04 1.620630e-04 1.208969e-04 7.947834e-05 3.804648e-05 3.162307e-06 4.391507e-05 8.398278e-05 1.231411e-04 1.611710e-04 1.978602e-04 2.330035e-04 2.664045e-04 2.978762e-04 3.272420e-04 3.543372e-04 3.790092e-04 4.011190e-04 4.205419e-04 4.371680e-04 4.509030e-04 4.616691e-04 4.694048e-04 4.740661e-04 4.756256e-04 
6.145389e-04 6.126266e-04 6.069087e-04 5.974417e-04 5.843178e-04 5.676628e-04 5.476322e-04 5.244078e-04 4.981932e-04 4.692097e-04 4.376922e-04 4.038853e-04 3.680401e-04 3.304116e-04 2.912564e-04 2.508313e-04 2.093921e-04 1.671929e-04 1.244859e-04 8.152062e-05 3.854427e-05 4.199067e-06 4.646861e-05 8.802752e-05 1.286436e-04 1.680902e-04 2.061472e-04 2.426020e-04 2.772508e-04 3.098995e-04 3.403650e-04 3.684759e-04 3.940739e-04 4.170145e-04 4.371680e-04 4.544201e-04 4.686727e-04 4.798447e-04 4.878724e-04 4.927096e-04 4.943279e-04 
6.327359e-04 6.307603e-04 6.248533e-04 6.150741e-04 6.015194e-04 5.843204e-04 5.636398e-04 5.396671e-04 5.126144e-04 4.827120e-04 4.502035e-04 4.153425e-04 3.783887e-04 3.396052e-04 2.992566e-04 2.576069e-04 2.149191e-04 1.714542e-04 1.274707e-04 8.322493e-05 3.897020e-05 5.042926e-06 4.856730e-05 9.135967e-05 1.331814e-04 1.737996e-04 2.129876e-04 2.505268e-04 2.862073e-04 3.198292e-04 3.512037e-04 3.801544e-04 4.065180e-04 4.301455e-04 4.509030e-04 4.686727e-04 4.833533e-04 4.948610e-04 5.031300e-04 5.081127e-04 5.097798e-04 
6.470831e-04 6.450573e-04 6.390004e-04 6.289737e-04 6.150774e-04 5.974475e-04 5.762521e-04 5.516873e-04 5.239720e-04 4.933435e-04 4.600528e-04 4.243602e-04 3.865325e-04 3.468393e-04 3.055512e-04 2.629383e-04 2.192689e-04 1.748092e-04 1.298231e-04 8.457171e-05 3.931340e-05 5.696367e-06 5.020546e-05 9.396564e-05 1.367333e-04 1.782705e-04 2.183458e-04 2.567356e-04 2.932253e-04 3.276104e-04 3.596980e-04 3.893073e-04 4.162714e-04 4.404377e-04 4.616691e-04 4.798447e-04 4.948610e-04 5.066321e-04 5.150904e-04 5.201873e-04 5.218925e-04 
6.574384e-04 6.553761e-04 6.492105e-04 6.390044e-04 6.248606e-04 6.069184e-04 5.853504e-04 5.603570e-04 5.321624e-04 5.010090e-04 4.671530e-04 4.308601e-04 3.924017e-04 3.520524e-04 3.100871e-04 2.667801e-04 2.224038e-04 1.772280e-04 1.315203e-04 8.554531e-05 3.956504e-05 6.161555e-06 5.137881e-05 9.583493e-05 1.392827e-04 1.814807e-04 2.221938e-04 2.611951e-04 2.982666e-04 3.332004e-04 3.658006e-04 3.958835e-04 4.232793e-04 4.478328e-04 4.694048e-04 4.878724e-04 5.031300e-04 5.150904e-04 5.236849e-04 5.288638e-04 5.305965e-04 
6.636968e-04 6.616124e-04 6.553809e-04 6.450661e-04 6.307722e-04 6.126409e-04 5.908471e-04 5.655943e-04 5.371095e-04 5.056385e-04 4.714406e-04 4.347848e-04 3.959454e-04 3.551997e-04 3.128255e-04 2.690995e-04 2.242965e-04 1.786887e-04 1.325457e-04 8.613432e-05 3.971869e-05 6.440119e-06 5.208433e-05 9.696000e-05 1.408178e-04 1.834141e-04 2.245117e-04 2.638816e-04 3.013037e-04 3.365683e-04 3.694775e-04 3.998458e-04 4.275017e-04 4.522888e-04 4.740661e-04 4.927096e-04 5.081127e-04 5.201873e-04 5.288638e-04 5.340922e-04 5.358415e-04 
6.657938e-04 6.637021e-04 6.574484e-04 6.470971e-04 6.327529e-04 6.145582e-04 5.926886e-04 5.673488e-04 5.387667e-04 5.071893e-04 4.728769e-04 4.360994e-04 3.971323e-04 3.562538e-04 3.137427e-04 2.698764e-04 2.249305e-04 1.791781e-04 1.328893e-04 8.633192e-05 3.977057e-05 6.532903e-06 5.232001e-05 9.733610e-05 1.413311e-04 1.840607e-04 2.252870e-04 2.647803e-04 3.023197e-04 3.376950e-04 3.707075e-04 4.011713e-04 4.289144e-04 4.537795e-04 4.756256e-04 4.943279e-04 5.097798e-04 5.218925e-04 5.305965e-04 5.358415e-04 5.375963e-04 
