2.151675e-03 2.123656e-03 2.040239e-03 1.903325e-03 1.716016e-03 1.482526e-03 1.208075e-03 8.987606e-04 5.614130e-04 2.034418e-04 1.673177e-04 5.427275e-04 9.144175e-04 1.273796e-03 1.612030e-03 1.920062e-03 2.188753e-03 2.409222e-03 2.573409e-03 2.674790e-03 2.709087e-03 
2.123656e-03 2.095989e-03 2.013622e-03 1.878428e-03 1.693465e-03 1.462894e-03 1.191866e-03 8.864012e-04 5.532466e-04 1.997233e-04 1.664227e-04 5.371414e-04 9.041492e-04 1.258943e-03 1.592789e-03 1.896740e-03 2.161789e-03 2.379202e-03 2.541070e-03 2.640997e-03 2.674799e-03 
2.040239e-03 2.013622e-03 1.934376e-03 1.804296e-03 1.626316e-03 1.404428e-03 1.143584e-03 8.495737e-04 5.288927e-04 1.885986e-04 1.638299e-04 5.206073e-04 8.737121e-04 1.214910e-03 1.535758e-03 1.827647e-03 2.081953e-03 2.290370e-03 2.445416e-03 2.541077e-03 2.573426e-03 
1.903325e-03 1.878428e-03 1.804296e-03 1.682598e-03 1.516063e-03 1.308411e-03 1.064262e-03 7.890272e-04 4.887882e-04 1.701662e-04 1.598044e-04 4.937809e-04 8.241825e-04 1.143228e-03 1.442961e-03 1.715319e-03 1.952297e-03 2.146254e-03 2.290374e-03 2.379214e-03 2.409242e-03 
1.716016e-03 1.693465e-03 1.626316e-03 1.516063e-03 1.365158e-03 1.176948e-03 9.555986e-04 7.060004e-04 4.336641e-04 1.446072e-04 1.547541e-04 4.576980e-04 7.572673e-04 1.046319e-03 1.317578e-03 1.563722e-03 1.777558e-03 1.952300e-03 2.081960e-03 2.161802e-03 2.188774e-03 
1.482526e-03 1.462894e-03 1.404428e-03 1.308411e-03 1.176948e-03 1.012921e-03 8.199280e-04 6.022062e-04 3.645475e-04 1.122075e-04 1.491836e-04 4.137003e-04 6.751894e-04 9.273311e-04 1.163709e-03 1.377916e-03 1.563723e-03 1.715323e-03 1.827654e-03 1.896753e-03 1.920082e-03 
1.208075e-03 1.191866e-03 1.143584e-03 1.064262e-03 9.555986e-04 8.199280e-04 6.601766e-04 4.798079e-04 2.827608e-04 7.338184e-05 1.436415e-04 3.633459e-04 5.805543e-04 7.899408e-04 9.861103e-04 1.163709e-03 1.317578e-03 1.442963e-03 1.535764e-03 1.592798e-03 1.612046e-03 
8.987606e-04 8.864012e-04 8.495737e-04 7.890272e-04 7.060004e-04 6.022062e-04 4.798079e-04 3.413892e-04 1.899164e-04 2.869716e-05 1.386652e-04 3.083185e-04 4.762143e-04 6.381686e-04 7.899394e-04 9.273291e-04 1.046317e-03 1.143227e-03 1.214912e-03 1.258949e-03 1.273806e-03 
5.614130e-04 5.532466e-04 5.288927e-04 4.887882e-04 4.336641e-04 3.645475e-04 2.827608e-04 1.899164e-04 8.790742e-05 2.110879e-05 1.347310e-04 2.503419e-04 3.651448e-04 4.762123e-04 5.805507e-04 6.751849e-04 7.572624e-04 8.241780e-04 8.737089e-04 9.041482e-04 9.144199e-04 
2.034418e-04 1.997233e-04 1.885986e-04 1.701662e-04 1.446072e-04 1.122075e-04 7.338184e-05 2.869716e-05 2.110879e-05 7.511481e-05 1.322116e-04 1.911063e-04 2.503395e-04 3.083139e-04 3.633394e-04 4.136924e-04 4.576891e-04 4.937715e-04 5.205980e-04 5.371329e-04 5.427209e-04 
1.673177e-04 1.664227e-04 1.638299e-04 1.598044e-04 1.547541e-04 1.491836e-04 1.436415e-04 1.386652e-04 1.347310e-04 1.322116e-04 1.313438e-04 1.322089e-04 1.347257e-04 1.386574e-04 1.436315e-04 1.491716e-04 1.547403e-04 1.597892e-04 1.638135e-04 1.664057e-04 1.673009e-04 
5.427275e-04 5.371414e-04 5.206073e-04 4.937809e-04 4.576980e-04 4.137003e-04 3.633459e-04 3.083185e-04 2.503419e-04 1.911063e-04 1.322089e-04 7.510935e-05 2.110047e-05 2.870835e-05 7.339586e-05 1.122243e-04 1.446266e-04 1.701881e-04 1.886230e-04 1.997498e-04 2.034697e-04 
9.144175e-04 9.041492e-04 8.737121e-04 8.241825e-04 7.572673e-04 6.751894e-04 5.805543e-04 4.762143e-04 3.651448e-04 2.503395e-04 1.347257e-04 2.110047e-05 8.791900e-05 1.899314e-04 2.827792e-04 3.645696e-04 4.336898e-04 4.888175e-04 5.289257e-04 5.532833e-04 5.614525e-04 
1.273796e-03 1.258943e-03 1.214910e-03 1.143228e-03 1.046319e-03 9.273311e-04 7.899408e-04 6.381686e-04 4.762123e-04 3.083139e-04 1.386574e-04 2.870835e-05 1.899314e-04 3.414082e-04 4.798312e-04 6.022339e-04 7.060328e-04 7.890643e-04 8.496159e-04 8.864485e-04 8.988122e-04 
1.612030e-03 1.592789e-03 1.535758e-03 1.442961e-03 1.317578e-03 1.163709e-03 9.861103e-04 7.899394e-04 5.805507e-04 3.633394e-04 1.436315e-04 7.339586e-05 2.827792e-04 4.798312e-04 6.602050e-04 8.199618e-04 9.556380e-04 1.064307e-03 1.143636e-03 1.191924e-03 1.208139e-03 
1.920062e-03 1.896740e-03 1.827647e-03 1.715319e-03 1.563722e-03 1.377916e-03 1.163709e-03 9.273291e-04 6.751849e-04 4.136924e-04 1.491716e-04 1.122243e-04 3.645696e-04 6.022339e-04 8.199618e-04 1.012961e-03 1.176995e-03 1.308465e-03 1.404490e-03 1.462964e-03 1.482602e-03 
2.188753e-03 2.161789e-03 2.081953e-03 1.952297e-03 1.777558e-03 1.563723e-03 1.317578e-03 1.046317e-03 7.572624e-04 4.576891e-04 1.547403e-04 1.446266e-04 4.336898e-04 7.060328e-04 9.556380e-04 1.176995e-03 1.365213e-03 1.516126e-03 1.626388e-03 1.693546e-03 1.716105e-03 
2.409222e-03 2.379202e-03 2.290370e-03 2.146254e-03 1.952300e-03 1.715323e-03 1.442963e-03 1.143227e-03 8.241780e-04 4.937715e-04 1.597892e-04 1.701881e-04 4.888175e-04 7.890643e-04 1.064307e-03 1.308465e-03 1.516126e-03 1.682670e-03 1.804378e-03 1.878520e-03 1.903426e-03 
2.573409e-03 2.541070e-03 2.445416e-03 2.290374e-03 2.081960e-03 1.827654e-03 1.535764e-03 1.214912e-03 8.737089e-04 5.205980e-04 1.638135e-04 1.886230e-04 5.289257e-04 8.496159e-04 1.143636e-03 1.404490e-03 1.626388e-03 1.804378e-03 1.934469e-03 2.013726e-03 2.040352e-03 
2.674790e-03 2.640997e-03 2.541077e-03 2.379214e-03 2.161802e-03 1.896753e-03 1.592798e-03 1.258949e-03 9.041482e-04 5.371329e-04 1.664057e-04 1.997498e-04 5.532833e-04 8.864485e-04 1.191924e-03 1.462964e-03 1.693546e-03 1.878520e-03 2.013726e-03 2.096105e-03 2.123781e-03 
2.709087e-03 2.674799e-03 2.573426e-03 2.409242e-03 2.188774e-03 1.920082e-03 1.612046e-03 1.273806e-03 9.144199e-04 5.427209e-04 1.673009e-04 2.034697e-04 5.614525e-04 8.988122e-04 1.208139e-03 1.482602e-03 1.716105e-03 1.903426e-03 2.040352e-03 2.123781e-03 2.151810e-03 
