         1         1     0.6065E+00
         1         2     0.5991E+00
         1         3     0.5768E+00
         1         4     0.5404E+00
         1         5     0.4907E+00
         1         6     0.4289E+00
         1         7     0.3565E+00
         1         8     0.2754E+00
         1         9     0.1874E+00
         1        10     0.9488E-01
         1        11     0.3714E-16
         1        12    -0.9488E-01
         1        13    -0.1874E+00
         1        14    -0.2754E+00
         1        15    -0.3565E+00
         1        16    -0.4289E+00
         1        17    -0.4907E+00
         1        18    -0.5404E+00
         1        19    -0.5768E+00
         1        20    -0.5991E+00
         1        21    -0.6065E+00
         2         1     0.5991E+00
         2         2     0.5917E+00
         2         3     0.5697E+00
         2         4     0.5338E+00
         2         5     0.4847E+00
         2         6     0.4236E+00
         2         7     0.3521E+00
         2         8     0.2720E+00
         2         9     0.1851E+00
         2        10     0.9371E-01
         2        11     0.3668E-16
         2        12    -0.9371E-01
         2        13    -0.1851E+00
         2        14    -0.2720E+00
         2        15    -0.3521E+00
         2        16    -0.4236E+00
         2        17    -0.4847E+00
         2        18    -0.5338E+00
         2        19    -0.5697E+00
         2        20    -0.5917E+00
         2        21    -0.5991E+00
         3         1     0.5768E+00
         3         2     0.5697E+00
         3         3     0.5486E+00
         3         4     0.5140E+00
         3         5     0.4667E+00
         3         6     0.4079E+00
         3         7     0.3391E+00
         3         8     0.2619E+00
         3         9     0.1783E+00
         3        10     0.9024E-01
         3        11     0.3532E-16
         3        12    -0.9024E-01
         3        13    -0.1783E+00
         3        14    -0.2619E+00
         3        15    -0.3391E+00
         3        16    -0.4079E+00
         3        17    -0.4667E+00
         3        18    -0.5140E+00
         3        19    -0.5486E+00
         3        20    -0.5697E+00
         3        21    -0.5768E+00
         4         1     0.5404E+00
         4         2     0.5338E+00
         4         3     0.5140E+00
         4         4     0.4815E+00
         4         5     0.4372E+00
         4         6     0.3821E+00
         4         7     0.3177E+00
         4         8     0.2453E+00
         4         9     0.1670E+00
         4        10     0.8454E-01
         4        11     0.3309E-16
         4        12    -0.8454E-01
         4        13    -0.1670E+00
         4        14    -0.2453E+00
         4        15    -0.3177E+00
         4        16    -0.3821E+00
         4        17    -0.4372E+00
         4        18    -0.4815E+00
         4        19    -0.5140E+00
         4        20    -0.5338E+00
         4        21    -0.5404E+00
         5         1     0.4907E+00
         5         2     0.4847E+00
         5         3     0.4667E+00
         5         4     0.4372E+00
         5         5     0.3970E+00
         5         6     0.3470E+00
         5         7     0.2884E+00
         5         8     0.2228E+00
         5         9     0.1516E+00
         5        10     0.7676E-01
         5        11     0.3005E-16
         5        12    -0.7676E-01
         5        13    -0.1516E+00
         5        14    -0.2228E+00
         5        15    -0.2884E+00
         5        16    -0.3470E+00
         5        17    -0.3970E+00
         5        18    -0.4372E+00
         5        19    -0.4667E+00
         5        20    -0.4847E+00
         5        21    -0.4907E+00
         6         1     0.4289E+00
         6         2     0.4236E+00
         6         3     0.4079E+00
         6         4     0.3821E+00
         6         5     0.3470E+00
         6         6     0.3033E+00
         6         7     0.2521E+00
         6         8     0.1947E+00
         6         9     0.1325E+00
         6        10     0.6709E-01
         6        11     0.2626E-16
         6        12    -0.6709E-01
         6        13    -0.1325E+00
         6        14    -0.1947E+00
         6        15    -0.2521E+00
         6        16    -0.3033E+00
         6        17    -0.3470E+00
         6        18    -0.3821E+00
         6        19    -0.4079E+00
         6        20    -0.4236E+00
         6        21    -0.4289E+00
         7         1     0.3565E+00
         7         2     0.3521E+00
         7         3     0.3391E+00
         7         4     0.3177E+00
         7         5     0.2884E+00
         7         6     0.2521E+00
         7         7     0.2096E+00
         7         8     0.1619E+00
         7         9     0.1102E+00
         7        10     0.5577E-01
         7        11     0.2183E-16
         7        12    -0.5577E-01
         7        13    -0.1102E+00
         7        14    -0.1619E+00
         7        15    -0.2096E+00
         7        16    -0.2521E+00
         7        17    -0.2884E+00
         7        18    -0.3177E+00
         7        19    -0.3391E+00
         7        20    -0.3521E+00
         7        21    -0.3565E+00
         8         1     0.2754E+00
         8         2     0.2720E+00
         8         3     0.2619E+00
         8         4     0.2453E+00
         8         5     0.2228E+00
         8         6     0.1947E+00
         8         7     0.1619E+00
         8         8     0.1250E+00
         8         9     0.8509E-01
         8        10     0.4308E-01
         8        11     0.1686E-16
         8        12    -0.4308E-01
         8        13    -0.8509E-01
         8        14    -0.1250E+00
         8        15    -0.1619E+00
         8        16    -0.1947E+00
         8        17    -0.2228E+00
         8        18    -0.2453E+00
         8        19    -0.2619E+00
         8        20    -0.2720E+00
         8        21    -0.2754E+00
         9         1     0.1874E+00
         9         2     0.1851E+00
         9         3     0.1783E+00
         9         4     0.1670E+00
         9         5     0.1516E+00
         9         6     0.1325E+00
         9         7     0.1102E+00
         9         8     0.8509E-01
         9         9     0.5792E-01
         9        10     0.2932E-01
         9        11     0.1148E-16
         9        12    -0.2932E-01
         9        13    -0.5792E-01
         9        14    -0.8509E-01
         9        15    -0.1102E+00
         9        16    -0.1325E+00
         9        17    -0.1516E+00
         9        18    -0.1670E+00
         9        19    -0.1783E+00
         9        20    -0.1851E+00
         9        21    -0.1874E+00
        10         1     0.9488E-01
        10         2     0.9371E-01
        10         3     0.9024E-01
        10         4     0.8454E-01
        10         5     0.7676E-01
        10         6     0.6709E-01
        10         7     0.5577E-01
        10         8     0.4308E-01
        10         9     0.2932E-01
        10        10     0.1484E-01
        10        11     0.5810E-17
        10        12    -0.1484E-01
        10        13    -0.2932E-01
        10        14    -0.4308E-01
        10        15    -0.5577E-01
        10        16    -0.6709E-01
        10        17    -0.7676E-01
        10        18    -0.8454E-01
        10        19    -0.9024E-01
        10        20    -0.9371E-01
        10        21    -0.9488E-01
        11         1     0.3714E-16
        11         2     0.3668E-16
        11         3     0.3532E-16
        11         4     0.3309E-16
        11         5     0.3005E-16
        11         6     0.2626E-16
        11         7     0.2183E-16
        11         8     0.1686E-16
        11         9     0.1148E-16
        11        10     0.5810E-17
        11        11     0.2274E-32
        11        12    -0.5810E-17
        11        13    -0.1148E-16
        11        14    -0.1686E-16
        11        15    -0.2183E-16
        11        16    -0.2626E-16
        11        17    -0.3005E-16
        11        18    -0.3309E-16
        11        19    -0.3532E-16
        11        20    -0.3668E-16
        11        21    -0.3714E-16
        12         1    -0.9488E-01
        12         2    -0.9371E-01
        12         3    -0.9024E-01
        12         4    -0.8454E-01
        12         5    -0.7676E-01
        12         6    -0.6709E-01
        12         7    -0.5577E-01
        12         8    -0.4308E-01
        12         9    -0.2932E-01
        12        10    -0.1484E-01
        12        11    -0.5810E-17
        12        12     0.1484E-01
        12        13     0.2932E-01
        12        14     0.4308E-01
        12        15     0.5577E-01
        12        16     0.6709E-01
        12        17     0.7676E-01
        12        18     0.8454E-01
        12        19     0.9024E-01
        12        20     0.9371E-01
        12        21     0.9488E-01
        13         1    -0.1874E+00
        13         2    -0.1851E+00
        13         3    -0.1783E+00
        13         4    -0.1670E+00
        13         5    -0.1516E+00
        13         6    -0.1325E+00
        13         7    -0.1102E+00
        13         8    -0.8509E-01
        13         9    -0.5792E-01
        13        10    -0.2932E-01
        13        11    -0.1148E-16
        13        12     0.2932E-01
        13        13     0.5792E-01
        13        14     0.8509E-01
        13        15     0.1102E+00
        13        16     0.1325E+00
        13        17     0.1516E+00
        13        18     0.1670E+00
        13        19     0.1783E+00
        13        20     0.1851E+00
        13        21     0.1874E+00
        14         1    -0.2754E+00
        14         2    -0.2720E+00
        14         3    -0.2619E+00
        14         4    -0.2453E+00
        14         5    -0.2228E+00
        14         6    -0.1947E+00
        14         7    -0.1619E+00
        14         8    -0.1250E+00
        14         9    -0.8509E-01
        14        10    -0.4308E-01
        14        11    -0.1686E-16
        14        12     0.4308E-01
        14        13     0.8509E-01
        14        14     0.1250E+00
        14        15     0.1619E+00
        14        16     0.1947E+00
        14        17     0.2228E+00
        14        18     0.2453E+00
        14        19     0.2619E+00
        14        20     0.2720E+00
        14        21     0.2754E+00
        15         1    -0.3565E+00
        15         2    -0.3521E+00
        15         3    -0.3391E+00
        15         4    -0.3177E+00
        15         5    -0.2884E+00
        15         6    -0.2521E+00
        15         7    -0.2096E+00
        15         8    -0.1619E+00
        15         9    -0.1102E+00
        15        10    -0.5577E-01
        15        11    -0.2183E-16
        15        12     0.5577E-01
        15        13     0.1102E+00
        15        14     0.1619E+00
        15        15     0.2096E+00
        15        16     0.2521E+00
        15        17     0.2884E+00
        15        18     0.3177E+00
        15        19     0.3391E+00
        15        20     0.3521E+00
        15        21     0.3565E+00
        16         1    -0.4289E+00
        16         2    -0.4236E+00
        16         3    -0.4079E+00
        16         4    -0.3821E+00
        16         5    -0.3470E+00
        16         6    -0.3033E+00
        16         7    -0.2521E+00
        16         8    -0.1947E+00
        16         9    -0.1325E+00
        16        10    -0.6709E-01
        16        11    -0.2626E-16
        16        12     0.6709E-01
        16        13     0.1325E+00
        16        14     0.1947E+00
        16        15     0.2521E+00
        16        16     0.3033E+00
        16        17     0.3470E+00
        16        18     0.3821E+00
        16        19     0.4079E+00
        16        20     0.4236E+00
        16        21     0.4289E+00
        17         1    -0.4907E+00
        17         2    -0.4847E+00
        17         3    -0.4667E+00
        17         4    -0.4372E+00
        17         5    -0.3970E+00
        17         6    -0.3470E+00
        17         7    -0.2884E+00
        17         8    -0.2228E+00
        17         9    -0.1516E+00
        17        10    -0.7676E-01
        17        11    -0.3005E-16
        17        12     0.7676E-01
        17        13     0.1516E+00
        17        14     0.2228E+00
        17        15     0.2884E+00
        17        16     0.3470E+00
        17        17     0.3970E+00
        17        18     0.4372E+00
        17        19     0.4667E+00
        17        20     0.4847E+00
        17        21     0.4907E+00
        18         1    -0.5404E+00
        18         2    -0.5338E+00
        18         3    -0.5140E+00
        18         4    -0.4815E+00
        18         5    -0.4372E+00
        18         6    -0.3821E+00
        18         7    -0.3177E+00
        18         8    -0.2453E+00
        18         9    -0.1670E+00
        18        10    -0.8454E-01
        18        11    -0.3309E-16
        18        12     0.8454E-01
        18        13     0.1670E+00
        18        14     0.2453E+00
        18        15     0.3177E+00
        18        16     0.3821E+00
        18        17     0.4372E+00
        18        18     0.4815E+00
        18        19     0.5140E+00
        18        20     0.5338E+00
        18        21     0.5404E+00
        19         1    -0.5768E+00
        19         2    -0.5697E+00
        19         3    -0.5486E+00
        19         4    -0.5140E+00
        19         5    -0.4667E+00
        19         6    -0.4079E+00
        19         7    -0.3391E+00
        19         8    -0.2619E+00
        19         9    -0.1783E+00
        19        10    -0.9024E-01
        19        11    -0.3532E-16
        19        12     0.9024E-01
        19        13     0.1783E+00
        19        14     0.2619E+00
        19        15     0.3391E+00
        19        16     0.4079E+00
        19        17     0.4667E+00
        19        18     0.5140E+00
        19        19     0.5486E+00
        19        20     0.5697E+00
        19        21     0.5768E+00
        20         1    -0.5991E+00
        20         2    -0.5917E+00
        20         3    -0.5697E+00
        20         4    -0.5338E+00
        20         5    -0.4847E+00
        20         6    -0.4236E+00
        20         7    -0.3521E+00
        20         8    -0.2720E+00
        20         9    -0.1851E+00
        20        10    -0.9371E-01
        20        11    -0.3668E-16
        20        12     0.9371E-01
        20        13     0.1851E+00
        20        14     0.2720E+00
        20        15     0.3521E+00
        20        16     0.4236E+00
        20        17     0.4847E+00
        20        18     0.5338E+00
        20        19     0.5697E+00
        20        20     0.5917E+00
        20        21     0.5991E+00
        21         1    -0.6065E+00
        21         2    -0.5991E+00
        21         3    -0.5768E+00
        21         4    -0.5404E+00
        21         5    -0.4907E+00
        21         6    -0.4289E+00
        21         7    -0.3565E+00
        21         8    -0.2754E+00
        21         9    -0.1874E+00
        21        10    -0.9488E-01
        21        11    -0.3714E-16
        21        12     0.9488E-01
        21        13     0.1874E+00
        21        14     0.2754E+00
        21        15     0.3565E+00
        21        16     0.4289E+00
        21        17     0.4907E+00
        21        18     0.5404E+00
        21        19     0.5768E+00
        21        20     0.5991E+00
        21        21     0.6065E+00
