9.069891e-01 8.958210e-01 8.625918e-01 8.081194e-01 7.337449e-01 6.412992e-01 5.330581e-01 4.116863e-01 2.801715e-01 1.417512e-01 -1.673572e-04 -1.420905e-01 -2.805246e-01 -4.120614e-01 -5.334622e-01 -6.417368e-01 -7.342176e-01 -8.086253e-01 -8.631250e-01 -8.963722e-01 -9.075465e-01 
8.958210e-01 8.847905e-01 8.519703e-01 7.981686e-01 7.247098e-01 6.334023e-01 5.264940e-01 4.066165e-01 2.767209e-01 1.400048e-01 -1.664618e-04 -1.403423e-01 -2.770719e-01 -4.069891e-01 -5.268950e-01 -6.338362e-01 -7.251782e-01 -7.986694e-01 -8.524978e-01 -8.853355e-01 -8.963722e-01 
8.625918e-01 8.519703e-01 8.203675e-01 7.685613e-01 6.978271e-01 6.099062e-01 5.069631e-01 3.915318e-01 2.664539e-01 1.348085e-01 -1.638675e-04 -1.351406e-01 -2.667988e-01 -3.918972e-01 -5.073553e-01 -6.103295e-01 -6.982828e-01 -7.690474e-01 -8.208786e-01 -8.524978e-01 -8.631249e-01 
8.081194e-01 7.981686e-01 7.685613e-01 7.200263e-01 6.537585e-01 5.713892e-01 4.749461e-01 3.668034e-01 2.496232e-01 1.262901e-01 -1.598397e-04 -1.266138e-01 -2.499587e-01 -3.671577e-01 -4.753249e-01 -5.717962e-01 -6.541948e-01 -7.204900e-01 -7.690474e-01 -7.986694e-01 -8.086253e-01 
7.337449e-01 7.247098e-01 6.978271e-01 6.537585e-01 5.935889e-01 5.187995e-01 4.312313e-01 3.330401e-01 2.266430e-01 1.146591e-01 -1.547861e-04 -1.149723e-01 -2.269667e-01 -3.333805e-01 -4.315934e-01 -5.191863e-01 -5.940014e-01 -6.541948e-01 -6.982828e-01 -7.251782e-01 -7.342176e-01 
6.412992e-01 6.334023e-01 6.099062e-01 5.713892e-01 5.187995e-01 4.534316e-01 3.768947e-01 2.910729e-01 1.980787e-01 1.002016e-01 -1.492116e-04 -1.005031e-01 -1.983894e-01 -2.913980e-01 -3.772385e-01 -4.537966e-01 -5.191863e-01 -5.717962e-01 -6.103295e-01 -6.338362e-01 -6.417367e-01 
5.330581e-01 5.264940e-01 5.069631e-01 4.749461e-01 4.312313e-01 3.768947e-01 3.132738e-01 2.419347e-01 1.646335e-01 8.327304e-02 -1.436647e-04 -8.356305e-02 -1.649313e-01 -2.422448e-01 -3.135998e-01 -3.772385e-01 -4.315933e-01 -4.753249e-01 -5.073553e-01 -5.268949e-01 -5.334621e-01 
4.116863e-01 4.066165e-01 3.915318e-01 3.668034e-01 3.330401e-01 2.910729e-01 2.419347e-01 1.868350e-01 1.271302e-01 6.429001e-02 -1.386831e-04 -6.456967e-02 -1.274166e-01 -1.871318e-01 -2.422448e-01 -2.913980e-01 -3.333805e-01 -3.671576e-01 -3.918971e-01 -4.069890e-01 -4.120614e-01 
2.801715e-01 2.767209e-01 2.664539e-01 2.496232e-01 2.266430e-01 1.980787e-01 1.646335e-01 1.271302e-01 8.649217e-02 4.371954e-02 -1.347432e-04 -4.399101e-02 -8.676943e-02 -1.274166e-01 -1.649313e-01 -1.983894e-01 -2.269666e-01 -2.499586e-01 -2.667987e-01 -2.770718e-01 -2.805245e-01 
1.417512e-01 1.400048e-01 1.348085e-01 1.262901e-01 1.146591e-01 1.002016e-01 8.327304e-02 6.429001e-02 4.371954e-02 2.206782e-02 -1.322177e-04 -2.233406e-02 -4.399100e-02 -6.456964e-02 -8.356301e-02 -1.005031e-01 -1.149722e-01 -1.266137e-01 -1.351405e-01 -1.403422e-01 -1.420904e-01 
-1.673572e-04 -1.664618e-04 -1.638675e-04 -1.598397e-04 -1.547861e-04 -1.492116e-04 -1.436647e-04 -1.386831e-04 -1.347432e-04 -1.322177e-04 -1.313438e-04 -1.322027e-04 -1.347135e-04 -1.386395e-04 -1.436082e-04 -1.491436e-04 -1.547083e-04 -1.597539e-04 -1.637759e-04 -1.663666e-04 -1.672613e-04 
-1.420905e-01 -1.403423e-01 -1.351406e-01 -1.266138e-01 -1.149723e-01 -1.005031e-01 -8.356305e-02 -6.456967e-02 -4.399101e-02 -2.233406e-02 -1.322027e-04 2.206785e-02 4.371958e-02 6.429007e-02 8.327311e-02 1.002016e-01 1.146592e-01 1.262902e-01 1.348086e-01 1.400049e-01 1.417513e-01 
-2.805246e-01 -2.770719e-01 -2.667988e-01 -2.499587e-01 -2.269667e-01 -1.983894e-01 -1.649313e-01 -1.274166e-01 -8.676943e-02 -4.399100e-02 -1.347135e-04 4.371958e-02 8.649223e-02 1.271303e-01 1.646335e-01 1.980788e-01 2.266431e-01 2.496233e-01 2.664540e-01 2.767210e-01 2.801716e-01 
-4.120614e-01 -4.069891e-01 -3.918972e-01 -3.671577e-01 -3.333805e-01 -2.913980e-01 -2.422448e-01 -1.871318e-01 -1.274166e-01 -6.456964e-02 -1.386395e-04 6.429007e-02 1.271303e-01 1.868351e-01 2.419348e-01 2.910730e-01 3.330402e-01 3.668035e-01 3.915319e-01 4.066166e-01 4.116864e-01 
-5.334622e-01 -5.268950e-01 -5.073553e-01 -4.753249e-01 -4.315934e-01 -3.772385e-01 -3.135998e-01 -2.422448e-01 -1.649313e-01 -8.356301e-02 -1.436082e-04 8.327311e-02 1.646335e-01 2.419348e-01 3.132739e-01 3.768948e-01 4.312315e-01 4.749463e-01 5.069632e-01 5.264941e-01 5.330583e-01 
-6.417368e-01 -6.338362e-01 -6.103295e-01 -5.717962e-01 -5.191863e-01 -4.537966e-01 -3.772385e-01 -2.913980e-01 -1.983894e-01 -1.005031e-01 -1.491436e-04 1.002016e-01 1.980788e-01 2.910730e-01 3.768948e-01 4.534317e-01 5.187996e-01 5.713894e-01 6.099064e-01 6.334025e-01 6.412993e-01 
-7.342176e-01 -7.251782e-01 -6.982828e-01 -6.541948e-01 -5.940014e-01 -5.191863e-01 -4.315933e-01 -3.333805e-01 -2.269666e-01 -1.149722e-01 -1.547083e-04 1.146592e-01 2.266431e-01 3.330402e-01 4.312315e-01 5.187996e-01 5.935891e-01 6.537587e-01 6.978272e-01 7.247099e-01 7.337450e-01 
-8.086253e-01 -7.986694e-01 -7.690474e-01 -7.204900e-01 -6.541948e-01 -5.717962e-01 -4.753249e-01 -3.671576e-01 -2.499586e-01 -1.266137e-01 -1.597539e-04 1.262902e-01 2.496233e-01 3.668035e-01 4.749463e-01 5.713894e-01 6.537587e-01 7.200265e-01 7.685614e-01 7.981687e-01 8.081195e-01 
-8.631250e-01 -8.524978e-01 -8.208786e-01 -7.690474e-01 -6.982828e-01 -6.103295e-01 -5.073553e-01 -3.918971e-01 -2.667987e-01 -1.351405e-01 -1.637759e-04 1.348086e-01 2.664540e-01 3.915319e-01 5.069632e-01 6.099064e-01 6.978272e-01 7.685614e-01 8.203676e-01 8.519705e-01 8.625919e-01 
-8.963722e-01 -8.853355e-01 -8.524978e-01 -7.986694e-01 -7.251782e-01 -6.338362e-01 -5.268949e-01 -4.069890e-01 -2.770718e-01 -1.403422e-01 -1.663666e-04 1.400049e-01 2.767210e-01 4.066166e-01 5.264941e-01 6.334025e-01 7.247099e-01 7.981687e-01 8.519705e-01 8.847906e-01 8.958212e-01 
-9.075465e-01 -8.963722e-01 -8.631249e-01 -8.086253e-01 -7.342176e-01 -6.417367e-01 -5.334621e-01 -4.120614e-01 -2.805245e-01 -1.420904e-01 -1.672613e-04 1.417513e-01 2.801716e-01 4.116864e-01 5.330583e-01 6.412993e-01 7.337450e-01 8.081195e-01 8.625919e-01 8.958212e-01 9.069892e-01 
