9.051623e-01 9.023718e-01 8.940176e-01 8.801511e-01 8.608577e-01 8.362564e-01 8.064986e-01 7.717679e-01 7.322781e-01 6.882727e-01 6.400227e-01 5.878256e-01 5.320030e-01 4.728989e-01 4.108776e-01 3.463212e-01 2.796279e-01 2.112085e-01 1.414848e-01 7.088669e-02 -1.506988e-04 -7.118941e-02 -1.417915e-01 -2.115216e-01 -2.799499e-01 -3.466543e-01 -4.112236e-01 -4.732595e-01 -5.323794e-01 -5.882188e-01 -6.404331e-01 -6.887004e-01 -7.327227e-01 -7.722286e-01 -8.069743e-01 -8.367454e-01 -8.613582e-01 -8.806609e-01 -8.945342e-01 -9.028925e-01 -9.056844e-01 
9.023718e-01 8.995900e-01 8.912615e-01 8.774377e-01 8.582038e-01 8.336783e-01 8.040123e-01 7.693886e-01 7.300205e-01 6.861508e-01 6.380495e-01 5.860133e-01 5.303628e-01 4.714409e-01 4.096107e-01 3.452534e-01 2.787656e-01 2.105572e-01 1.410484e-01 7.066794e-02 -1.504673e-04 -7.097019e-02 -1.413546e-01 -2.108698e-01 -2.790871e-01 -3.455859e-01 -4.099561e-01 -4.718007e-01 -5.307384e-01 -5.864057e-01 -6.384590e-01 -6.865775e-01 -7.304641e-01 -7.698482e-01 -8.044868e-01 -8.341661e-01 -8.587030e-01 -8.779461e-01 -8.917767e-01 -9.001093e-01 -9.028925e-01 
8.940176e-01 8.912615e-01 8.830101e-01 8.693143e-01 8.502584e-01 8.259599e-01 7.965686e-01 7.622654e-01 7.232618e-01 6.797981e-01 6.321422e-01 5.805877e-01 5.254523e-01 4.670758e-01 4.058181e-01 3.420566e-01 2.761843e-01 2.086072e-01 1.397420e-01 7.001302e-02 -1.497786e-04 -7.031388e-02 -1.400467e-01 -2.089183e-01 -2.765041e-01 -3.423873e-01 -4.061615e-01 -4.674336e-01 -5.258257e-01 -5.809775e-01 -6.325489e-01 -6.802219e-01 -7.237022e-01 -7.627217e-01 -7.970395e-01 -8.264441e-01 -8.507538e-01 -8.698187e-01 -8.835212e-01 -8.917767e-01 -8.945342e-01 
8.801511e-01 8.774377e-01 8.693143e-01 8.558309e-01 8.370705e-01 8.131489e-01 7.842133e-01 7.504422e-01 7.120435e-01 6.692539e-01 6.223370e-01 5.715821e-01 5.173018e-01 4.598307e-01 3.995230e-01 3.367503e-01 2.718996e-01 2.053707e-01 1.375735e-01 6.892597e-02 -1.486497e-04 -6.922454e-02 -1.378759e-01 -2.056793e-01 -2.722168e-01 -3.370781e-01 -3.998633e-01 -4.601850e-01 -5.176714e-01 -5.719678e-01 -6.227393e-01 -6.696728e-01 -7.124787e-01 -7.508930e-01 -7.846785e-01 -8.136269e-01 -8.375596e-01 -8.563288e-01 -8.698187e-01 -8.779461e-01 -8.806609e-01 
8.608577e-01 8.582038e-01 8.502584e-01 8.370705e-01 8.187214e-01 7.953241e-01 7.670227e-01 7.339918e-01 6.964347e-01 6.545830e-01 6.086945e-01 5.590520e-01 5.059614e-01 4.497500e-01 3.907642e-01 3.293674e-01 2.659382e-01 2.008674e-01 1.345563e-01 6.741346e-02 -1.471086e-04 -6.770892e-02 -1.348554e-01 -2.011727e-01 -2.662517e-01 -3.296913e-01 -3.911002e-01 -4.500997e-01 -5.063259e-01 -5.594321e-01 -6.090907e-01 -6.549954e-01 -6.968629e-01 -7.344351e-01 -7.674800e-01 -7.957938e-01 -8.192019e-01 -8.375596e-01 -8.507538e-01 -8.587030e-01 -8.613582e-01 
8.362564e-01 8.336783e-01 8.259599e-01 8.131489e-01 7.953241e-01 7.725953e-01 7.451027e-01 7.130156e-01 6.765317e-01 6.358759e-01 5.912986e-01 5.430746e-01 4.915012e-01 4.368960e-01 3.795957e-01 3.199533e-01 2.583366e-01 1.951253e-01 1.307090e-01 6.548479e-02 -1.451934e-04 -6.577637e-02 -1.310041e-01 -1.954263e-01 -2.586456e-01 -3.202723e-01 -3.799263e-01 -4.372398e-01 -4.918593e-01 -5.434478e-01 -5.916873e-01 -6.362801e-01 -6.769512e-01 -7.134496e-01 -7.455502e-01 -7.730548e-01 -7.957938e-01 -8.136269e-01 -8.264441e-01 -8.341661e-01 -8.367454e-01 
8.064986e-01 8.040123e-01 7.965686e-01 7.842133e-01 7.670227e-01 7.451027e-01 7.185883e-01 6.876428e-01 6.524570e-01 6.132478e-01 5.702566e-01 5.237485e-01 4.740100e-01 4.213478e-01 3.660862e-01 3.085660e-01 2.491417e-01 1.881795e-01 1.260552e-01 6.315181e-02 -1.429515e-04 -6.343886e-02 -1.263457e-01 -1.884756e-01 -2.494454e-01 -3.088793e-01 -3.664107e-01 -4.216848e-01 -4.743607e-01 -5.241136e-01 -5.706365e-01 -6.136425e-01 -6.528664e-01 -6.880660e-01 -7.190242e-01 -7.455501e-01 -7.674800e-01 -7.846785e-01 -7.970395e-01 -8.044868e-01 -8.069743e-01 
7.717679e-01 7.693886e-01 7.622654e-01 7.504422e-01 7.339918e-01 7.130156e-01 6.876428e-01 6.580298e-01 6.243591e-01 5.868382e-01 5.456982e-01 5.011926e-01 4.535959e-01 4.032012e-01 3.503191e-01 2.952757e-01 2.384101e-01 1.800729e-01 1.206237e-01 6.042887e-02 -1.404382e-04 -6.071084e-02 -1.209089e-01 -1.803635e-01 -2.387079e-01 -2.955825e-01 -3.506366e-01 -4.035305e-01 -4.539382e-01 -5.015486e-01 -5.460682e-01 -5.872223e-01 -6.247570e-01 -6.584409e-01 -6.880660e-01 -7.134496e-01 -7.344351e-01 -7.508929e-01 -7.627217e-01 -7.698482e-01 -7.722286e-01 
7.322781e-01 7.300205e-01 7.232618e-01 7.120435e-01 6.964347e-01 6.765317e-01 6.524570e-01 6.243591e-01 5.924111e-01 5.568098e-01 5.177746e-01 4.755460e-01 4.303844e-01 3.825680e-01 3.323915e-01 2.801642e-01 2.262080e-01 1.708555e-01 1.144478e-01 5.733271e-02 -1.377156e-04 -5.760917e-02 -1.147273e-01 -1.711400e-01 -2.264994e-01 -2.804641e-01 -3.327014e-01 -3.828891e-01 -4.307177e-01 -4.758922e-01 -5.181339e-01 -5.571824e-01 -5.927966e-01 -6.247570e-01 -6.528663e-01 -6.769512e-01 -6.968629e-01 -7.124787e-01 -7.237022e-01 -7.304641e-01 -7.327227e-01 
6.882727e-01 6.861508e-01 6.797981e-01 6.692539e-01 6.545830e-01 6.358759e-01 6.132478e-01 5.868382e-01 5.568098e-01 5.233476e-01 4.866579e-01 4.469667e-01 4.045187e-01 3.595754e-01 3.124139e-01 2.633247e-01 2.126106e-01 1.605840e-01 1.075656e-01 5.388237e-02 -1.348510e-04 -5.415303e-02 -1.078391e-01 -1.608622e-01 -2.128952e-01 -2.636173e-01 -3.127158e-01 -3.598878e-01 -4.048425e-01 -4.473025e-01 -4.870060e-01 -5.237081e-01 -5.571824e-01 -5.872223e-01 -6.136425e-01 -6.362801e-01 -6.549954e-01 -6.696728e-01 -6.802218e-01 -6.865774e-01 -6.887003e-01 
6.400227e-01 6.380495e-01 6.321422e-01 6.223370e-01 6.086945e-01 5.912986e-01 5.702566e-01 5.456982e-01 5.177746e-01 4.866579e-01 4.525399e-01 4.156308e-01 3.761581e-01 3.343651e-01 2.905092e-01 2.448609e-01 1.977015e-01 1.493216e-01 1.000195e-01 5.009907e-02 -1.319148e-04 -5.036379e-02 -1.002869e-01 -1.495933e-01 -1.979791e-01 -2.451460e-01 -2.908030e-01 -3.346685e-01 -3.764722e-01 -4.159560e-01 -4.528765e-01 -4.870060e-01 -5.181339e-01 -5.460682e-01 -5.706365e-01 -5.916873e-01 -6.090907e-01 -6.227393e-01 -6.325489e-01 -6.384590e-01 -6.404331e-01 
5.878256e-01 5.860133e-01 5.805877e-01 5.715821e-01 5.590520e-01 5.430746e-01 5.237485e-01 5.011926e-01 4.755460e-01 4.469667e-01 4.156308e-01 3.817314e-01 3.454774e-01 3.070923e-01 2.668126e-01 2.248866e-01 1.815726e-01 1.371378e-01 9.185587e-02 4.600607e-02 -1.289794e-04 -4.626485e-02 -9.211710e-02 -1.374030e-01 -1.818434e-01 -2.251642e-01 -2.670982e-01 -3.073869e-01 -3.457818e-01 -3.820460e-01 -4.159560e-01 -4.473025e-01 -4.758921e-01 -5.015486e-01 -5.241135e-01 -5.434478e-01 -5.594321e-01 -5.719677e-01 -5.809775e-01 -5.864056e-01 -5.882187e-01 
5.320030e-01 5.303628e-01 5.254523e-01 5.173018e-01 5.059614e-01 4.915012e-01 4.740100e-01 4.535959e-01 4.303844e-01 4.045187e-01 3.761581e-01 3.454774e-01 3.126658e-01 2.779253e-01 2.414700e-01 2.035248e-01 1.643235e-01 1.241076e-01 8.312506e-02 4.162856e-02 -1.261170e-04 -4.188155e-02 -8.338030e-02 -1.243665e-01 -1.645874e-01 -2.037951e-01 -2.417477e-01 -2.782112e-01 -3.129606e-01 -3.457818e-01 -3.764721e-01 -4.048424e-01 -4.307176e-01 -4.539381e-01 -4.743607e-01 -4.918592e-01 -5.063259e-01 -5.176713e-01 -5.258256e-01 -5.307384e-01 -5.323794e-01 
4.728989e-01 4.714409e-01 4.670758e-01 4.598307e-01 4.497500e-01 4.368960e-01 4.213478e-01 4.032012e-01 3.825680e-01 3.595754e-01 3.343651e-01 3.070923e-01 2.779253e-01 2.470436e-01 2.146377e-01 1.809073e-01 1.460602e-01 1.103112e-01 7.388082e-02 3.699347e-02 -1.233979e-04 -3.724096e-02 -7.413038e-02 -1.105642e-01 -1.463178e-01 -1.811706e-01 -2.149078e-01 -2.473213e-01 -2.782112e-01 -3.073869e-01 -3.346685e-01 -3.598878e-01 -3.828891e-01 -4.035305e-01 -4.216847e-01 -4.372398e-01 -4.500996e-01 -4.601850e-01 -4.674336e-01 -4.718007e-01 -4.732594e-01 
4.108776e-01 4.096107e-01 4.058181e-01 3.995230e-01 3.907642e-01 3.795957e-01 3.660862e-01 3.503191e-01 3.323915e-01 3.124139e-01 2.905092e-01 2.668126e-01 2.414700e-01 2.146377e-01 1.864809e-01 1.571733e-01 1.268954e-01 9.583380e-02 6.418009e-02 3.212933e-02 -1.208888e-04 -3.237175e-02 -6.442440e-02 -9.608123e-02 -1.271470e-01 -1.574302e-01 -1.867441e-01 -2.149078e-01 -2.417477e-01 -2.670982e-01 -2.908029e-01 -3.127157e-01 -3.327014e-01 -3.506365e-01 -3.664106e-01 -3.799263e-01 -3.911001e-01 -3.998632e-01 -4.061615e-01 -4.099560e-01 -4.112235e-01 
3.463212e-01 3.452534e-01 3.420566e-01 3.367503e-01 3.293674e-01 3.199533e-01 3.085660e-01 2.952757e-01 2.801642e-01 2.633247e-01 2.448609e-01 2.248866e-01 2.035248e-01 1.809073e-01 1.571733e-01 1.324691e-01 1.069471e-01 8.076447e-02 5.408264e-02 2.706608e-02 -1.186512e-04 -2.730397e-02 -5.432227e-02 -8.100696e-02 -1.071935e-01 -1.327204e-01 -1.574302e-01 -1.811706e-01 -2.037951e-01 -2.251641e-01 -2.451460e-01 -2.636172e-01 -2.804641e-01 -2.955825e-01 -3.088792e-01 -3.202722e-01 -3.296912e-01 -3.370781e-01 -3.423872e-01 -3.455858e-01 -3.466542e-01 
2.796279e-01 2.787656e-01 2.761843e-01 2.718996e-01 2.659382e-01 2.583366e-01 2.491417e-01 2.384101e-01 2.262080e-01 2.126106e-01 1.977015e-01 1.815726e-01 1.643235e-01 1.460602e-01 1.268954e-01 1.069471e-01 8.633833e-02 6.519609e-02 4.365068e-02 2.183490e-02 -1.167400e-04 -2.206893e-02 -4.388631e-02 -6.543437e-02 -8.658023e-02 -1.071935e-01 -1.271470e-01 -1.463177e-01 -1.645874e-01 -1.818434e-01 -1.979791e-01 -2.128951e-01 -2.264993e-01 -2.387079e-01 -2.494453e-01 -2.586455e-01 -2.662516e-01 -2.722167e-01 -2.765040e-01 -2.790870e-01 -2.799498e-01 
2.112085e-01 2.105572e-01 2.086072e-01 2.053707e-01 2.008674e-01 1.951253e-01 1.881795e-01 1.800729e-01 1.708555e-01 1.605840e-01 1.493216e-01 1.371378e-01 1.241076e-01 1.103112e-01 9.583380e-02 8.076447e-02 6.519609e-02 4.922461e-02 3.294848e-02 1.646801e-02 -1.152019e-04 -1.669892e-02 -3.318090e-02 -4.945951e-02 -6.543436e-02 -8.100695e-02 -9.608121e-02 -1.105642e-01 -1.243665e-01 -1.374030e-01 -1.495933e-01 -1.608621e-01 -1.711400e-01 -1.803634e-01 -1.884755e-01 -1.954262e-01 -2.011726e-01 -2.056792e-01 -2.089183e-01 -2.108697e-01 -2.115215e-01 
1.414848e-01 1.410484e-01 1.397420e-01 1.375735e-01 1.345563e-01 1.307090e-01 1.260552e-01 1.206237e-01 1.144478e-01 1.075656e-01 1.000195e-01 9.185587e-02 8.312506e-02 7.388082e-02 6.418009e-02 5.408264e-02 4.365068e-02 3.294848e-02 2.204200e-02 1.099846e-02 -1.140745e-04 -1.122709e-02 -2.227206e-02 -3.318089e-02 -4.388630e-02 -5.432225e-02 -6.442437e-02 -7.413034e-02 -8.338026e-02 -9.211706e-02 -1.002868e-01 -1.078391e-01 -1.147273e-01 -1.209088e-01 -1.263456e-01 -1.310040e-01 -1.348554e-01 -1.378758e-01 -1.400466e-01 -1.413545e-01 -1.417914e-01 
7.088669e-02 7.066794e-02 7.001302e-02 6.892597e-02 6.741346e-02 6.548479e-02 6.315181e-02 6.042887e-02 5.733271e-02 5.388237e-02 5.009907e-02 4.600607e-02 4.162856e-02 3.699347e-02 3.212933e-02 2.706608e-02 2.183490e-02 1.646801e-02 1.099846e-02 5.459947e-03 -1.133854e-04 -5.687183e-03 -1.122708e-02 -1.669891e-02 -2.206891e-02 -2.730394e-02 -3.237171e-02 -3.724092e-02 -4.188150e-02 -4.626480e-02 -5.036373e-02 -5.415297e-02 -5.760910e-02 -6.071076e-02 -6.343878e-02 -6.577629e-02 -6.770883e-02 -6.922446e-02 -7.031379e-02 -7.097010e-02 -7.118932e-02 
-1.506988e-04 -1.504673e-04 -1.497786e-04 -1.486497e-04 -1.471086e-04 -1.451934e-04 -1.429515e-04 -1.404382e-04 -1.377156e-04 -1.348510e-04 -1.319148e-04 -1.289794e-04 -1.261170e-04 -1.233979e-04 -1.208888e-04 -1.186512e-04 -1.167400e-04 -1.152019e-04 -1.140745e-04 -1.133854e-04 -1.131513e-04 -1.133779e-04 -1.140595e-04 -1.151795e-04 -1.167104e-04 -1.186145e-04 -1.208452e-04 -1.233478e-04 -1.260606e-04 -1.289171e-04 -1.318470e-04 -1.347780e-04 -1.376380e-04 -1.403563e-04 -1.428659e-04 -1.451047e-04 -1.470173e-04 -1.485563e-04 -1.496837e-04 -1.503715e-04 -1.506029e-04 
-7.118941e-02 -7.097019e-02 -7.031388e-02 -6.922454e-02 -6.770892e-02 -6.577637e-02 -6.343886e-02 -6.071084e-02 -5.760917e-02 -5.415303e-02 -5.036379e-02 -4.626485e-02 -4.188155e-02 -3.724096e-02 -3.237175e-02 -2.730397e-02 -2.206893e-02 -1.669892e-02 -1.122709e-02 -5.687183e-03 -1.133779e-04 5.459962e-03 1.099848e-02 1.646804e-02 2.183494e-02 2.706613e-02 3.212938e-02 3.699353e-02 4.162862e-02 4.600614e-02 5.009914e-02 5.388245e-02 5.733280e-02 6.042896e-02 6.315190e-02 6.548488e-02 6.741355e-02 6.892607e-02 7.001312e-02 7.066804e-02 7.088679e-02 
-1.417915e-01 -1.413546e-01 -1.400467e-01 -1.378759e-01 -1.348554e-01 -1.310041e-01 -1.263457e-01 -1.209089e-01 -1.147273e-01 -1.078391e-01 -1.002869e-01 -9.211710e-02 -8.338030e-02 -7.413038e-02 -6.442440e-02 -5.432227e-02 -4.388631e-02 -3.318090e-02 -2.227206e-02 -1.122708e-02 -1.140595e-04 1.099848e-02 2.204203e-02 3.294851e-02 4.365072e-02 5.408269e-02 6.418015e-02 7.388088e-02 8.312513e-02 9.185595e-02 1.000196e-01 1.075657e-01 1.144479e-01 1.206238e-01 1.260553e-01 1.307091e-01 1.345564e-01 1.375736e-01 1.397421e-01 1.410485e-01 1.414849e-01 
-2.115216e-01 -2.108698e-01 -2.089183e-01 -2.056793e-01 -2.011727e-01 -1.954263e-01 -1.884756e-01 -1.803635e-01 -1.711400e-01 -1.608622e-01 -1.495933e-01 -1.374030e-01 -1.243665e-01 -1.105642e-01 -9.608123e-02 -8.100696e-02 -6.543437e-02 -4.945951e-02 -3.318089e-02 -1.669891e-02 -1.151795e-04 1.646804e-02 3.294851e-02 4.922466e-02 6.519614e-02 8.076452e-02 9.583387e-02 1.103113e-01 1.241076e-01 1.371379e-01 1.493217e-01 1.605841e-01 1.708556e-01 1.800730e-01 1.881796e-01 1.951254e-01 2.008675e-01 2.053708e-01 2.086073e-01 2.105573e-01 2.112086e-01 
-2.799499e-01 -2.790871e-01 -2.765041e-01 -2.722168e-01 -2.662517e-01 -2.586456e-01 -2.494454e-01 -2.387079e-01 -2.264994e-01 -2.128952e-01 -1.979791e-01 -1.818434e-01 -1.645874e-01 -1.463178e-01 -1.271470e-01 -1.071935e-01 -8.658023e-02 -6.543436e-02 -4.388630e-02 -2.206891e-02 -1.167104e-04 2.183494e-02 4.365072e-02 6.519614e-02 8.633839e-02 1.069472e-01 1.268954e-01 1.460602e-01 1.643235e-01 1.815727e-01 1.977016e-01 2.126107e-01 2.262081e-01 2.384102e-01 2.491418e-01 2.583367e-01 2.659383e-01 2.718998e-01 2.761844e-01 2.787657e-01 2.796280e-01 
-3.466543e-01 -3.455859e-01 -3.423873e-01 -3.370781e-01 -3.296913e-01 -3.202723e-01 -3.088793e-01 -2.955825e-01 -2.804641e-01 -2.636173e-01 -2.451460e-01 -2.251642e-01 -2.037951e-01 -1.811706e-01 -1.574302e-01 -1.327204e-01 -1.071935e-01 -8.100695e-02 -5.432225e-02 -2.730394e-02 -1.186145e-04 2.706613e-02 5.408269e-02 8.076452e-02 1.069472e-01 1.324692e-01 1.571733e-01 1.809073e-01 2.035249e-01 2.248867e-01 2.448610e-01 2.633248e-01 2.801643e-01 2.952758e-01 3.085661e-01 3.199534e-01 3.293675e-01 3.367504e-01 3.420567e-01 3.452535e-01 3.463214e-01 
-4.112236e-01 -4.099561e-01 -4.061615e-01 -3.998633e-01 -3.911002e-01 -3.799263e-01 -3.664107e-01 -3.506366e-01 -3.327014e-01 -3.127158e-01 -2.908030e-01 -2.670982e-01 -2.417477e-01 -2.149078e-01 -1.867441e-01 -1.574302e-01 -1.271470e-01 -9.608121e-02 -6.442437e-02 -3.237171e-02 -1.208452e-04 3.212938e-02 6.418015e-02 9.583387e-02 1.268954e-01 1.571733e-01 1.864810e-01 2.146378e-01 2.414701e-01 2.668127e-01 2.905093e-01 3.124140e-01 3.323916e-01 3.503193e-01 3.660863e-01 3.795958e-01 3.907643e-01 3.995231e-01 4.058182e-01 4.096109e-01 4.108777e-01 
-4.732595e-01 -4.718007e-01 -4.674336e-01 -4.601850e-01 -4.500997e-01 -4.372398e-01 -4.216848e-01 -4.035305e-01 -3.828891e-01 -3.598878e-01 -3.346685e-01 -3.073869e-01 -2.782112e-01 -2.473213e-01 -2.149078e-01 -1.811706e-01 -1.463177e-01 -1.105642e-01 -7.413034e-02 -3.724092e-02 -1.233478e-04 3.699353e-02 7.388088e-02 1.103113e-01 1.460602e-01 1.809073e-01 2.146378e-01 2.470437e-01 2.779254e-01 3.070924e-01 3.343652e-01 3.595755e-01 3.825681e-01 4.032013e-01 4.213479e-01 4.368961e-01 4.497501e-01 4.598308e-01 4.670760e-01 4.714410e-01 4.728990e-01 
-5.323794e-01 -5.307384e-01 -5.258257e-01 -5.176714e-01 -5.063259e-01 -4.918593e-01 -4.743607e-01 -4.539382e-01 -4.307177e-01 -4.048425e-01 -3.764722e-01 -3.457818e-01 -3.129606e-01 -2.782112e-01 -2.417477e-01 -2.037951e-01 -1.645874e-01 -1.243665e-01 -8.338026e-02 -4.188150e-02 -1.260606e-04 4.162862e-02 8.312513e-02 1.241076e-01 1.643235e-01 2.035249e-01 2.414701e-01 2.779254e-01 3.126659e-01 3.454775e-01 3.761582e-01 4.045188e-01 4.303845e-01 4.535960e-01 4.740102e-01 4.915013e-01 5.059616e-01 5.173019e-01 5.254524e-01 5.303629e-01 5.320031e-01 
-5.882188e-01 -5.864057e-01 -5.809775e-01 -5.719678e-01 -5.594321e-01 -5.434478e-01 -5.241136e-01 -5.015486e-01 -4.758922e-01 -4.473025e-01 -4.159560e-01 -3.820460e-01 -3.457818e-01 -3.073869e-01 -2.670982e-01 -2.251641e-01 -1.818434e-01 -1.374030e-01 -9.211706e-02 -4.626480e-02 -1.289171e-04 4.600614e-02 9.185595e-02 1.371379e-01 1.815727e-01 2.248867e-01 2.668127e-01 3.070924e-01 3.454775e-01 3.817315e-01 4.156309e-01 4.469668e-01 4.755461e-01 5.011928e-01 5.237486e-01 5.430748e-01 5.590521e-01 5.715822e-01 5.805878e-01 5.860135e-01 5.878257e-01 
-6.404331e-01 -6.384590e-01 -6.325489e-01 -6.227393e-01 -6.090907e-01 -5.916873e-01 -5.706365e-01 -5.460682e-01 -5.181339e-01 -4.870060e-01 -4.528765e-01 -4.159560e-01 -3.764721e-01 -3.346685e-01 -2.908029e-01 -2.451460e-01 -1.979791e-01 -1.495933e-01 -1.002868e-01 -5.036373e-02 -1.318470e-04 5.009914e-02 1.000196e-01 1.493217e-01 1.977016e-01 2.448610e-01 2.905093e-01 3.343652e-01 3.761582e-01 4.156309e-01 4.525400e-01 4.866580e-01 5.177747e-01 5.456983e-01 5.702567e-01 5.912987e-01 6.086946e-01 6.223371e-01 6.321423e-01 6.380497e-01 6.400229e-01 
-6.887004e-01 -6.865775e-01 -6.802219e-01 -6.696728e-01 -6.549954e-01 -6.362801e-01 -6.136425e-01 -5.872223e-01 -5.571824e-01 -5.237081e-01 -4.870060e-01 -4.473025e-01 -4.048424e-01 -3.598878e-01 -3.127157e-01 -2.636172e-01 -2.128951e-01 -1.608621e-01 -1.078391e-01 -5.415297e-02 -1.347780e-04 5.388245e-02 1.075657e-01 1.605841e-01 2.126107e-01 2.633248e-01 3.124140e-01 3.595755e-01 4.045188e-01 4.469668e-01 4.866580e-01 5.233477e-01 5.568099e-01 5.868383e-01 6.132479e-01 6.358760e-01 6.545831e-01 6.692540e-01 6.797982e-01 6.861509e-01 6.882728e-01 
-7.327227e-01 -7.304641e-01 -7.237022e-01 -7.124787e-01 -6.968629e-01 -6.769512e-01 -6.528664e-01 -6.247570e-01 -5.927966e-01 -5.571824e-01 -5.181339e-01 -4.758921e-01 -4.307176e-01 -3.828891e-01 -3.327014e-01 -2.804641e-01 -2.264993e-01 -1.711400e-01 -1.147273e-01 -5.760910e-02 -1.376380e-04 5.733280e-02 1.144479e-01 1.708556e-01 2.262081e-01 2.801643e-01 3.323916e-01 3.825681e-01 4.303845e-01 4.755461e-01 5.177747e-01 5.568099e-01 5.924112e-01 6.243593e-01 6.524572e-01 6.765318e-01 6.964348e-01 7.120436e-01 7.232619e-01 7.300207e-01 7.322782e-01 
-7.722286e-01 -7.698482e-01 -7.627217e-01 -7.508930e-01 -7.344351e-01 -7.134496e-01 -6.880660e-01 -6.584409e-01 -6.247570e-01 -5.872223e-01 -5.460682e-01 -5.015486e-01 -4.539381e-01 -4.035305e-01 -3.506365e-01 -2.955825e-01 -2.387079e-01 -1.803634e-01 -1.209088e-01 -6.071076e-02 -1.403563e-04 6.042896e-02 1.206238e-01 1.800730e-01 2.384102e-01 2.952758e-01 3.503193e-01 4.032013e-01 4.535960e-01 5.011928e-01 5.456983e-01 5.868383e-01 6.243593e-01 6.580300e-01 6.876430e-01 7.130157e-01 7.339919e-01 7.504423e-01 7.622655e-01 7.693887e-01 7.717680e-01 
-8.069743e-01 -8.044868e-01 -7.970395e-01 -7.846785e-01 -7.674800e-01 -7.455502e-01 -7.190242e-01 -6.880660e-01 -6.528663e-01 -6.136425e-01 -5.706365e-01 -5.241135e-01 -4.743607e-01 -4.216847e-01 -3.664106e-01 -3.088792e-01 -2.494453e-01 -1.884755e-01 -1.263456e-01 -6.343878e-02 -1.428659e-04 6.315190e-02 1.260553e-01 1.881796e-01 2.491418e-01 3.085661e-01 3.660863e-01 4.213479e-01 4.740102e-01 5.237486e-01 5.702567e-01 6.132479e-01 6.524572e-01 6.876430e-01 7.185884e-01 7.451028e-01 7.670229e-01 7.842135e-01 7.965687e-01 8.040124e-01 8.064988e-01 
-8.367454e-01 -8.341661e-01 -8.264441e-01 -8.136269e-01 -7.957938e-01 -7.730548e-01 -7.455501e-01 -7.134496e-01 -6.769512e-01 -6.362801e-01 -5.916873e-01 -5.434478e-01 -4.918592e-01 -4.372398e-01 -3.799263e-01 -3.202722e-01 -2.586455e-01 -1.954262e-01 -1.310040e-01 -6.577629e-02 -1.451047e-04 6.548488e-02 1.307091e-01 1.951254e-01 2.583367e-01 3.199534e-01 3.795958e-01 4.368961e-01 4.915013e-01 5.430748e-01 5.912987e-01 6.358760e-01 6.765318e-01 7.130157e-01 7.451028e-01 7.725955e-01 7.953242e-01 8.131490e-01 8.259601e-01 8.336784e-01 8.362565e-01 
-8.613582e-01 -8.587030e-01 -8.507538e-01 -8.375596e-01 -8.192019e-01 -7.957938e-01 -7.674800e-01 -7.344351e-01 -6.968629e-01 -6.549954e-01 -6.090907e-01 -5.594321e-01 -5.063259e-01 -4.500996e-01 -3.911001e-01 -3.296912e-01 -2.662516e-01 -2.011726e-01 -1.348554e-01 -6.770883e-02 -1.470173e-04 6.741355e-02 1.345564e-01 2.008675e-01 2.659383e-01 3.293675e-01 3.907643e-01 4.497501e-01 5.059616e-01 5.590521e-01 6.086946e-01 6.545831e-01 6.964348e-01 7.339919e-01 7.670229e-01 7.953242e-01 8.187215e-01 8.370707e-01 8.502586e-01 8.582039e-01 8.608578e-01 
-8.806609e-01 -8.779461e-01 -8.698187e-01 -8.563288e-01 -8.375596e-01 -8.136269e-01 -7.846785e-01 -7.508929e-01 -7.124787e-01 -6.696728e-01 -6.227393e-01 -5.719677e-01 -5.176713e-01 -4.601850e-01 -3.998632e-01 -3.370781e-01 -2.722167e-01 -2.056792e-01 -1.378758e-01 -6.922446e-02 -1.485563e-04 6.892607e-02 1.375736e-01 2.053708e-01 2.718998e-01 3.367504e-01 3.995231e-01 4.598308e-01 5.173019e-01 5.715822e-01 6.223371e-01 6.692540e-01 7.120436e-01 7.504423e-01 7.842135e-01 8.131490e-01 8.370707e-01 8.558310e-01 8.693144e-01 8.774378e-01 8.801512e-01 
-8.945342e-01 -8.917767e-01 -8.835212e-01 -8.698187e-01 -8.507538e-01 -8.264441e-01 -7.970395e-01 -7.627217e-01 -7.237022e-01 -6.802218e-01 -6.325489e-01 -5.809775e-01 -5.258256e-01 -4.674336e-01 -4.061615e-01 -3.423872e-01 -2.765040e-01 -2.089183e-01 -1.400466e-01 -7.031379e-02 -1.496837e-04 7.001312e-02 1.397421e-01 2.086073e-01 2.761844e-01 3.420567e-01 4.058182e-01 4.670760e-01 5.254524e-01 5.805878e-01 6.321423e-01 6.797982e-01 7.232619e-01 7.622655e-01 7.965687e-01 8.259601e-01 8.502586e-01 8.693144e-01 8.830102e-01 8.912616e-01 8.940177e-01 
-9.028925e-01 -9.001093e-01 -8.917767e-01 -8.779461e-01 -8.587030e-01 -8.341661e-01 -8.044868e-01 -7.698482e-01 -7.304641e-01 -6.865774e-01 -6.384590e-01 -5.864056e-01 -5.307384e-01 -4.718007e-01 -4.099560e-01 -3.455858e-01 -2.790870e-01 -2.108697e-01 -1.413545e-01 -7.097010e-02 -1.503715e-04 7.066804e-02 1.410485e-01 2.105573e-01 2.787657e-01 3.452535e-01 4.096109e-01 4.714410e-01 5.303629e-01 5.860135e-01 6.380497e-01 6.861509e-01 7.300207e-01 7.693887e-01 8.040124e-01 8.336784e-01 8.582039e-01 8.774378e-01 8.912616e-01 8.995901e-01 9.023720e-01 
-9.056844e-01 -9.028925e-01 -8.945342e-01 -8.806609e-01 -8.613582e-01 -8.367454e-01 -8.069743e-01 -7.722286e-01 -7.327227e-01 -6.887003e-01 -6.404331e-01 -5.882187e-01 -5.323794e-01 -4.732594e-01 -4.112235e-01 -3.466542e-01 -2.799498e-01 -2.115215e-01 -1.417914e-01 -7.118932e-02 -1.506029e-04 7.088679e-02 1.414849e-01 2.112086e-01 2.796280e-01 3.463214e-01 4.108777e-01 4.728990e-01 5.320031e-01 5.878257e-01 6.400229e-01 6.882728e-01 7.322782e-01 7.717680e-01 8.064988e-01 8.362565e-01 8.608578e-01 8.801512e-01 8.940177e-01 9.023720e-01 9.051625e-01 
