9.054542e-01 9.047668e-01 9.027056e-01 8.992738e-01 8.944766e-01 8.883212e-01 8.808169e-01 8.719752e-01 8.618093e-01 8.503348e-01 8.375690e-01 8.235311e-01 8.082426e-01 7.917265e-01 7.740078e-01 7.551134e-01 7.350720e-01 7.139137e-01 6.916708e-01 6.683768e-01 6.440670e-01 6.187783e-01 5.925490e-01 5.654187e-01 5.374285e-01 5.086207e-01 4.790391e-01 4.487283e-01 4.177343e-01 3.861039e-01 3.538850e-01 3.211264e-01 2.878776e-01 2.541889e-01 2.201112e-01 1.856962e-01 1.509958e-01 1.160625e-01 8.094915e-02 4.570877e-02 1.039461e-02 -2.493995e-02 -6.024156e-02 -9.545691e-02 -1.305328e-01 -1.654164e-01 -2.000550e-01 -2.343963e-01 -2.683887e-01 -3.019808e-01 -3.351221e-01 -3.677627e-01 -3.998534e-01 -4.313461e-01 -4.621934e-01 -4.923489e-01 -5.217675e-01 -5.504051e-01 -5.782187e-01 -6.051668e-01 -6.312091e-01 -6.563068e-01 -6.804224e-01 -7.035203e-01 -7.255660e-01 -7.465270e-01 -7.663724e-01 -7.850729e-01 -8.026012e-01 -8.189318e-01 -8.340408e-01 -8.479064e-01 -8.605087e-01 -8.718298e-01 -8.818537e-01 -8.905667e-01 -8.979575e-01 -9.040172e-01 -9.087393e-01 -9.121177e-01 -9.141415e-01 -9.147808e-01 
9.047668e-01 9.040799e-01 9.020203e-01 8.985911e-01 8.937975e-01 8.876468e-01 8.801482e-01 8.713132e-01 8.611551e-01 8.496892e-01 8.369331e-01 8.229059e-01 8.076290e-01 7.911254e-01 7.734202e-01 7.545402e-01 7.345139e-01 7.133717e-01 6.911457e-01 6.678694e-01 6.435781e-01 6.183086e-01 5.920992e-01 5.649894e-01 5.370205e-01 5.082346e-01 4.786755e-01 4.483877e-01 4.174172e-01 3.858108e-01 3.536164e-01 3.208826e-01 2.876591e-01 2.539959e-01 2.199442e-01 1.855553e-01 1.508812e-01 1.159745e-01 8.088776e-02 4.567413e-02 1.038678e-02 -2.492096e-02 -6.019577e-02 -9.538438e-02 -1.304337e-01 -1.652908e-01 -1.999030e-01 -2.342183e-01 -2.681848e-01 -3.017515e-01 -3.348676e-01 -3.674834e-01 -3.995498e-01 -4.310186e-01 -4.618425e-01 -4.919751e-01 -5.213714e-01 -5.499872e-01 -5.777797e-01 -6.047074e-01 -6.307299e-01 -6.558085e-01 -6.799059e-01 -7.029862e-01 -7.250152e-01 -7.459603e-01 -7.657906e-01 -7.844770e-01 -8.019920e-01 -8.183102e-01 -8.334077e-01 -8.472628e-01 -8.598556e-01 -8.711681e-01 -8.811844e-01 -8.898908e-01 -8.972760e-01 -9.033311e-01 -9.080496e-01 -9.114255e-01 -9.134478e-01 -9.140865e-01 
9.027056e-01 9.020203e-01 8.999654e-01 8.965440e-01 8.917614e-01 8.856246e-01 8.781431e-01 8.693282e-01 8.591933e-01 8.477536e-01 8.350265e-01 8.210313e-01 8.057891e-01 7.893232e-01 7.716583e-01 7.528213e-01 7.328407e-01 7.117467e-01 6.895712e-01 6.663480e-01 6.421120e-01 6.169001e-01 5.907504e-01 5.637024e-01 5.357972e-01 5.070769e-01 4.775851e-01 4.473663e-01 4.164664e-01 3.849320e-01 3.528110e-01 3.201518e-01 2.870039e-01 2.534175e-01 2.194433e-01 1.851327e-01 1.505377e-01 1.157104e-01 8.070367e-02 4.557026e-02 1.036331e-02 -2.486399e-02 -6.005844e-02 -9.516689e-02 -1.301363e-01 -1.649140e-01 -1.994474e-01 -2.336845e-01 -2.675737e-01 -3.010639e-01 -3.341046e-01 -3.666461e-01 -3.986394e-01 -4.300365e-01 -4.607902e-01 -4.908543e-01 -5.201836e-01 -5.487342e-01 -5.764634e-01 -6.033297e-01 -6.292930e-01 -6.543146e-01 -6.783571e-01 -7.013848e-01 -7.233637e-01 -7.442611e-01 -7.640463e-01 -7.826901e-01 -8.001653e-01 -8.164463e-01 -8.315095e-01 -8.453331e-01 -8.578972e-01 -8.691839e-01 -8.791775e-01 -8.878641e-01 -8.952325e-01 -9.012739e-01 -9.059816e-01 -9.093498e-01 -9.113675e-01 -9.120048e-01 
8.992738e-01 8.985911e-01 8.965440e-01 8.931357e-01 8.883712e-01 8.822578e-01 8.748047e-01 8.660233e-01 8.559269e-01 8.445307e-01 8.318520e-01 8.179100e-01 8.027258e-01 7.863225e-01 7.687248e-01 7.499594e-01 7.300547e-01 7.090409e-01 6.869498e-01 6.638148e-01 6.396710e-01 6.145550e-01 5.885046e-01 5.615595e-01 5.337604e-01 5.051493e-01 4.757696e-01 4.456658e-01 4.148833e-01 3.834688e-01 3.514699e-01 3.189349e-01 2.859130e-01 2.524543e-01 2.186093e-01 1.844292e-01 1.499657e-01 1.152708e-01 8.039716e-02 4.539733e-02 1.032423e-02 -2.476914e-02 -5.982979e-02 -9.480476e-02 -1.296413e-01 -1.642867e-01 -1.986889e-01 -2.327958e-01 -2.665562e-01 -2.999190e-01 -3.328341e-01 -3.652519e-01 -3.971237e-01 -4.284014e-01 -4.590382e-01 -4.889880e-01 -5.182058e-01 -5.466480e-01 -5.742718e-01 -6.010360e-01 -6.269007e-01 -6.518271e-01 -6.757783e-01 -6.987185e-01 -7.206139e-01 -7.414319e-01 -7.611419e-01 -7.797150e-01 -7.971238e-01 -8.133429e-01 -8.283489e-01 -8.421200e-01 -8.546365e-01 -8.658804e-01 -8.758360e-01 -8.844896e-01 -8.918301e-01 -8.978485e-01 -9.025384e-01 -9.058938e-01 -9.079039e-01 -9.085388e-01 
8.944766e-01 8.937975e-01 8.917614e-01 8.883712e-01 8.836321e-01 8.775513e-01 8.701380e-01 8.614035e-01 8.513609e-01 8.400255e-01 8.274145e-01 8.135468e-01 7.984437e-01 7.821278e-01 7.646240e-01 7.459587e-01 7.261603e-01 7.052586e-01 6.832853e-01 6.602738e-01 6.362588e-01 6.112767e-01 5.853654e-01 5.585640e-01 5.309132e-01 5.024548e-01 4.732318e-01 4.432886e-01 4.126704e-01 3.814235e-01 3.495953e-01 3.172338e-01 2.843882e-01 2.511079e-01 2.174435e-01 1.834457e-01 1.491661e-01 1.146563e-01 7.996871e-02 4.515559e-02 1.026961e-02 -2.463655e-02 -5.951016e-02 -9.429855e-02 -1.289492e-01 -1.634099e-01 -1.976285e-01 -2.315535e-01 -2.651337e-01 -2.983186e-01 -3.310582e-01 -3.633031e-01 -3.950048e-01 -4.261158e-01 -4.565891e-01 -4.863792e-01 -5.154412e-01 -5.437317e-01 -5.712082e-01 -5.978297e-01 -6.235564e-01 -6.483499e-01 -6.721734e-01 -6.949914e-01 -7.167700e-01 -7.374770e-01 -7.570820e-01 -7.755560e-01 -7.928721e-01 -8.090048e-01 -8.239308e-01 -8.376286e-01 -8.500783e-01 -8.612624e-01 -8.711649e-01 -8.797725e-01 -8.870739e-01 -8.930603e-01 -8.977252e-01 -9.010628e-01 -9.030621e-01 -9.036937e-01 
8.883212e-01 8.876468e-01 8.856246e-01 8.822578e-01 8.775513e-01 8.715124e-01 8.641501e-01 8.554757e-01 8.455022e-01 8.342449e-01 8.217206e-01 8.079484e-01 7.929492e-01 7.767456e-01 7.593623e-01 7.408255e-01 7.211632e-01 7.004054e-01 6.785834e-01 6.557302e-01 6.318805e-01 6.070704e-01 5.813374e-01 5.547205e-01 5.272599e-01 4.989974e-01 4.699755e-01 4.402384e-01 4.098309e-01 3.787991e-01 3.471899e-01 3.150512e-01 2.824316e-01 2.493804e-01 2.159476e-01 1.821838e-01 1.481401e-01 1.138679e-01 7.941895e-02 4.484543e-02 1.019952e-02 -2.446641e-02 -5.910002e-02 -9.364901e-02 -1.280612e-01 -1.622847e-01 -1.962679e-01 -2.299594e-01 -2.633086e-01 -2.962651e-01 -3.287794e-01 -3.608024e-01 -3.922861e-01 -4.231829e-01 -4.534466e-01 -4.830317e-01 -5.118938e-01 -5.399897e-01 -5.672772e-01 -5.937155e-01 -6.192653e-01 -6.438883e-01 -6.675479e-01 -6.902089e-01 -7.118378e-01 -7.324024e-01 -7.518726e-01 -7.702196e-01 -7.874166e-01 -8.034384e-01 -8.182619e-01 -8.318655e-01 -8.442297e-01 -8.553368e-01 -8.651714e-01 -8.737198e-01 -8.809711e-01 -8.869164e-01 -8.915493e-01 -8.948639e-01 -8.968495e-01 -8.974768e-01 
8.808169e-01 8.801482e-01 8.781431e-01 8.748047e-01 8.701380e-01 8.641501e-01 8.568501e-01 8.482489e-01 8.383597e-01 8.271975e-01 8.147790e-01 8.011232e-01 7.862507e-01 7.701840e-01 7.529475e-01 7.345673e-01 7.150712e-01 6.944888e-01 6.728511e-01 6.501910e-01 6.265428e-01 6.019423e-01 5.764267e-01 5.500347e-01 5.228061e-01 4.947823e-01 4.660057e-01 4.365198e-01 4.063692e-01 3.755995e-01 3.442574e-01 3.123902e-01 2.800462e-01 2.472743e-01 2.141239e-01 1.806454e-01 1.468893e-01 1.129066e-01 7.874874e-02 4.446730e-02 1.011410e-02 -2.425898e-02 -5.860000e-02 -9.285712e-02 -1.269786e-01 -1.609130e-01 -1.946091e-01 -2.280160e-01 -2.610835e-01 -2.937617e-01 -3.260013e-01 -3.577538e-01 -3.889715e-01 -4.196074e-01 -4.496155e-01 -4.789507e-01 -5.075691e-01 -5.354276e-01 -5.624847e-01 -5.886998e-01 -6.140338e-01 -6.384489e-01 -6.619087e-01 -6.843784e-01 -7.058247e-01 -7.262158e-01 -7.455216e-01 -7.637137e-01 -7.807656e-01 -7.966522e-01 -8.113505e-01 -8.248394e-01 -8.370992e-01 -8.481127e-01 -8.578643e-01 -8.663407e-01 -8.735308e-01 -8.794259e-01 -8.840198e-01 -8.873065e-01 -8.892754e-01 -8.898975e-01 
8.719752e-01 8.713132e-01 8.693282e-01 8.660233e-01 8.614035e-01 8.554757e-01 8.482489e-01 8.397341e-01 8.299442e-01 8.188940e-01 8.066002e-01 7.930815e-01 7.783583e-01 7.624529e-01 7.453895e-01 7.271938e-01 7.078934e-01 6.875176e-01 6.660972e-01 6.436646e-01 6.202538e-01 5.959002e-01 5.706408e-01 5.445137e-01 5.175585e-01 4.898161e-01 4.613283e-01 4.321384e-01 4.022905e-01 3.718298e-01 3.408023e-01 3.092551e-01 2.772357e-01 2.447928e-01 2.119753e-01 1.788328e-01 1.454156e-01 1.117741e-01 7.795910e-02 4.402180e-02 1.001346e-02 -2.401455e-02 -5.801084e-02 -9.192407e-02 -1.257030e-01 -1.592968e-01 -1.926546e-01 -2.257262e-01 -2.584618e-01 -2.908119e-01 -3.227279e-01 -3.541618e-01 -3.850661e-01 -4.153946e-01 -4.451015e-01 -4.741423e-01 -5.024734e-01 -5.300524e-01 -5.568380e-01 -5.827900e-01 -6.078698e-01 -6.320399e-01 -6.552644e-01 -6.775087e-01 -6.987398e-01 -7.189263e-01 -7.380385e-01 -7.560482e-01 -7.729290e-01 -7.886563e-01 -8.032073e-01 -8.165609e-01 -8.286978e-01 -8.396009e-01 -8.492548e-01 -8.576462e-01 -8.647642e-01 -8.706004e-01 -8.751482e-01 -8.784019e-01 -8.803511e-01 -8.809671e-01 
8.618093e-01 8.611551e-01 8.591933e-01 8.559269e-01 8.513609e-01 8.455022e-01 8.383597e-01 8.299442e-01 8.202685e-01 8.093471e-01 7.971966e-01 7.838355e-01 7.692840e-01 7.535641e-01 7.366996e-01 7.187161e-01 6.996407e-01 6.795025e-01 6.583318e-01 6.361607e-01 6.130229e-01 5.889533e-01 5.639884e-01 5.381660e-01 5.115251e-01 4.841061e-01 4.559505e-01 4.271010e-01 3.976011e-01 3.674955e-01 3.368298e-01 3.056504e-01 2.740044e-01 2.419397e-01 2.095048e-01 1.767488e-01 1.437212e-01 1.104719e-01 7.705121e-02 4.350961e-02 9.897773e-03 -2.373350e-02 -5.733343e-02 -9.085127e-02 -1.242364e-01 -1.574385e-01 -1.904074e-01 -2.230935e-01 -2.554474e-01 -2.874204e-01 -3.189643e-01 -3.500317e-01 -3.805759e-01 -4.105508e-01 -4.399114e-01 -4.686137e-01 -4.966146e-01 -5.238722e-01 -5.503455e-01 -5.759951e-01 -6.007826e-01 -6.246711e-01 -6.476249e-01 -6.696100e-01 -6.905937e-01 -7.105451e-01 -7.294346e-01 -7.472345e-01 -7.639187e-01 -7.794628e-01 -7.938443e-01 -8.070424e-01 -8.190381e-01 -8.298142e-01 -8.393557e-01 -8.476495e-01 -8.546847e-01 -8.604529e-01 -8.649478e-01 -8.681637e-01 -8.700902e-01 -8.706991e-01 
8.503348e-01 8.496892e-01 8.477536e-01 8.445307e-01 8.400255e-01 8.342449e-01 8.271975e-01 8.188940e-01 8.093471e-01 7.985711e-01 7.865825e-01 7.733993e-01 7.590415e-01 7.435309e-01 7.268910e-01 7.091469e-01 6.903256e-01 6.704555e-01 6.495667e-01 6.276909e-01 6.048612e-01 5.811121e-01 5.564796e-01 5.310010e-01 5.047149e-01 4.776611e-01 4.498804e-01 4.214150e-01 3.923079e-01 3.626032e-01 3.323459e-01 3.015816e-01 2.703570e-01 2.387193e-01 2.067164e-01 1.743965e-01 1.418087e-01 1.090022e-01 7.602648e-02 4.293150e-02 9.767223e-03 -2.341624e-02 -5.656877e-02 -8.964032e-02 -1.225809e-01 -1.553410e-01 -1.878709e-01 -2.201218e-01 -2.520449e-01 -2.835922e-01 -3.147162e-01 -3.453700e-01 -3.755075e-01 -4.050833e-01 -4.340531e-01 -4.623733e-01 -4.900015e-01 -5.168962e-01 -5.430172e-01 -5.683253e-01 -5.927829e-01 -6.163535e-01 -6.390018e-01 -6.606943e-01 -6.813989e-01 -7.010847e-01 -7.197229e-01 -7.372860e-01 -7.537482e-01 -7.690856e-01 -7.832758e-01 -7.962984e-01 -8.081345e-01 -8.187674e-01 -8.281821e-01 -8.363656e-01 -8.433073e-01 -8.489988e-01 -8.534340e-01 -8.566071e-01 -8.585081e-01 -8.591090e-01 
8.375690e-01 8.369331e-01 8.350265e-01 8.318520e-01 8.274145e-01 8.217206e-01 8.147790e-01 8.066002e-01 7.971966e-01 7.865825e-01 7.747738e-01 7.617886e-01 7.476464e-01 7.323687e-01 7.159786e-01 6.985009e-01 6.799622e-01 6.603904e-01 6.398153e-01 6.182680e-01 5.957810e-01 5.723885e-01 5.481259e-01 5.230298e-01 4.971384e-01 4.704907e-01 4.431272e-01 4.150892e-01 3.864191e-01 3.571604e-01 3.273574e-01 2.970550e-01 2.662993e-01 2.351366e-01 2.036141e-01 1.717796e-01 1.396810e-01 1.073670e-01 7.488645e-02 4.228836e-02 9.622017e-03 -2.306323e-02 -5.571802e-02 -8.829304e-02 -1.207391e-01 -1.530073e-01 -1.850489e-01 -2.168156e-01 -2.482594e-01 -2.793332e-01 -3.099899e-01 -3.401835e-01 -3.698686e-01 -3.990004e-01 -4.275354e-01 -4.554305e-01 -4.826439e-01 -5.091350e-01 -5.348639e-01 -5.597923e-01 -5.838828e-01 -6.070996e-01 -6.294081e-01 -6.507751e-01 -6.711690e-01 -6.905595e-01 -7.089181e-01 -7.262177e-01 -7.424330e-01 -7.575403e-01 -7.715177e-01 -7.843450e-01 -7.960036e-01 -8.064771e-01 -8.157506e-01 -8.238114e-01 -8.306491e-01 -8.362553e-01 -8.406241e-01 -8.437496e-01 -8.456221e-01 -8.462142e-01 
8.235311e-01 8.229059e-01 8.210313e-01 8.179100e-01 8.135468e-01 8.079484e-01 8.011232e-01 7.930815e-01 7.838355e-01 7.733993e-01 7.617886e-01 7.490210e-01 7.351158e-01 7.200942e-01 7.039789e-01 6.867942e-01 6.685662e-01 6.493225e-01 6.290923e-01 6.079061e-01 5.857961e-01 5.627957e-01 5.389397e-01 5.142643e-01 4.888069e-01 4.626059e-01 4.357010e-01 4.081330e-01 3.799436e-01 3.511753e-01 3.218718e-01 2.920774e-01 2.618372e-01 2.311969e-01 2.002028e-01 1.689019e-01 1.373413e-01 1.055690e-01 7.363287e-02 4.158119e-02 9.462386e-03 -2.267500e-02 -5.478245e-02 -8.681147e-02 -1.187137e-01 -1.504410e-01 -1.819456e-01 -2.131798e-01 -2.440967e-01 -2.746496e-01 -3.047925e-01 -3.344801e-01 -3.636677e-01 -3.923114e-01 -4.203681e-01 -4.477957e-01 -4.745532e-01 -5.006003e-01 -5.258981e-01 -5.504088e-01 -5.740957e-01 -5.969235e-01 -6.188583e-01 -6.398674e-01 -6.599196e-01 -6.789853e-01 -6.970363e-01 -7.140462e-01 -7.299900e-01 -7.448443e-01 -7.585877e-01 -7.712002e-01 -7.826636e-01 -7.929618e-01 -8.020801e-01 -8.100060e-01 -8.167292e-01 -8.222417e-01 -8.265373e-01 -8.296106e-01 -8.314518e-01 -8.320341e-01 
8.082426e-01 8.076290e-01 8.057891e-01 8.027258e-01 7.984437e-01 7.929492e-01 7.862507e-01 7.783583e-01 7.692840e-01 7.590415e-01 7.476464e-01 7.351158e-01 7.214689e-01 7.067262e-01 6.909100e-01 6.740444e-01 6.561548e-01 6.372684e-01 6.174138e-01 5.966210e-01 5.749215e-01 5.523481e-01 5.289351e-01 5.047179e-01 4.797331e-01 4.540186e-01 4.276133e-01 4.005571e-01 3.728911e-01 3.446570e-01 3.158976e-01 2.866564e-01 2.569776e-01 2.269062e-01 1.964876e-01 1.657678e-01 1.347933e-01 1.036108e-01 7.226764e-02 4.081105e-02 9.288584e-03 -2.225213e-02 -5.376346e-02 -8.519782e-02 -1.165078e-01 -1.476460e-01 -1.785657e-01 -2.092201e-01 -2.395630e-01 -2.695487e-01 -2.991320e-01 -3.282685e-01 -3.569142e-01 -3.850262e-01 -4.125621e-01 -4.394806e-01 -4.657414e-01 -4.913050e-01 -5.161333e-01 -5.401891e-01 -5.634364e-01 -5.858405e-01 -6.073682e-01 -6.279874e-01 -6.476676e-01 -6.663795e-01 -6.840957e-01 -7.007900e-01 -7.164379e-01 -7.310167e-01 -7.445052e-01 -7.568838e-01 -7.681347e-01 -7.782418e-01 -7.871911e-01 -7.949701e-01 -8.015687e-01 -8.069790e-01 -8.111950e-01 -8.142113e-01 -8.160184e-01 -8.165901e-01 
7.917265e-01 7.911254e-01 7.893232e-01 7.863225e-01 7.821278e-01 7.767456e-01 7.701840e-01 7.624529e-01 7.535641e-01 7.435309e-01 7.323687e-01 7.200942e-01 7.067262e-01 6.922847e-01 6.767918e-01 6.602709e-01 6.427470e-01 6.242465e-01 6.047977e-01 5.844298e-01 5.631738e-01 5.410618e-01 5.181273e-01 4.944050e-01 4.699308e-01 4.447419e-01 4.188762e-01 3.923730e-01 3.652723e-01 3.376153e-01 3.094436e-01 2.808000e-01 2.517278e-01 2.222710e-01 1.924741e-01 1.623821e-01 1.320406e-01 1.014955e-01 7.079284e-02 3.997913e-02 9.100888e-03 -2.179523e-02 -5.266258e-02 -8.345453e-02 -1.141246e-01 -1.446265e-01 -1.749143e-01 -2.049423e-01 -2.346651e-01 -2.640380e-01 -2.930168e-01 -3.215579e-01 -3.496183e-01 -3.771558e-01 -4.041291e-01 -4.304976e-01 -4.562218e-01 -4.812632e-01 -5.055842e-01 -5.291485e-01 -5.519208e-01 -5.738673e-01 -5.949553e-01 -6.151533e-01 -6.344314e-01 -6.527612e-01 -6.701155e-01 -6.864689e-01 -7.017973e-01 -7.160784e-01 -7.292915e-01 -7.414174e-01 -7.524386e-01 -7.623395e-01 -7.711060e-01 -7.787263e-01 -7.851903e-01 -7.904902e-01 -7.946202e-01 -7.975749e-01 -7.993452e-01 -7.999054e-01 
7.740078e-01 7.734202e-01 7.716583e-01 7.687248e-01 7.646240e-01 7.593623e-01 7.529475e-01 7.453895e-01 7.366996e-01 7.268910e-01 7.159786e-01 7.039789e-01 6.909100e-01 6.767918e-01 6.616457e-01 6.454945e-01 6.283628e-01 6.102765e-01 5.912630e-01 5.713510e-01 5.505707e-01 5.289537e-01 5.065325e-01 4.833412e-01 4.594148e-01 4.347897e-01 4.095029e-01 3.835929e-01 3.570989e-01 3.300609e-01 3.025198e-01 2.745174e-01 2.460959e-01 2.172984e-01 1.881684e-01 1.587500e-01 1.290876e-01 9.922614e-02 6.921072e-02 3.908670e-02 8.899595e-03 -2.130500e-02 -5.148145e-02 -8.158422e-02 -1.115678e-01 -1.413871e-01 -1.709970e-01 -2.003528e-01 -2.294104e-01 -2.581260e-01 -2.864563e-01 -3.143586e-01 -3.417910e-01 -3.687122e-01 -3.950819e-01 -4.208603e-01 -4.460089e-01 -4.704899e-01 -4.942667e-01 -5.173037e-01 -5.395665e-01 -5.610220e-01 -5.816381e-01 -6.013843e-01 -6.202312e-01 -6.381509e-01 -6.551170e-01 -6.711046e-01 -6.860902e-01 -7.000520e-01 -7.129695e-01 -7.248242e-01 -7.355991e-01 -7.452786e-01 -7.538492e-01 -7.612992e-01 -7.676187e-01 -7.728001e-01 -7.768378e-01 -7.797266e-01 -7.814573e-01 -7.820052e-01 
7.551134e-01 7.545402e-01 7.528213e-01 7.499594e-01 7.459587e-01 7.408255e-01 7.345673e-01 7.271938e-01 7.187161e-01 7.091469e-01 6.985009e-01 6.867942e-01 6.740444e-01 6.602709e-01 6.454945e-01 6.297377e-01 6.130243e-01 5.953795e-01 5.768302e-01 5.574043e-01 5.371314e-01 5.160421e-01 4.941683e-01 4.715432e-01 4.482010e-01 4.241771e-01 3.995077e-01 3.742303e-01 3.483831e-01 3.220052e-01 2.951366e-01 2.678178e-01 2.400902e-01 2.119958e-01 1.835770e-01 1.548768e-01 1.259387e-01 9.680629e-02 6.752369e-02 3.813513e-02 8.685025e-03 -2.078214e-02 -5.022186e-02 -7.958969e-02 -1.088413e-01 -1.379326e-01 -1.668196e-01 -1.954587e-01 -2.238070e-01 -2.518215e-01 -2.794601e-01 -3.066813e-01 -3.334441e-01 -3.597081e-01 -3.854341e-01 -4.105832e-01 -4.351179e-01 -4.590014e-01 -4.821978e-01 -5.046726e-01 -5.263921e-01 -5.473239e-01 -5.674369e-01 -5.867012e-01 -6.050881e-01 -6.225706e-01 -6.391228e-01 -6.547203e-01 -6.693403e-01 -6.829614e-01 -6.955639e-01 -7.071295e-01 -7.176415e-01 -7.270850e-01 -7.354466e-01 -7.427149e-01 -7.488804e-01 -7.539355e-01 -7.578748e-01 -7.606931e-01 -7.623816e-01 -7.629165e-01 
7.350720e-01 7.345139e-01 7.328407e-01 7.300547e-01 7.261603e-01 7.211632e-01 7.150712e-01 7.078934e-01 6.996407e-01 6.903256e-01 6.799622e-01 6.685662e-01 6.561548e-01 6.427470e-01 6.283628e-01 6.130243e-01 5.967545e-01 5.795781e-01 5.615211e-01 5.426109e-01 5.228762e-01 5.023467e-01 4.810536e-01 4.590290e-01 4.363065e-01 4.129202e-01 3.889057e-01 3.642993e-01 3.391382e-01 3.134606e-01 2.873051e-01 2.607115e-01 2.337200e-01 2.063714e-01 1.787070e-01 1.507686e-01 1.225987e-01 9.423959e-02 6.573430e-02 3.712587e-02 8.457519e-03 -2.022744e-02 -4.888569e-02 -7.747396e-02 -1.059491e-01 -1.342681e-01 -1.623884e-01 -1.902674e-01 -2.178631e-01 -2.451340e-01 -2.720391e-01 -2.985377e-01 -3.245901e-01 -3.501571e-01 -3.752002e-01 -3.996819e-01 -4.235655e-01 -4.468151e-01 -4.693959e-01 -4.912742e-01 -5.124174e-01 -5.327937e-01 -5.523730e-01 -5.711261e-01 -5.890252e-01 -6.060439e-01 -6.221569e-01 -6.373406e-01 -6.515728e-01 -6.648326e-01 -6.771008e-01 -6.883597e-01 -6.985929e-01 -7.077860e-01 -7.159259e-01 -7.230015e-01 -7.290035e-01 -7.339247e-01 -7.377595e-01 -7.405031e-01 -7.421469e-01 -7.426679e-01 
7.139137e-01 7.133717e-01 7.117467e-01 7.090409e-01 7.052586e-01 7.004054e-01 6.944888e-01 6.875176e-01 6.795025e-01 6.704555e-01 6.603904e-01 6.493225e-01 6.372684e-01 6.242465e-01 6.102765e-01 5.953795e-01 5.795781e-01 5.628962e-01 5.453591e-01 5.269933e-01 5.078266e-01 4.878881e-01 4.672080e-01 4.458175e-01 4.237491e-01 4.010361e-01 3.777130e-01 3.538150e-01 3.293782e-01 3.044398e-01 2.790374e-01 2.532094e-01 2.269949e-01 2.004336e-01 1.735656e-01 1.464316e-01 1.190726e-01 9.152995e-02 6.384529e-02 3.606046e-02 8.217436e-03 -1.964172e-02 -4.747494e-02 -7.524020e-02 -1.028956e-01 -1.303994e-01 -1.577101e-01 -1.847865e-01 -2.115879e-01 -2.380737e-01 -2.642043e-01 -2.899401e-01 -3.152426e-01 -3.400736e-01 -3.643958e-01 -3.881728e-01 -4.113689e-01 -4.339493e-01 -4.558802e-01 -4.771289e-01 -4.976635e-01 -5.174534e-01 -5.364692e-01 -5.546827e-01 -5.720667e-01 -5.885956e-01 -6.042450e-01 -6.189919e-01 -6.328146e-01 -6.456929e-01 -6.576082e-01 -6.685432e-01 -6.784821e-01 -6.874107e-01 -6.953166e-01 -7.021888e-01 -7.080182e-01 -7.127979e-01 -7.165224e-01 -7.191871e-01 -7.207837e-01 -7.212901e-01 
6.916708e-01 6.911457e-01 6.895712e-01 6.869498e-01 6.832853e-01 6.785834e-01 6.728511e-01 6.660972e-01 6.583318e-01 6.495667e-01 6.398153e-01 6.290923e-01 6.174138e-01 6.047977e-01 5.912630e-01 5.768302e-01 5.615211e-01 5.453591e-01 5.283684e-01 5.105749e-01 4.920055e-01 4.726884e-01 4.526527e-01 4.319287e-01 4.105480e-01 3.885428e-01 3.659464e-01 3.427931e-01 3.191179e-01 2.949566e-01 2.703457e-01 2.453226e-01 2.199250e-01 1.941914e-01 1.681607e-01 1.418723e-01 1.153658e-01 8.868147e-02 6.185953e-02 3.494053e-02 7.965157e-03 -1.902585e-02 -4.599174e-02 -7.289178e-02 -9.968538e-02 -1.263321e-01 -1.527918e-01 -1.790245e-01 -2.049907e-01 -2.306512e-01 -2.559675e-01 -2.809014e-01 -3.054155e-01 -3.294728e-01 -3.530372e-01 -3.760733e-01 -3.985467e-01 -4.204236e-01 -4.416712e-01 -4.622578e-01 -4.821526e-01 -5.013261e-01 -5.197495e-01 -5.373956e-01 -5.542381e-01 -5.702521e-01 -5.854141e-01 -5.997016e-01 -6.130938e-01 -6.255711e-01 -6.371153e-01 -6.477098e-01 -6.573393e-01 -6.659900e-01 -6.736497e-01 -6.803080e-01 -6.859560e-01 -6.905869e-01 -6.941955e-01 -6.967772e-01 -6.983242e-01 -6.988151e-01 
6.683768e-01 6.678694e-01 6.663480e-01 6.638148e-01 6.602738e-01 6.557302e-01 6.501910e-01 6.436646e-01 6.361607e-01 6.276909e-01 6.182680e-01 6.079061e-01 5.966210e-01 5.844298e-01 5.713510e-01 5.574043e-01 5.426109e-01 5.269933e-01 5.105749e-01 4.933808e-01 4.754369e-01 4.567704e-01 4.374095e-01 4.173837e-01 3.967231e-01 3.754592e-01 3.536239e-01 3.312505e-01 3.083728e-01 2.850253e-01 2.612435e-01 2.370632e-01 2.125211e-01 1.876544e-01 1.625005e-01 1.370976e-01 1.114840e-01 8.569849e-02 5.978004e-02 3.376780e-02 7.701080e-03 -1.838075e-02 -4.443830e-02 -7.043223e-02 -9.632330e-02 -1.220725e-01 -1.476408e-01 -1.729899e-01 -1.980815e-01 -2.228777e-01 -2.473413e-01 -2.714353e-01 -2.951237e-01 -3.183707e-01 -3.411414e-01 -3.634017e-01 -3.851181e-01 -4.062582e-01 -4.267902e-01 -4.466835e-01 -4.659083e-01 -4.844361e-01 -5.022391e-01 -5.192909e-01 -5.355663e-01 -5.510411e-01 -5.656926e-01 -5.794991e-01 -5.924404e-01 -6.044976e-01 -6.156532e-01 -6.258911e-01 -6.351964e-01 -6.435560e-01 -6.509579e-01 -6.573921e-01 -6.628501e-01 -6.673252e-01 -6.708124e-01 -6.733072e-01 -6.748021e-01 -6.752770e-01 
6.440670e-01 6.435781e-01 6.421120e-01 6.396710e-01 6.362588e-01 6.318805e-01 6.265428e-01 6.202538e-01 6.130229e-01 6.048612e-01 5.957810e-01 5.857961e-01 5.749215e-01 5.631738e-01 5.505707e-01 5.371314e-01 5.228762e-01 5.078266e-01 4.920055e-01 4.754369e-01 4.581457e-01 4.401583e-01 4.215017e-01 4.022044e-01 3.822954e-01 3.618050e-01 3.407641e-01 3.192046e-01 2.971591e-01 2.746610e-01 2.517443e-01 2.284437e-01 2.047945e-01 1.808323e-01 1.565935e-01 1.321147e-01 1.074330e-01 8.258553e-02 5.760998e-02 3.254405e-02 7.425623e-03 -1.770736e-02 -4.281695e-02 -6.786524e-02 -9.281442e-02 -1.176268e-01 -1.422651e-01 -1.666920e-01 -1.908707e-01 -2.147649e-01 -2.383385e-01 -2.615561e-01 -2.843827e-01 -3.067841e-01 -3.287265e-01 -3.501770e-01 -3.711035e-01 -3.914746e-01 -4.112598e-01 -4.304295e-01 -4.489550e-01 -4.668089e-01 -4.839644e-01 -5.003960e-01 -5.160795e-01 -5.309915e-01 -5.451102e-01 -5.584146e-01 -5.708854e-01 -5.825042e-01 -5.932542e-01 -6.031198e-01 -6.120869e-01 -6.201425e-01 -6.272754e-01 -6.334758e-01 -6.387354e-01 -6.430479e-01 -6.464083e-01 -6.488125e-01 -6.502531e-01 -6.507111e-01 
6.187783e-01 6.183086e-01 6.169001e-01 6.145550e-01 6.112767e-01 6.070704e-01 6.019423e-01 5.959002e-01 5.889533e-01 5.811121e-01 5.723885e-01 5.627957e-01 5.523481e-01 5.410618e-01 5.289537e-01 5.160421e-01 5.023467e-01 4.878881e-01 4.726884e-01 4.567704e-01 4.401583e-01 4.228772e-01 4.049534e-01 3.864138e-01 3.672867e-01 3.476010e-01 3.273864e-01 3.066736e-01 2.854939e-01 2.638794e-01 2.418627e-01 2.194772e-01 1.967567e-01 1.737356e-01 1.504488e-01 1.269313e-01 1.032189e-01 7.934732e-02 5.535265e-02 3.127115e-02 7.139219e-03 -1.700670e-02 -4.113014e-02 -6.519469e-02 -8.916402e-02 -1.130020e-01 -1.366726e-01 -1.601401e-01 -1.833693e-01 -2.063251e-01 -2.289729e-01 -2.512787e-01 -2.732088e-01 -2.947304e-01 -3.158111e-01 -3.364193e-01 -3.565240e-01 -3.760951e-01 -3.951033e-01 -4.135202e-01 -4.313183e-01 -4.484711e-01 -4.649530e-01 -4.807395e-01 -4.958071e-01 -5.101337e-01 -5.236980e-01 -5.364801e-01 -5.484613e-01 -5.596240e-01 -5.699520e-01 -5.794304e-01 -5.880455e-01 -5.957850e-01 -6.026380e-01 -6.085951e-01 -6.136483e-01 -6.177916e-01 -6.210201e-01 -6.233299e-01 -6.247140e-01 -6.251546e-01 
5.925490e-01 5.920992e-01 5.907504e-01 5.885046e-01 5.853654e-01 5.813374e-01 5.764267e-01 5.706408e-01 5.639884e-01 5.564796e-01 5.481259e-01 5.389397e-01 5.289351e-01 5.181273e-01 5.065325e-01 4.941683e-01 4.810536e-01 4.672080e-01 4.526527e-01 4.374095e-01 4.215017e-01 4.049534e-01 3.877894e-01 3.700360e-01 3.517198e-01 3.328687e-01 3.135112e-01 2.936766e-01 2.733949e-01 2.526967e-01 2.316135e-01 2.101772e-01 1.884200e-01 1.663750e-01 1.440755e-01 1.215552e-01 9.884820e-02 7.598877e-02 5.301148e-02 2.995105e-02 6.842319e-03 -1.627980e-02 -3.938040e-02 -6.242459e-02 -8.537761e-02 -1.082048e-01 -1.308718e-01 -1.533443e-01 -1.755886e-01 -1.975710e-01 -2.192585e-01 -2.406185e-01 -2.616189e-01 -2.822280e-01 -3.024149e-01 -3.221493e-01 -3.414015e-01 -3.601429e-01 -3.783452e-01 -3.959813e-01 -4.130249e-01 -4.294505e-01 -4.452336e-01 -4.603509e-01 -4.747798e-01 -4.884990e-01 -5.014884e-01 -5.137287e-01 -5.252020e-01 -5.358916e-01 -5.457819e-01 -5.548586e-01 -5.631086e-01 -5.705201e-01 -5.770828e-01 -5.827874e-01 -5.876266e-01 -5.915943e-01 -5.946861e-01 -5.968979e-01 -5.982234e-01 -5.986459e-01 
5.654187e-01 5.649894e-01 5.637024e-01 5.615595e-01 5.585640e-01 5.547205e-01 5.500347e-01 5.445137e-01 5.381660e-01 5.310010e-01 5.230298e-01 5.142643e-01 5.047179e-01 4.944050e-01 4.833412e-01 4.715432e-01 4.590290e-01 4.458175e-01 4.319287e-01 4.173837e-01 4.022044e-01 3.864138e-01 3.700360e-01 3.530955e-01 3.356182e-01 3.176304e-01 2.991594e-01 2.802331e-01 2.608803e-01 2.411301e-01 2.210124e-01 2.005578e-01 1.797970e-01 1.587617e-01 1.374834e-01 1.159946e-01 9.432748e-02 7.251499e-02 5.059003e-02 2.858575e-02 6.535391e-03 -1.552775e-02 -3.757034e-02 -5.955912e-02 -8.146089e-02 -1.032426e-01 -1.248714e-01 -1.463147e-01 -1.675402e-01 -1.885158e-01 -2.092101e-01 -2.295918e-01 -2.496303e-01 -2.692956e-01 -2.885579e-01 -3.073885e-01 -3.257591e-01 -3.436421e-01 -3.610108e-01 -3.778393e-01 -3.941023e-01 -4.097757e-01 -4.248360e-01 -4.392610e-01 -4.530292e-01 -4.661202e-01 -4.785148e-01 -4.901946e-01 -5.011426e-01 -5.113428e-01 -5.207803e-01 -5.294414e-01 -5.373138e-01 -5.443860e-01 -5.506483e-01 -5.560918e-01 -5.607095e-01 -5.644957e-01 -5.674459e-01 -5.695564e-01 -5.708213e-01 -5.712251e-01 
5.374285e-01 5.370205e-01 5.357972e-01 5.337604e-01 5.309132e-01 5.272599e-01 5.228061e-01 5.175585e-01 5.115251e-01 5.047149e-01 4.971384e-01 4.888069e-01 4.797331e-01 4.699308e-01 4.594148e-01 4.482010e-01 4.363065e-01 4.237491e-01 4.105480e-01 3.967231e-01 3.822954e-01 3.672867e-01 3.517198e-01 3.356182e-01 3.190062e-01 3.019091e-01 2.843527e-01 2.663636e-01 2.479690e-01 2.291968e-01 2.100753e-01 1.906335e-01 1.709008e-01 1.509071e-01 1.306825e-01 1.102577e-01 8.966360e-02 6.893123e-02 4.809199e-02 2.717735e-02 6.218915e-03 -1.475166e-02 -3.570270e-02 -5.660258e-02 -7.741977e-02 -9.812284e-02 -1.186806e-01 -1.390620e-01 -1.592363e-01 -1.791733e-01 -1.988427e-01 -2.182151e-01 -2.372613e-01 -2.559527e-01 -2.742612e-01 -2.921593e-01 -3.096202e-01 -3.266176e-01 -3.431263e-01 -3.591214e-01 -3.745791e-01 -3.894764e-01 -4.037910e-01 -4.175017e-01 -4.305882e-01 -4.430310e-01 -4.548119e-01 -4.659135e-01 -4.763194e-01 -4.860146e-01 -4.949849e-01 -5.032173e-01 -5.106999e-01 -5.174221e-01 -5.233744e-01 -5.285486e-01 -5.329377e-01 -5.365365e-01 -5.393407e-01 -5.413467e-01 -5.425490e-01 -5.429335e-01 
5.086207e-01 5.082346e-01 5.070769e-01 5.051493e-01 5.024548e-01 4.989974e-01 4.947823e-01 4.898161e-01 4.841061e-01 4.776611e-01 4.704907e-01 4.626059e-01 4.540186e-01 4.447419e-01 4.347897e-01 4.241771e-01 4.129202e-01 4.010361e-01 3.885428e-01 3.754592e-01 3.618050e-01 3.476010e-01 3.328687e-01 3.176304e-01 3.019091e-01 2.857287e-01 2.691136e-01 2.520891e-01 2.346808e-01 2.169151e-01 1.988189e-01 1.804195e-01 1.617449e-01 1.428232e-01 1.236831e-01 1.043535e-01 8.486362e-02 6.524295e-02 4.552114e-02 2.572798e-02 5.893389e-03 -1.395269e-02 -3.378028e-02 -5.355944e-02 -7.326034e-02 -9.285324e-02 -1.123086e-01 -1.315971e-01 -1.506896e-01 -1.695574e-01 -1.881721e-01 -2.065057e-01 -2.245305e-01 -2.422196e-01 -2.595463e-01 -2.764846e-01 -2.930092e-01 -3.090952e-01 -3.247186e-01 -3.398560e-01 -3.544848e-01 -3.685833e-01 -3.821303e-01 -3.951059e-01 -4.074906e-01 -4.192663e-01 -4.304155e-01 -4.409219e-01 -4.507699e-01 -4.599453e-01 -4.684347e-01 -4.762257e-01 -4.833072e-01 -4.896691e-01 -4.953023e-01 -5.001992e-01 -5.043531e-01 -5.077590e-01 -5.104128e-01 -5.123112e-01 -5.134492e-01 -5.138138e-01 
4.790391e-01 4.786755e-01 4.775851e-01 4.757696e-01 4.732318e-01 4.699755e-01 4.660057e-01 4.613283e-01 4.559505e-01 4.498804e-01 4.431272e-01 4.357010e-01 4.276133e-01 4.188762e-01 4.095029e-01 3.995077e-01 3.889057e-01 3.777130e-01 3.659464e-01 3.536239e-01 3.407641e-01 3.273864e-01 3.135112e-01 2.991594e-01 2.843527e-01 2.691136e-01 2.534652e-01 2.374311e-01 2.210356e-01 2.043035e-01 1.872601e-01 1.699312e-01 1.523431e-01 1.345222e-01 1.164957e-01 9.829073e-02 7.993483e-02 6.145573e-02 4.288139e-02 2.423987e-02 5.559322e-03 -1.313203e-02 -3.180596e-02 -5.043428e-02 -6.898887e-02 -8.744175e-02 -1.057651e-01 -1.239312e-01 -1.419128e-01 -1.596828e-01 -1.772143e-01 -1.944811e-01 -2.114572e-01 -2.281170e-01 -2.444355e-01 -2.603882e-01 -2.759512e-01 -2.911012e-01 -3.058155e-01 -3.200721e-01 -3.338498e-01 -3.471279e-01 -3.598867e-01 -3.721072e-01 -3.837714e-01 -3.948620e-01 -4.053625e-01 -4.152575e-01 -4.245326e-01 -4.331742e-01 -4.411697e-01 -4.485075e-01 -4.551770e-01 -4.611688e-01 -4.664744e-01 -4.710864e-01 -4.749988e-01 -4.782065e-01 -4.807060e-01 -4.824939e-01 -4.835657e-01 -4.839099e-01 
4.487283e-01 4.483877e-01 4.473663e-01 4.456658e-01 4.432886e-01 4.402384e-01 4.365198e-01 4.321384e-01 4.271010e-01 4.214150e-01 4.150892e-01 4.081330e-01 4.005571e-01 3.923730e-01 3.835929e-01 3.742303e-01 3.642993e-01 3.538150e-01 3.427931e-01 3.312505e-01 3.192046e-01 3.066736e-01 2.936766e-01 2.802331e-01 2.663636e-01 2.520891e-01 2.374311e-01 2.224118e-01 2.070541e-01 1.913810e-01 1.754164e-01 1.591844e-01 1.427096e-01 1.260168e-01 1.091313e-01 9.207867e-02 7.488469e-02 5.757533e-02 4.017676e-02 2.271527e-02 5.217236e-03 -1.229090e-02 -2.978272e-02 -4.723179e-02 -6.461180e-02 -8.189653e-02 -9.905989e-02 -1.160760e-01 -1.329193e-01 -1.495643e-01 -1.659860e-01 -1.821597e-01 -1.980610e-01 -2.136661e-01 -2.289515e-01 -2.438943e-01 -2.584720e-01 -2.726629e-01 -2.864457e-01 -2.997997e-01 -3.127051e-01 -3.251426e-01 -3.370937e-01 -3.485406e-01 -3.594664e-01 -3.698548e-01 -3.796906e-01 -3.889593e-01 -3.976472e-01 -4.057417e-01 -4.132311e-01 -4.201044e-01 -4.263518e-01 -4.319644e-01 -4.369342e-01 -4.412543e-01 -4.449191e-01 -4.479238e-01 -4.502650e-01 -4.519396e-01 -4.529436e-01 -4.532670e-01 
4.177343e-01 4.174172e-01 4.164664e-01 4.148833e-01 4.126704e-01 4.098309e-01 4.063692e-01 4.022905e-01 3.976011e-01 3.923079e-01 3.864191e-01 3.799436e-01 3.728911e-01 3.652723e-01 3.570989e-01 3.483831e-01 3.391382e-01 3.293782e-01 3.191179e-01 3.083728e-01 2.971591e-01 2.854939e-01 2.733949e-01 2.608803e-01 2.479690e-01 2.346808e-01 2.210356e-01 2.070541e-01 1.927575e-01 1.781674e-01 1.633059e-01 1.481955e-01 1.328590e-01 1.173197e-01 1.016010e-01 8.572671e-02 6.972085e-02 5.360761e-02 3.741134e-02 2.115650e-02 4.867665e-03 -1.143057e-02 -2.771359e-02 -4.395682e-02 -6.013574e-02 -7.622595e-02 -9.220317e-02 -1.080433e-01 -1.237225e-01 -1.392172e-01 -1.545040e-01 -1.695598e-01 -1.843622e-01 -1.988888e-01 -2.131178e-01 -2.270278e-01 -2.405980e-01 -2.538081e-01 -2.666383e-01 -2.790694e-01 -2.910828e-01 -3.026607e-01 -3.137858e-01 -3.244415e-01 -3.346122e-01 -3.442826e-01 -3.534386e-01 -3.620667e-01 -3.701542e-01 -3.776893e-01 -3.846611e-01 -3.910594e-01 -3.968751e-01 -4.020998e-01 -4.067262e-01 -4.107478e-01 -4.141594e-01 -4.169564e-01 -4.191358e-01 -4.206946e-01 -4.216293e-01 -4.219314e-01 
3.861039e-01 3.858108e-01 3.849320e-01 3.834688e-01 3.814235e-01 3.787991e-01 3.755995e-01 3.718298e-01 3.674955e-01 3.626032e-01 3.571604e-01 3.511753e-01 3.446570e-01 3.376153e-01 3.300609e-01 3.220052e-01 3.134606e-01 3.044398e-01 2.949566e-01 2.850253e-01 2.746610e-01 2.638794e-01 2.526967e-01 2.411301e-01 2.291968e-01 2.169151e-01 2.043035e-01 1.913810e-01 1.781674e-01 1.646825e-01 1.509468e-01 1.369810e-01 1.228063e-01 1.084441e-01 9.391618e-02 7.924446e-02 6.445115e-02 4.955860e-02 3.458933e-02 1.956595e-02 4.511153e-03 -1.055231e-02 -2.560170e-02 -4.061429e-02 -5.556743e-02 -7.043856e-02 -8.520526e-02 -9.984525e-02 -1.143365e-01 -1.286571e-01 -1.427856e-01 -1.567007e-01 -1.703815e-01 -1.838074e-01 -1.969582e-01 -2.098142e-01 -2.223562e-01 -2.345653e-01 -2.464232e-01 -2.579124e-01 -2.690155e-01 -2.797160e-01 -2.899981e-01 -2.998464e-01 -3.092464e-01 -3.181840e-01 -3.266462e-01 -3.346205e-01 -3.420952e-01 -3.490594e-01 -3.555028e-01 -3.614164e-01 -3.667914e-01 -3.716202e-01 -3.758961e-01 -3.796131e-01 -3.827661e-01 -3.853513e-01 -3.873654e-01 -3.888060e-01 -3.896699e-01 -3.899502e-01 
3.538850e-01 3.536164e-01 3.528110e-01 3.514699e-01 3.495953e-01 3.471899e-01 3.442574e-01 3.408023e-01 3.368298e-01 3.323459e-01 3.273574e-01 3.218718e-01 3.158976e-01 3.094436e-01 3.025198e-01 2.951366e-01 2.873051e-01 2.790374e-01 2.703457e-01 2.612435e-01 2.517443e-01 2.418627e-01 2.316135e-01 2.210124e-01 2.100753e-01 1.988189e-01 1.872601e-01 1.754164e-01 1.633059e-01 1.509468e-01 1.383577e-01 1.255579e-01 1.125666e-01 9.940352e-02 8.608852e-02 7.264175e-02 5.908356e-02 4.543444e-02 3.171502e-02 1.794602e-02 4.148256e-03 -9.657436e-03 -2.345021e-02 -3.720924e-02 -5.091376e-02 -6.454311e-02 -7.807672e-02 -9.149419e-02 -1.047753e-01 -1.179001e-01 -1.308487e-01 -1.436017e-01 -1.561400e-01 -1.684446e-01 -1.804972e-01 -1.922795e-01 -2.037740e-01 -2.149635e-01 -2.258311e-01 -2.363607e-01 -2.465365e-01 -2.563433e-01 -2.657666e-01 -2.747924e-01 -2.834072e-01 -2.915984e-01 -2.993539e-01 -3.066621e-01 -3.135125e-01 -3.198950e-01 -3.258003e-01 -3.312200e-01 -3.361461e-01 -3.405716e-01 -3.444904e-01 -3.478970e-01 -3.507867e-01 -3.531560e-01 -3.550018e-01 -3.563219e-01 -3.571137e-01 -3.573719e-01 
3.211264e-01 3.208826e-01 3.201518e-01 3.189349e-01 3.172338e-01 3.150512e-01 3.123902e-01 3.092551e-01 3.056504e-01 3.015816e-01 2.970550e-01 2.920774e-01 2.866564e-01 2.808000e-01 2.745174e-01 2.678178e-01 2.607115e-01 2.532094e-01 2.453226e-01 2.370632e-01 2.284437e-01 2.194772e-01 2.101772e-01 2.005578e-01 1.906335e-01 1.804195e-01 1.699312e-01 1.591844e-01 1.481955e-01 1.369810e-01 1.255579e-01 1.139436e-01 1.021555e-01 9.021159e-02 7.812985e-02 6.592858e-02 5.362622e-02 4.124137e-02 2.879276e-02 1.629919e-02 3.779536e-03 -8.747286e-03 -2.126236e-02 -3.374680e-02 -4.618176e-02 -5.854848e-02 -7.082831e-02 -8.300274e-02 -9.505342e-02 -1.069622e-01 -1.187112e-01 -1.302826e-01 -1.416592e-01 -1.528238e-01 -1.637596e-01 -1.744503e-01 -1.848797e-01 -1.950323e-01 -2.048930e-01 -2.144468e-01 -2.236797e-01 -2.325778e-01 -2.411279e-01 -2.493173e-01 -2.571339e-01 -2.645660e-01 -2.716027e-01 -2.782337e-01 -2.844493e-01 -2.902404e-01 -2.955984e-01 -3.005158e-01 -3.049855e-01 -3.090009e-01 -3.125566e-01 -3.156475e-01 -3.182695e-01 -3.204192e-01 -3.220938e-01 -3.232914e-01 -3.240099e-01 -3.242457e-01 
2.878776e-01 2.876591e-01 2.870039e-01 2.859130e-01 2.843882e-01 2.824316e-01 2.800462e-01 2.772357e-01 2.740044e-01 2.703570e-01 2.662993e-01 2.618372e-01 2.569776e-01 2.517278e-01 2.460959e-01 2.400902e-01 2.337200e-01 2.269949e-01 2.199250e-01 2.125211e-01 2.047945e-01 1.967567e-01 1.884200e-01 1.797970e-01 1.709008e-01 1.617449e-01 1.523431e-01 1.427096e-01 1.328590e-01 1.228063e-01 1.125666e-01 1.021555e-01 9.158872e-02 8.088223e-02 7.005223e-02 5.911510e-02 4.808738e-02 3.698575e-02 2.582699e-02 1.462795e-02 3.405565e-03 -7.823222e-03 -1.904145e-02 -3.023219e-02 -4.137855e-02 -5.246372e-02 -6.347097e-02 -7.438372e-02 -8.518552e-02 -9.586010e-02 -1.063914e-01 -1.167636e-01 -1.269610e-01 -1.369684e-01 -1.467707e-01 -1.563533e-01 -1.657017e-01 -1.748019e-01 -1.836404e-01 -1.922040e-01 -2.004798e-01 -2.084555e-01 -2.161192e-01 -2.234597e-01 -2.304659e-01 -2.371275e-01 -2.434348e-01 -2.493783e-01 -2.549495e-01 -2.601402e-01 -2.649428e-01 -2.693504e-01 -2.733566e-01 -2.769558e-01 -2.801429e-01 -2.829134e-01 -2.852635e-01 -2.871903e-01 -2.886912e-01 -2.897644e-01 -2.904085e-01 -2.906214e-01 
2.541889e-01 2.539959e-01 2.534175e-01 2.524543e-01 2.511079e-01 2.493804e-01 2.472743e-01 2.447928e-01 2.419397e-01 2.387193e-01 2.351366e-01 2.311969e-01 2.269062e-01 2.222710e-01 2.172984e-01 2.119958e-01 2.063714e-01 2.004336e-01 1.941914e-01 1.876544e-01 1.808323e-01 1.737356e-01 1.663750e-01 1.587617e-01 1.509071e-01 1.428232e-01 1.345222e-01 1.260168e-01 1.173197e-01 1.084441e-01 9.940352e-02 9.021159e-02 8.088223e-02 7.142956e-02 6.186787e-02 5.221163e-02 4.247544e-02 3.267403e-02 2.282220e-02 1.293485e-02 3.026922e-03 -6.886627e-03 -1.679082e-02 -2.667072e-02 -3.651139e-02 -4.629801e-02 -5.601581e-02 -6.565014e-02 -7.518649e-02 -8.461049e-02 -9.390797e-02 -1.030649e-01 -1.120676e-01 -1.209025e-01 -1.295562e-01 -1.380160e-01 -1.462690e-01 -1.543029e-01 -1.621057e-01 -1.696657e-01 -1.769716e-01 -1.840127e-01 -1.907783e-01 -1.972585e-01 -2.034436e-01 -2.093245e-01 -2.148925e-01 -2.201395e-01 -2.250577e-01 -2.296400e-01 -2.338796e-01 -2.377706e-01 -2.413073e-01 -2.444846e-01 -2.472982e-01 -2.497440e-01 -2.518187e-01 -2.535196e-01 -2.548444e-01 -2.557916e-01 -2.563602e-01 -2.565501e-01 
2.201112e-01 2.199442e-01 2.194433e-01 2.186093e-01 2.174435e-01 2.159476e-01 2.141239e-01 2.119753e-01 2.095048e-01 2.067164e-01 2.036141e-01 2.002028e-01 1.964876e-01 1.924741e-01 1.881684e-01 1.835770e-01 1.787070e-01 1.735656e-01 1.681607e-01 1.625005e-01 1.565935e-01 1.504488e-01 1.440755e-01 1.374834e-01 1.306825e-01 1.236831e-01 1.164957e-01 1.091313e-01 1.016010e-01 9.391618e-02 8.608852e-02 7.812985e-02 7.005223e-02 6.186787e-02 5.358916e-02 4.522862e-02 3.679889e-02 2.831273e-02 1.978295e-02 1.122246e-02 2.644192e-03 -5.938904e-03 -1.451386e-02 -2.306774e-02 -3.158762e-02 -4.006066e-02 -4.847408e-02 -5.681519e-02 -6.507144e-02 -7.323037e-02 -8.127973e-02 -8.920739e-02 -9.700144e-02 -1.046502e-01 -1.121421e-01 -1.194660e-01 -1.266109e-01 -1.335660e-01 -1.403211e-01 -1.468660e-01 -1.531909e-01 -1.592864e-01 -1.651434e-01 -1.707533e-01 -1.761078e-01 -1.811989e-01 -1.860191e-01 -1.905613e-01 -1.948189e-01 -1.987857e-01 -2.024560e-01 -2.058243e-01 -2.088859e-01 -2.116365e-01 -2.140721e-01 -2.161894e-01 -2.179855e-01 -2.194578e-01 -2.206045e-01 -2.214242e-01 -2.219164e-01 -2.220830e-01 
1.856962e-01 1.855553e-01 1.851327e-01 1.844292e-01 1.834457e-01 1.821838e-01 1.806454e-01 1.788328e-01 1.767488e-01 1.743965e-01 1.717796e-01 1.689019e-01 1.657678e-01 1.623821e-01 1.587500e-01 1.548768e-01 1.507686e-01 1.464316e-01 1.418723e-01 1.370976e-01 1.321147e-01 1.269313e-01 1.215552e-01 1.159946e-01 1.102577e-01 1.043535e-01 9.829073e-02 9.207867e-02 8.572671e-02 7.924446e-02 7.264175e-02 6.592858e-02 5.911510e-02 5.221163e-02 4.522862e-02 3.817662e-02 3.106632e-02 2.390845e-02 1.671385e-02 9.493382e-03 2.257965e-03 -4.981472e-03 -1.221400e-02 -1.942869e-02 -2.661467e-02 -3.376108e-02 -4.085716e-02 -4.789221e-02 -5.485563e-02 -6.173693e-02 -6.852576e-02 -7.521190e-02 -8.178531e-02 -8.823612e-02 -9.455463e-02 -1.007314e-01 -1.067571e-01 -1.126228e-01 -1.183197e-01 -1.238393e-01 -1.291733e-01 -1.343139e-01 -1.392533e-01 -1.439843e-01 -1.484998e-01 -1.527932e-01 -1.568581e-01 -1.606885e-01 -1.642790e-01 -1.676242e-01 -1.707192e-01 -1.735597e-01 -1.761415e-01 -1.784610e-01 -1.805150e-01 -1.823005e-01 -1.838150e-01 -1.850566e-01 -1.860233e-01 -1.867141e-01 -1.871293e-01 -1.872723e-01 
