9.065597e-01 8.953964e-01 8.621808e-01 8.077297e-01 7.333823e-01 6.409669e-01 5.327566e-01 4.114131e-01 2.799217e-01 1.415178e-01 -3.925635e-04 -1.423164e-01 -2.807595e-01 -4.123125e-01 -5.337348e-01 -6.420340e-01 -7.345397e-01 -8.089700e-01 -8.634878e-01 -8.967466e-01 -9.079250e-01 
8.953964e-01 8.843704e-01 8.515638e-01 7.977831e-01 7.243509e-01 6.330733e-01 5.261951e-01 4.063455e-01 2.764729e-01 1.397730e-01 -3.901972e-04 -1.405666e-01 -2.773051e-01 -4.072383e-01 -5.271654e-01 -6.341308e-01 -7.254972e-01 -7.990107e-01 -8.528569e-01 -8.857060e-01 -8.967466e-01 
8.621808e-01 8.515638e-01 8.199738e-01 7.681876e-01 6.974788e-01 6.095863e-01 5.066720e-01 3.912673e-01 2.662113e-01 1.345814e-01 -3.833339e-04 -1.353606e-01 -2.670273e-01 -3.921408e-01 -5.076191e-01 -6.106163e-01 -6.985929e-01 -7.693787e-01 -8.212267e-01 -8.528568e-01 -8.634878e-01 
8.077297e-01 7.977831e-01 7.681876e-01 7.196711e-01 6.534268e-01 5.710837e-01 4.746672e-01 3.665490e-01 2.493891e-01 1.260702e-01 -3.726551e-04 -1.268271e-01 -2.501797e-01 -3.673927e-01 -4.755785e-01 -5.720709e-01 -6.544910e-01 -7.208057e-01 -7.693787e-01 -7.990107e-01 -8.089700e-01 
7.333823e-01 7.243509e-01 6.974788e-01 6.534268e-01 5.932781e-01 5.185122e-01 4.309678e-01 3.327985e-01 2.264195e-01 1.144483e-01 -3.592178e-04 -1.151771e-01 -2.271784e-01 -3.336047e-01 -4.318342e-01 -5.194460e-01 -5.942802e-01 -6.544910e-01 -6.985929e-01 -7.254972e-01 -7.345397e-01 
6.409669e-01 6.330733e-01 6.095863e-01 5.710837e-01 5.185122e-01 4.531646e-01 3.766483e-01 2.908455e-01 1.978671e-01 1.000009e-01 -3.443457e-04 -1.006986e-01 -1.985910e-01 -2.916104e-01 -3.774653e-01 -4.540397e-01 -5.194460e-01 -5.720709e-01 -6.106163e-01 -6.341308e-01 -6.420340e-01 
5.327566e-01 5.261951e-01 5.066720e-01 4.746672e-01 4.309678e-01 3.766483e-01 3.130448e-01 2.417217e-01 1.644338e-01 8.308263e-02 -3.294971e-04 -8.374928e-02 -1.651227e-01 -2.424454e-01 -3.138126e-01 -3.774652e-01 -4.318342e-01 -4.755785e-01 -5.076191e-01 -5.271653e-01 -5.337348e-01 
4.114131e-01 4.063455e-01 3.912673e-01 3.665490e-01 3.327985e-01 2.908455e-01 2.417217e-01 1.866354e-01 1.269415e-01 6.410890e-02 -3.161205e-04 -6.474759e-02 -1.275989e-01 -1.873221e-01 -2.424454e-01 -2.916104e-01 -3.336047e-01 -3.673927e-01 -3.921408e-01 -4.072382e-01 -4.123125e-01 
2.799217e-01 2.764729e-01 2.662113e-01 2.493891e-01 2.264195e-01 1.978671e-01 1.644338e-01 1.269415e-01 8.631241e-02 4.354593e-02 -3.055157e-04 -4.416246e-02 -8.694491e-02 -1.275989e-01 -1.651226e-01 -1.985909e-01 -2.271784e-01 -2.501797e-01 -2.670272e-01 -2.773050e-01 -2.807594e-01 
1.415178e-01 1.397730e-01 1.345814e-01 1.260702e-01 1.144483e-01 1.000009e-01 8.308263e-02 6.410890e-02 4.354593e-02 2.189924e-02 -2.987100e-04 -2.250155e-02 -4.416245e-02 -6.474756e-02 -8.374923e-02 -1.006986e-01 -1.151771e-01 -1.268270e-01 -1.353605e-01 -1.405665e-01 -1.423163e-01 
-3.925635e-04 -3.901972e-04 -3.833339e-04 -3.726551e-04 -3.592178e-04 -3.443457e-04 -3.294971e-04 -3.161205e-04 -3.055157e-04 -2.987100e-04 -2.963609e-04 -2.986949e-04 -3.054860e-04 -3.160769e-04 -3.294406e-04 -3.442778e-04 -3.591400e-04 -3.725694e-04 -3.832423e-04 -3.901021e-04 -3.924676e-04 
-1.423164e-01 -1.405666e-01 -1.353606e-01 -1.268271e-01 -1.151771e-01 -1.006986e-01 -8.374928e-02 -6.474759e-02 -4.416246e-02 -2.250155e-02 -2.986949e-04 2.189927e-02 4.354598e-02 6.410896e-02 8.308270e-02 1.000010e-01 1.144484e-01 1.260703e-01 1.345815e-01 1.397731e-01 1.415179e-01 
-2.807595e-01 -2.773051e-01 -2.670273e-01 -2.501797e-01 -2.271784e-01 -1.985910e-01 -1.651227e-01 -1.275989e-01 -8.694491e-02 -4.416245e-02 -3.054860e-04 4.354598e-02 8.631247e-02 1.269416e-01 1.644338e-01 1.978672e-01 2.264196e-01 2.493892e-01 2.662115e-01 2.764731e-01 2.799218e-01 
-4.123125e-01 -4.072383e-01 -3.921408e-01 -3.673927e-01 -3.336047e-01 -2.916104e-01 -2.424454e-01 -1.873221e-01 -1.275989e-01 -6.474756e-02 -3.160769e-04 6.410896e-02 1.269416e-01 1.866355e-01 2.417218e-01 2.908456e-01 3.327986e-01 3.665491e-01 3.912674e-01 4.063456e-01 4.114133e-01 
-5.337348e-01 -5.271654e-01 -5.076191e-01 -4.755785e-01 -4.318342e-01 -3.774653e-01 -3.138126e-01 -2.424454e-01 -1.651226e-01 -8.374923e-02 -3.294406e-04 8.308270e-02 1.644338e-01 2.417218e-01 3.130449e-01 3.766484e-01 4.309679e-01 4.746673e-01 5.066721e-01 5.261953e-01 5.327567e-01 
-6.420340e-01 -6.341308e-01 -6.106163e-01 -5.720709e-01 -5.194460e-01 -4.540397e-01 -3.774652e-01 -2.916104e-01 -1.985909e-01 -1.006986e-01 -3.442778e-04 1.000010e-01 1.978672e-01 2.908456e-01 3.766484e-01 4.531647e-01 5.185123e-01 5.710838e-01 6.095865e-01 6.330734e-01 6.409671e-01 
-7.345397e-01 -7.254972e-01 -6.985929e-01 -6.544910e-01 -5.942802e-01 -5.194460e-01 -4.318342e-01 -3.336047e-01 -2.271784e-01 -1.151771e-01 -3.591400e-04 1.144484e-01 2.264196e-01 3.327986e-01 4.309679e-01 5.185123e-01 5.932783e-01 6.534269e-01 6.974789e-01 7.243511e-01 7.333825e-01 
-8.089700e-01 -7.990107e-01 -7.693787e-01 -7.208057e-01 -6.544910e-01 -5.720709e-01 -4.755785e-01 -3.673927e-01 -2.501797e-01 -1.268270e-01 -3.725694e-04 1.260703e-01 2.493892e-01 3.665491e-01 4.746673e-01 5.710838e-01 6.534269e-01 7.196713e-01 7.681877e-01 7.977832e-01 8.077299e-01 
-8.634878e-01 -8.528569e-01 -8.212267e-01 -7.693787e-01 -6.985929e-01 -6.106163e-01 -5.076191e-01 -3.921408e-01 -2.670272e-01 -1.353605e-01 -3.832423e-04 1.345815e-01 2.662115e-01 3.912674e-01 5.066721e-01 6.095865e-01 6.974789e-01 7.681877e-01 8.199739e-01 8.515639e-01 8.621809e-01 
-8.967466e-01 -8.857060e-01 -8.528568e-01 -7.990107e-01 -7.254972e-01 -6.341308e-01 -5.271653e-01 -4.072382e-01 -2.773050e-01 -1.405665e-01 -3.901021e-04 1.397731e-01 2.764731e-01 4.063456e-01 5.261953e-01 6.330734e-01 7.243511e-01 7.977832e-01 8.515639e-01 8.843706e-01 8.953965e-01 
-9.079250e-01 -8.967466e-01 -8.634878e-01 -8.089700e-01 -7.345397e-01 -6.420340e-01 -5.337348e-01 -4.123125e-01 -2.807594e-01 -1.423163e-01 -3.924676e-04 1.415179e-01 2.799218e-01 4.114133e-01 5.327567e-01 6.409671e-01 7.333825e-01 8.077299e-01 8.621809e-01 8.953965e-01 9.065599e-01 
