9.045302e-01 9.038221e-01 9.016991e-01 8.981644e-01 8.932237e-01 8.868846e-01 8.791571e-01 8.700533e-01 8.595876e-01 8.477763e-01 8.346380e-01 8.201934e-01 8.044651e-01 7.874777e-01 7.692580e-01 7.498346e-01 7.292379e-01 7.075003e-01 6.846560e-01 6.607407e-01 6.357921e-01 6.098494e-01 5.829532e-01 5.551458e-01 5.264709e-01 4.969735e-01 4.667000e-01 4.356979e-01 4.040160e-01 3.717039e-01 3.388126e-01 3.053936e-01 2.714995e-01 2.371836e-01 2.024999e-01 1.675028e-01 1.322474e-01 9.678924e-02 6.118399e-02 2.548772e-02 -1.024339e-02 -4.595309e-02 -8.158513e-02 -1.170834e-01 -1.523920e-01 -1.874552e-01 -2.222177e-01 -2.566247e-01 -2.906220e-01 -3.241557e-01 -3.571730e-01 -3.896217e-01 -4.214503e-01 -4.526086e-01 -4.830471e-01 -5.127176e-01 -5.415730e-01 -5.695674e-01 -5.966563e-01 -6.227965e-01 -6.479463e-01 -6.720654e-01 -6.951153e-01 -7.170590e-01 -7.378610e-01 -7.574878e-01 -7.759076e-01 -7.930904e-01 -8.090082e-01 -8.236348e-01 -8.369461e-01 -8.489199e-01 -8.595363e-01 -8.687768e-01 -8.766250e-01 -8.830661e-01 -8.880871e-01 -8.916789e-01 -8.938416e-01 -8.946001e-01 
9.038221e-01 9.031146e-01 9.009933e-01 8.974614e-01 8.925245e-01 8.861903e-01 8.784689e-01 8.693723e-01 8.589147e-01 8.471127e-01 8.339847e-01 8.195514e-01 8.038353e-01 7.868613e-01 7.686558e-01 7.492476e-01 7.286670e-01 7.069465e-01 6.841200e-01 6.602235e-01 6.352944e-01 6.093720e-01 5.824968e-01 5.547112e-01 5.260587e-01 4.965844e-01 4.663346e-01 4.353568e-01 4.036997e-01 3.714129e-01 3.385473e-01 3.051545e-01 2.712869e-01 2.369979e-01 2.023413e-01 1.673716e-01 1.321438e-01 9.671340e-02 6.113602e-02 2.546769e-02 -1.023545e-02 -4.591720e-02 -8.152135e-02 -1.169918e-01 -1.522728e-01 -1.873085e-01 -2.220438e-01 -2.564239e-01 -2.903946e-01 -3.239021e-01 -3.568935e-01 -3.893168e-01 -4.211205e-01 -4.522544e-01 -4.826691e-01 -5.123163e-01 -5.411491e-01 -5.691216e-01 -5.961893e-01 -6.223090e-01 -6.474391e-01 -6.715393e-01 -6.945712e-01 -7.164976e-01 -7.372834e-01 -7.568948e-01 -7.753001e-01 -7.924695e-01 -8.083748e-01 -8.229899e-01 -8.362908e-01 -8.482553e-01 -8.588633e-01 -8.680965e-01 -8.759386e-01 -8.823746e-01 -8.873917e-01 -8.909807e-01 -8.931416e-01 -8.938995e-01 
9.016991e-01 9.009933e-01 8.988769e-01 8.953533e-01 8.904280e-01 8.841087e-01 8.764054e-01 8.673301e-01 8.568972e-01 8.451229e-01 8.320257e-01 8.176263e-01 8.019471e-01 7.850129e-01 7.668503e-01 7.474876e-01 7.269554e-01 7.052859e-01 6.825130e-01 6.586726e-01 6.338021e-01 6.079405e-01 5.811285e-01 5.534081e-01 5.248229e-01 4.954179e-01 4.652391e-01 4.343341e-01 4.027513e-01 3.705403e-01 3.377519e-01 3.044375e-01 2.706495e-01 2.364410e-01 2.018658e-01 1.669783e-01 1.318332e-01 9.648600e-02 6.099219e-02 2.540763e-02 -1.021165e-02 -4.580958e-02 -8.133011e-02 -1.167173e-01 -1.519153e-01 -1.868688e-01 -2.215225e-01 -2.558218e-01 -2.897127e-01 -3.231415e-01 -3.560554e-01 -3.884025e-01 -4.201315e-01 -4.511922e-01 -4.815354e-01 -5.111130e-01 -5.398781e-01 -5.677848e-01 -5.947889e-01 -6.208472e-01 -6.459182e-01 -6.699619e-01 -6.929396e-01 -7.148145e-01 -7.355513e-01 -7.551167e-01 -7.734788e-01 -7.906077e-01 -8.064756e-01 -8.210564e-01 -8.343259e-01 -8.462623e-01 -8.568453e-01 -8.660569e-01 -8.738805e-01 -8.803014e-01 -8.853066e-01 -8.888871e-01 -8.910430e-01 -8.917991e-01 
8.981644e-01 8.974614e-01 8.953533e-01 8.918435e-01 8.869375e-01 8.806430e-01 8.729699e-01 8.639302e-01 8.535381e-01 8.418100e-01 8.287641e-01 8.144211e-01 7.988035e-01 7.819356e-01 7.638441e-01 7.445574e-01 7.241057e-01 7.025210e-01 6.798374e-01 6.560905e-01 6.313174e-01 6.055572e-01 5.788503e-01 5.512386e-01 5.227655e-01 4.934756e-01 4.634152e-01 4.326312e-01 4.011722e-01 3.690876e-01 3.364277e-01 3.032438e-01 2.695883e-01 2.355139e-01 2.010742e-01 1.663234e-01 1.313161e-01 9.610741e-02 6.075271e-02 2.530764e-02 -1.017202e-02 -4.563041e-02 -8.101170e-02 -1.162602e-01 -1.513202e-01 -1.861367e-01 -2.206545e-01 -2.548194e-01 -2.885774e-01 -3.218751e-01 -3.546600e-01 -3.868803e-01 -4.184849e-01 -4.494238e-01 -4.796481e-01 -5.091097e-01 -5.377619e-01 -5.655592e-01 -5.924574e-01 -6.184135e-01 -6.433862e-01 -6.673355e-01 -6.902231e-01 -7.120122e-01 -7.326677e-01 -7.521563e-01 -7.704463e-01 -7.875081e-01 -8.033137e-01 -8.178372e-01 -8.310547e-01 -8.429441e-01 -8.534856e-01 -8.626610e-01 -8.704539e-01 -8.768495e-01 -8.818351e-01 -8.854016e-01 -8.875490e-01 -8.883021e-01 
8.932237e-01 8.925245e-01 8.904280e-01 8.869375e-01 8.820585e-01 8.757986e-01 8.681677e-01 8.591777e-01 8.488428e-01 8.371792e-01 8.242051e-01 8.099410e-01 7.944092e-01 7.776342e-01 7.596422e-01 7.404615e-01 7.201223e-01 6.986564e-01 6.760975e-01 6.524812e-01 6.278444e-01 6.022259e-01 5.756658e-01 5.482060e-01 5.198895e-01 4.907608e-01 4.608656e-01 4.302510e-01 3.989651e-01 3.670569e-01 3.345766e-01 3.015753e-01 2.681048e-01 2.342179e-01 1.999676e-01 1.654079e-01 1.305932e-01 9.557820e-02 6.041797e-02 2.516787e-02 -1.011663e-02 -4.537998e-02 -8.056665e-02 -1.156212e-01 -1.504884e-01 -1.851133e-01 -2.194413e-01 -2.534182e-01 -2.869905e-01 -3.201050e-01 -3.527096e-01 -3.847526e-01 -4.161833e-01 -4.469520e-01 -4.770099e-01 -5.063094e-01 -5.348040e-01 -5.624483e-01 -5.891985e-01 -6.150117e-01 -6.398470e-01 -6.636645e-01 -6.864261e-01 -7.080952e-01 -7.286370e-01 -7.480182e-01 -7.662076e-01 -7.831754e-01 -7.988939e-01 -8.133374e-01 -8.264821e-01 -8.383061e-01 -8.487895e-01 -8.579143e-01 -8.656642e-01 -8.720246e-01 -8.769827e-01 -8.805295e-01 -8.826651e-01 -8.834139e-01 
8.868846e-01 8.861903e-01 8.841087e-01 8.806430e-01 8.757986e-01 8.695832e-01 8.620064e-01 8.530802e-01 8.428186e-01 8.312377e-01 8.183557e-01 8.041929e-01 7.887713e-01 7.721153e-01 7.542510e-01 7.352064e-01 7.150115e-01 6.936979e-01 6.712992e-01 6.478504e-01 6.233884e-01 5.979517e-01 5.715801e-01 5.443151e-01 5.161996e-01 4.872775e-01 4.575945e-01 4.271972e-01 3.961332e-01 3.644514e-01 3.322016e-01 2.994345e-01 2.662016e-01 2.325551e-01 1.985478e-01 1.642334e-01 1.296657e-01 9.489920e-02 5.998849e-02 2.498853e-02 -1.004558e-02 -4.505868e-02 -7.999564e-02 -1.148014e-01 -1.494212e-01 -1.838004e-01 -2.178847e-01 -2.516205e-01 -2.849545e-01 -3.178340e-01 -3.502071e-01 -3.820227e-01 -4.132303e-01 -4.437806e-01 -4.736252e-01 -5.027167e-01 -5.310090e-01 -5.584570e-01 -5.850172e-01 -6.106472e-01 -6.353061e-01 -6.589545e-01 -6.815544e-01 -7.030697e-01 -7.234655e-01 -7.427091e-01 -7.607692e-01 -7.776165e-01 -7.932234e-01 -8.075642e-01 -8.206155e-01 -8.323554e-01 -8.427643e-01 -8.518242e-01 -8.595190e-01 -8.658342e-01 -8.707571e-01 -8.742786e-01 -8.763990e-01 -8.771425e-01 
8.791571e-01 8.784689e-01 8.764054e-01 8.729699e-01 8.681677e-01 8.620064e-01 8.544956e-01 8.456472e-01 8.354750e-01 8.239950e-01 8.112253e-01 7.971858e-01 7.818986e-01 7.653877e-01 7.476790e-01 7.288003e-01 7.087814e-01 6.876535e-01 6.654498e-01 6.422054e-01 6.179565e-01 5.927414e-01 5.665995e-01 5.395721e-01 5.117015e-01 4.830314e-01 4.536070e-01 4.234745e-01 3.926811e-01 3.612753e-01 3.293065e-01 2.968249e-01 2.638814e-01 2.305281e-01 1.968171e-01 1.628016e-01 1.285351e-01 9.407148e-02 5.946492e-02 2.476990e-02 -9.958974e-03 -4.466702e-02 -7.929959e-02 -1.138021e-01 -1.481202e-01 -1.821999e-01 -2.159872e-01 -2.494291e-01 -2.824726e-01 -3.150656e-01 -3.471566e-01 -3.786949e-01 -4.096306e-01 -4.399146e-01 -4.694991e-01 -4.983371e-01 -5.263828e-01 -5.535916e-01 -5.799203e-01 -6.053269e-01 -6.297708e-01 -6.532130e-01 -6.756159e-01 -6.969435e-01 -7.171615e-01 -7.362373e-01 -7.541399e-01 -7.708402e-01 -7.863109e-01 -8.005267e-01 -8.134641e-01 -8.251016e-01 -8.354196e-01 -8.444004e-01 -8.520281e-01 -8.582881e-01 -8.631680e-01 -8.666588e-01 -8.687606e-01 -8.694976e-01 
8.700533e-01 8.693723e-01 8.673301e-01 8.639302e-01 8.591777e-01 8.530802e-01 8.456472e-01 8.368904e-01 8.268236e-01 8.154624e-01 8.028249e-01 7.889307e-01 7.738018e-01 7.574619e-01 7.399365e-01 7.212533e-01 7.014416e-01 6.805325e-01 6.585588e-01 6.355549e-01 6.115572e-01 5.866031e-01 5.607319e-01 5.339843e-01 5.064022e-01 4.780290e-01 4.489093e-01 4.190887e-01 3.886142e-01 3.575336e-01 3.258958e-01 2.937504e-01 2.611481e-01 2.281400e-01 1.947781e-01 1.611149e-01 1.272031e-01 9.309633e-02 5.884809e-02 2.451231e-02 -9.856968e-03 -4.420563e-02 -7.847959e-02 -1.126249e-01 -1.465876e-01 -1.803144e-01 -2.137519e-01 -2.468474e-01 -2.795487e-01 -3.118042e-01 -3.435629e-01 -3.747746e-01 -4.053898e-01 -4.353602e-01 -4.646383e-01 -4.931775e-01 -5.209327e-01 -5.478597e-01 -5.739157e-01 -5.990590e-01 -6.232497e-01 -6.464490e-01 -6.686198e-01 -6.897264e-01 -7.097349e-01 -7.286130e-01 -7.463300e-01 -7.628572e-01 -7.781676e-01 -7.922360e-01 -8.050392e-01 -8.165560e-01 -8.267670e-01 -8.356547e-01 -8.432032e-01 -8.493983e-01 -8.542275e-01 -8.576821e-01 -8.597621e-01 -8.604913e-01 
8.595876e-01 8.589147e-01 8.568972e-01 8.535381e-01 8.488428e-01 8.428186e-01 8.354750e-01 8.268236e-01 8.168778e-01 8.056533e-01 7.931677e-01 7.794407e-01 7.644937e-01 7.483503e-01 7.310358e-01 7.125773e-01 6.930039e-01 6.723462e-01 6.506367e-01 6.279096e-01 6.042004e-01 5.795465e-01 5.539865e-01 5.275606e-01 5.003102e-01 4.722783e-01 4.435087e-01 4.140468e-01 3.839388e-01 3.532321e-01 3.219747e-01 2.902160e-01 2.580058e-01 2.253947e-01 1.924341e-01 1.591757e-01 1.256719e-01 9.197528e-02 5.813896e-02 2.421616e-02 -9.739730e-03 -4.367525e-02 -7.753696e-02 -1.112715e-01 -1.448258e-01 -1.781468e-01 -2.111821e-01 -2.438795e-01 -2.761875e-01 -3.080549e-01 -3.394316e-01 -3.702677e-01 -4.005147e-01 -4.301245e-01 -4.590503e-01 -4.872462e-01 -5.146674e-01 -5.412704e-01 -5.670128e-01 -5.918536e-01 -6.157532e-01 -6.386733e-01 -6.605772e-01 -6.814298e-01 -7.011974e-01 -7.198482e-01 -7.373520e-01 -7.536801e-01 -7.688061e-01 -7.827051e-01 -7.953541e-01 -8.067322e-01 -8.168202e-01 -8.256008e-01 -8.330583e-01 -8.391787e-01 -8.439498e-01 -8.473627e-01 -8.494176e-01 -8.501379e-01 
8.477763e-01 8.471127e-01 8.451229e-01 8.418100e-01 8.371792e-01 8.312377e-01 8.239950e-01 8.154624e-01 8.056533e-01 7.945830e-01 7.822690e-01 7.687306e-01 7.539889e-01 7.380673e-01 7.209906e-01 7.027858e-01 6.834812e-01 6.631074e-01 6.416962e-01 6.192813e-01 5.958979e-01 5.715827e-01 5.463738e-01 5.203109e-01 4.934350e-01 4.657882e-01 4.374139e-01 4.083567e-01 3.786624e-01 3.483775e-01 3.175496e-01 2.862272e-01 2.544595e-01 2.222965e-01 1.897887e-01 1.569872e-01 1.239437e-01 9.071006e-02 5.733863e-02 2.388190e-02 -9.607455e-03 -4.307672e-02 -7.647318e-02 -1.097442e-01 -1.428374e-01 -1.757006e-01 -2.082820e-01 -2.405301e-01 -2.723942e-01 -3.038237e-01 -3.347692e-01 -3.651816e-01 -3.950129e-01 -4.242158e-01 -4.527441e-01 -4.805524e-01 -5.075968e-01 -5.338341e-01 -5.592227e-01 -5.837220e-01 -6.072930e-01 -6.298980e-01 -6.515008e-01 -6.720667e-01 -6.915625e-01 -7.099568e-01 -7.272198e-01 -7.433234e-01 -7.582414e-01 -7.719491e-01 -7.844241e-01 -7.956456e-01 -8.055948e-01 -8.142546e-01 -8.216094e-01 -8.276456e-01 -8.323510e-01 -8.357169e-01 -8.377435e-01 -8.384538e-01 
8.346380e-01 8.339847e-01 8.320257e-01 8.287641e-01 8.242051e-01 8.183557e-01 8.112253e-01 8.028249e-01 7.931677e-01 7.822690e-01 7.701458e-01 7.568171e-01 7.423039e-01 7.266290e-01 7.098170e-01 6.918942e-01 6.728888e-01 6.528306e-01 6.317512e-01 6.096836e-01 5.866625e-01 5.627241e-01 5.379058e-01 5.122468e-01 4.857873e-01 4.585689e-01 4.306342e-01 4.020273e-01 3.727931e-01 3.429774e-01 3.126272e-01 2.817902e-01 2.505148e-01 2.188501e-01 1.868460e-01 1.545528e-01 1.220213e-01 8.930266e-02 5.644834e-02 2.351005e-02 -9.460363e-03 -4.241099e-02 -7.528993e-02 -1.080454e-01 -1.406258e-01 -1.729797e-01 -2.050562e-01 -2.368046e-01 -2.681748e-01 -2.991172e-01 -3.295831e-01 -3.595242e-01 -3.888931e-01 -4.176434e-01 -4.457295e-01 -4.731068e-01 -4.997319e-01 -5.255625e-01 -5.505575e-01 -5.746770e-01 -5.978826e-01 -6.201371e-01 -6.414049e-01 -6.616518e-01 -6.808453e-01 -6.989544e-01 -7.159496e-01 -7.318035e-01 -7.464900e-01 -7.599851e-01 -7.722665e-01 -7.833139e-01 -7.931086e-01 -8.016340e-01 -8.088747e-01 -8.148171e-01 -8.194494e-01 -8.227631e-01 -8.247582e-01 -8.254573e-01 
8.201934e-01 8.195514e-01 8.176263e-01 8.144211e-01 8.099410e-01 8.041929e-01 7.971858e-01 7.889307e-01 7.794407e-01 7.687306e-01 7.568171e-01 7.437191e-01 7.294571e-01 7.140534e-01 6.975322e-01 6.799196e-01 6.612431e-01 6.415320e-01 6.208173e-01 5.991316e-01 5.765089e-01 5.529846e-01 5.285958e-01 5.033808e-01 4.773792e-01 4.506317e-01 4.231805e-01 3.950686e-01 3.663402e-01 3.370405e-01 3.072155e-01 2.769120e-01 2.461778e-01 2.150610e-01 1.836107e-01 1.518763e-01 1.199078e-01 8.775528e-02 5.546948e-02 2.310117e-02 -9.298700e-03 -4.167912e-02 -7.398910e-02 -1.061777e-01 -1.381943e-01 -1.699883e-01 -2.015097e-01 -2.327086e-01 -2.635359e-01 -2.939429e-01 -3.238814e-01 -3.533043e-01 -3.821649e-01 -4.104176e-01 -4.380175e-01 -4.649210e-01 -4.910852e-01 -5.164686e-01 -5.410309e-01 -5.647328e-01 -5.875366e-01 -6.094058e-01 -6.303054e-01 -6.502017e-01 -6.690629e-01 -6.868583e-01 -7.035592e-01 -7.191384e-01 -7.335705e-01 -7.468318e-01 -7.589004e-01 -7.697564e-01 -7.793814e-01 -7.877589e-01 -7.948741e-01 -8.007136e-01 -8.052655e-01 -8.085218e-01 -8.104823e-01 -8.111691e-01 
8.044651e-01 8.038353e-01 8.019471e-01 7.988035e-01 7.944092e-01 7.887713e-01 7.818986e-01 7.738018e-01 7.644937e-01 7.539889e-01 7.423039e-01 7.294571e-01 7.154685e-01 7.003601e-01 6.841558e-01 6.668808e-01 6.485624e-01 6.292292e-01 6.089118e-01 5.876418e-01 5.654528e-01 5.423796e-01 5.184585e-01 4.937269e-01 4.682238e-01 4.419892e-01 4.150643e-01 3.874914e-01 3.593138e-01 3.305759e-01 3.013227e-01 2.716003e-01 2.414553e-01 2.109352e-01 1.800879e-01 1.489620e-01 1.176063e-01 8.607034e-02 5.440358e-02 2.265590e-02 -9.122733e-03 -4.088228e-02 -7.257274e-02 -1.041442e-01 -1.355468e-01 -1.667312e-01 -1.976481e-01 -2.282488e-01 -2.584849e-01 -2.883088e-01 -3.176733e-01 -3.465319e-01 -3.748390e-01 -4.025498e-01 -4.296204e-01 -4.560079e-01 -4.816703e-01 -5.065668e-01 -5.306580e-01 -5.539053e-01 -5.762716e-01 -5.977212e-01 -6.182198e-01 -6.377344e-01 -6.562337e-01 -6.736876e-01 -6.900680e-01 -7.053482e-01 -7.195033e-01 -7.325101e-01 -7.443470e-01 -7.549945e-01 -7.644347e-01 -7.726514e-01 -7.796299e-01 -7.853572e-01 -7.898217e-01 -7.930154e-01 -7.949383e-01 -7.956116e-01 
7.874777e-01 7.868613e-01 7.850129e-01 7.819356e-01 7.776342e-01 7.721153e-01 7.653877e-01 7.574619e-01 7.483503e-01 7.380673e-01 7.266290e-01 7.140534e-01 7.003601e-01 6.855708e-01 6.697085e-01 6.527983e-01 6.348666e-01 6.159417e-01 5.960532e-01 5.752323e-01 5.535118e-01 5.309257e-01 5.075096e-01 4.833002e-01 4.583355e-01 4.326548e-01 4.062984e-01 3.793076e-01 3.517250e-01 3.235938e-01 2.949582e-01 2.658633e-01 2.363548e-01 2.064790e-01 1.762830e-01 1.458143e-01 1.151206e-01 8.425047e-02 5.325230e-02 2.217492e-02 -8.932757e-03 -4.002175e-02 -7.104309e-02 -1.019479e-01 -1.326875e-01 -1.632135e-01 -1.934776e-01 -2.234321e-01 -2.530298e-01 -2.822239e-01 -3.109683e-01 -3.392175e-01 -3.669269e-01 -3.940525e-01 -4.205514e-01 -4.463816e-01 -4.715020e-01 -4.958727e-01 -5.194550e-01 -5.422113e-01 -5.641052e-01 -5.851017e-01 -6.051673e-01 -6.242696e-01 -6.423780e-01 -6.594631e-01 -6.754974e-01 -6.904547e-01 -7.043106e-01 -7.170425e-01 -7.286292e-01 -7.390516e-01 -7.482922e-01 -7.563351e-01 -7.631661e-01 -7.687722e-01 -7.731424e-01 -7.762685e-01 -7.781507e-01 -7.788096e-01 
7.692580e-01 7.686558e-01 7.668503e-01 7.638441e-01 7.596422e-01 7.542510e-01 7.476790e-01 7.399365e-01 7.310358e-01 7.209906e-01 7.098170e-01 6.975322e-01 6.841558e-01 6.697085e-01 6.542132e-01 6.376942e-01 6.201773e-01 6.016902e-01 5.822617e-01 5.619225e-01 5.407045e-01 5.186409e-01 4.957665e-01 4.721171e-01 4.477299e-01 4.226433e-01 3.968965e-01 3.705301e-01 3.435856e-01 3.161051e-01 2.881320e-01 2.597101e-01 2.308842e-01 2.016996e-01 1.722021e-01 1.424381e-01 1.124546e-01 8.229851e-02 5.201742e-02 2.165896e-02 -8.729086e-03 -3.909888e-02 -6.940258e-02 -9.959246e-02 -1.296209e-01 -1.594407e-01 -1.890046e-01 -2.182662e-01 -2.471791e-01 -2.756978e-01 -3.037771e-01 -3.313728e-01 -3.584410e-01 -3.849390e-01 -4.108248e-01 -4.360573e-01 -4.605964e-01 -4.844032e-01 -5.074397e-01 -5.296694e-01 -5.510566e-01 -5.715671e-01 -5.911683e-01 -6.098284e-01 -6.275176e-01 -6.442073e-01 -6.598703e-01 -6.744813e-01 -6.880164e-01 -7.004534e-01 -7.117718e-01 -7.219528e-01 -7.309794e-01 -7.388360e-01 -7.455087e-01 -7.509849e-01 -7.552538e-01 -7.583075e-01 -7.601460e-01 -7.607894e-01 
7.498346e-01 7.492476e-01 7.474876e-01 7.445574e-01 7.404615e-01 7.352064e-01 7.288003e-01 7.212533e-01 7.125773e-01 7.027858e-01 6.918942e-01 6.799196e-01 6.668808e-01 6.527983e-01 6.376942e-01 6.215922e-01 6.045176e-01 5.864971e-01 5.675592e-01 5.477334e-01 5.270510e-01 5.055444e-01 4.832475e-01 4.601951e-01 4.364236e-01 4.119703e-01 3.868735e-01 3.611727e-01 3.349084e-01 3.081217e-01 2.808547e-01 2.531503e-01 2.250521e-01 1.966043e-01 1.678515e-01 1.388389e-01 1.096123e-01 8.021751e-02 5.070088e-02 2.110883e-02 -8.512059e-03 -3.811515e-02 -6.765381e-02 -9.708151e-02 -1.263519e-01 -1.554188e-01 -1.842363e-01 -2.127591e-01 -2.409421e-01 -2.687407e-01 -2.961111e-01 -3.230100e-01 -3.493948e-01 -3.752237e-01 -4.004558e-01 -4.250512e-01 -4.489706e-01 -4.721763e-01 -4.946311e-01 -5.162993e-01 -5.371463e-01 -5.571389e-01 -5.762449e-01 -5.944337e-01 -6.116761e-01 -6.279441e-01 -6.432114e-01 -6.574533e-01 -6.706464e-01 -6.827691e-01 -6.938015e-01 -7.037252e-01 -7.125236e-01 -7.201815e-01 -7.266855e-01 -7.320233e-01 -7.361842e-01 -7.391607e-01 -7.409527e-01 -7.415796e-01 
7.292379e-01 7.286670e-01 7.269554e-01 7.241057e-01 7.201223e-01 7.150115e-01 7.087814e-01 7.014416e-01 6.930039e-01 6.834812e-01 6.728888e-01 6.612431e-01 6.485624e-01 6.348666e-01 6.201773e-01 6.045176e-01 5.879119e-01 5.703863e-01 5.519685e-01 5.326872e-01 5.125728e-01 4.916569e-01 4.699723e-01 4.475530e-01 4.244344e-01 4.006526e-01 3.762450e-01 3.512501e-01 3.257070e-01 2.996560e-01 2.731378e-01 2.461943e-01 2.188678e-01 1.912012e-01 1.632380e-01 1.350222e-01 1.065982e-01 7.801073e-02 4.930472e-02 2.052536e-02 -8.282034e-03 -3.707212e-02 -6.579954e-02 -9.441904e-02 -1.228855e-01 -1.511541e-01 -1.791802e-01 -2.069196e-01 -2.343285e-01 -2.613637e-01 -2.879823e-01 -3.141423e-01 -3.398024e-01 -3.649219e-01 -3.894609e-01 -4.133807e-01 -4.366431e-01 -4.592112e-01 -4.810491e-01 -5.021221e-01 -5.223964e-01 -5.418396e-01 -5.604207e-01 -5.781098e-01 -5.948783e-01 -6.106993e-01 -6.255470e-01 -6.393975e-01 -6.522279e-01 -6.640174e-01 -6.747465e-01 -6.843974e-01 -6.929538e-01 -7.004012e-01 -7.067263e-01 -7.119173e-01 -7.159638e-01 -7.188585e-01 -7.206011e-01 -7.212104e-01 
7.075003e-01 7.069465e-01 7.052859e-01 7.025210e-01 6.986564e-01 6.936979e-01 6.876535e-01 6.805325e-01 6.723462e-01 6.631074e-01 6.528306e-01 6.415320e-01 6.292292e-01 6.159417e-01 6.016902e-01 5.864971e-01 5.703863e-01 5.533831e-01 5.355142e-01 5.168075e-01 4.972926e-01 4.770001e-01 4.559617e-01 4.342106e-01 4.117810e-01 3.887079e-01 3.650278e-01 3.407778e-01 3.159960e-01 2.907213e-01 2.649934e-01 2.388529e-01 2.123408e-01 1.854987e-01 1.583689e-01 1.309940e-01 1.034171e-01 7.568162e-02 4.783112e-02 1.990947e-02 -8.039393e-03 -3.597145e-02 -6.384271e-02 -9.160926e-02 -1.192273e-01 -1.466534e-01 -1.738442e-01 -2.007569e-01 -2.273489e-01 -2.535782e-01 -2.794035e-01 -3.047838e-01 -3.296791e-01 -3.540498e-01 -3.778574e-01 -4.010641e-01 -4.236331e-01 -4.455285e-01 -4.667154e-01 -4.871601e-01 -5.068300e-01 -5.256936e-01 -5.437206e-01 -5.608822e-01 -5.771508e-01 -5.925000e-01 -6.069050e-01 -6.203423e-01 -6.327901e-01 -6.442280e-01 -6.546370e-01 -6.639999e-01 -6.723011e-01 -6.795263e-01 -6.856626e-01 -6.906987e-01 -6.946244e-01 -6.974327e-01 -6.991234e-01 -6.997141e-01 
6.846560e-01 6.841200e-01 6.825130e-01 6.798374e-01 6.760975e-01 6.712992e-01 6.654498e-01 6.585588e-01 6.506367e-01 6.416962e-01 6.317512e-01 6.208173e-01 6.089118e-01 5.960532e-01 5.822617e-01 5.675592e-01 5.519685e-01 5.355142e-01 5.182221e-01 5.001194e-01 4.812344e-01 4.615970e-01 4.412378e-01 4.201889e-01 3.984833e-01 3.761551e-01 3.532394e-01 3.297722e-01 3.057904e-01 2.813316e-01 2.564344e-01 2.311377e-01 2.054814e-01 1.795058e-01 1.532518e-01 1.267606e-01 1.000740e-01 7.323382e-02 4.628238e-02 1.926208e-02 -7.784537e-03 -3.481489e-02 -6.178641e-02 -8.865660e-02 -1.153831e-01 -1.419238e-01 -1.682368e-01 -1.942806e-01 -2.200142e-01 -2.453967e-01 -2.703882e-01 -2.949492e-01 -3.190407e-01 -3.426246e-01 -3.656635e-01 -3.881210e-01 -4.099612e-01 -4.311496e-01 -4.516524e-01 -4.714370e-01 -4.904717e-01 -5.087261e-01 -5.261710e-01 -5.427784e-01 -5.585215e-01 -5.733749e-01 -5.873146e-01 -6.003179e-01 -6.123636e-01 -6.234319e-01 -6.335046e-01 -6.425650e-01 -6.505980e-01 -6.575896e-01 -6.635276e-01 -6.684009e-01 -6.721998e-01 -6.749173e-01 -6.765533e-01 -6.771246e-01 
6.607407e-01 6.602235e-01 6.586726e-01 6.560905e-01 6.524812e-01 6.478504e-01 6.422054e-01 6.355549e-01 6.279096e-01 6.192813e-01 6.096836e-01 5.991316e-01 5.876418e-01 5.752323e-01 5.619225e-01 5.477334e-01 5.326872e-01 5.168075e-01 5.001194e-01 4.826489e-01 4.644235e-01 4.454718e-01 4.258236e-01 4.055098e-01 3.845622e-01 3.630138e-01 3.408984e-01 3.182507e-01 2.951064e-01 2.715018e-01 2.474740e-01 2.230607e-01 1.983004e-01 1.732319e-01 1.478948e-01 1.223287e-01 9.657402e-02 7.067116e-02 4.466091e-02 1.858421e-02 -7.517886e-03 -3.360429e-02 -5.963390e-02 -8.556573e-02 -1.113589e-01 -1.369727e-01 -1.623668e-01 -1.875011e-01 -2.123359e-01 -2.368320e-01 -2.609507e-01 -2.846539e-01 -3.079040e-01 -3.306642e-01 -3.528985e-01 -3.745716e-01 -3.956490e-01 -4.160973e-01 -4.358840e-01 -4.549774e-01 -4.733472e-01 -4.909640e-01 -5.077995e-01 -5.238266e-01 -5.390197e-01 -5.533542e-01 -5.668069e-01 -5.793558e-01 -5.909805e-01 -6.016621e-01 -6.113828e-01 -6.201265e-01 -6.278786e-01 -6.346259e-01 -6.403563e-01 -6.450591e-01 -6.487252e-01 -6.513478e-01 -6.529265e-01 -6.534774e-01 
6.357921e-01 6.352944e-01 6.338021e-01 6.313174e-01 6.278444e-01 6.233884e-01 6.179565e-01 6.115572e-01 6.042004e-01 5.958979e-01 5.866625e-01 5.765089e-01 5.654528e-01 5.535118e-01 5.407045e-01 5.270510e-01 5.125728e-01 4.972926e-01 4.812344e-01 4.644235e-01 4.468861e-01 4.286498e-01 4.097434e-01 3.901964e-01 3.700396e-01 3.493046e-01 3.280241e-01 3.062314e-01 2.839607e-01 2.612472e-01 2.381264e-01 2.146347e-01 1.908091e-01 1.666869e-01 1.423062e-01 1.177052e-01 9.292270e-02 6.799764e-02 4.296925e-02 1.787690e-02 -7.239880e-03 -3.234156e-02 -5.738859e-02 -8.234152e-02 -1.071610e-01 -1.318079e-01 -1.562434e-01 -1.804289e-01 -2.043262e-01 -2.278976e-01 -2.511058e-01 -2.739142e-01 -2.962866e-01 -3.181875e-01 -3.395824e-01 -3.604373e-01 -3.807190e-01 -4.003953e-01 -4.194349e-01 -4.378074e-01 -4.554836e-01 -4.724352e-01 -4.886350e-01 -5.040570e-01 -5.186763e-01 -5.324695e-01 -5.454140e-01 -5.574890e-01 -5.686747e-01 -5.789528e-01 -5.883063e-01 -5.967197e-01 -6.041789e-01 -6.106712e-01 -6.161851e-01 -6.207102e-01 -6.242378e-01 -6.267613e-01 -6.282804e-01 -6.288099e-01 
6.098494e-01 6.093720e-01 6.079405e-01 6.055572e-01 6.022259e-01 5.979517e-01 5.927414e-01 5.866031e-01 5.795465e-01 5.715827e-01 5.627241e-01 5.529846e-01 5.423796e-01 5.309257e-01 5.186409e-01 5.055444e-01 4.916569e-01 4.770001e-01 4.615970e-01 4.454718e-01 4.286498e-01 4.111575e-01 3.930224e-01 3.742728e-01 3.549383e-01 3.350492e-01 3.146367e-01 2.937330e-01 2.723708e-01 2.505838e-01 2.284062e-01 2.058728e-01 1.830191e-01 1.598810e-01 1.364948e-01 1.128973e-01 8.912577e-02 6.521746e-02 4.121002e-02 1.714125e-02 -6.950976e-03 -3.102871e-02 -5.505402e-02 -7.898907e-02 -1.027961e-01 -1.264377e-01 -1.498764e-01 -1.730753e-01 -1.959977e-01 -2.186076e-01 -2.408691e-01 -2.627470e-01 -2.842067e-01 -3.052142e-01 -3.257363e-01 -3.457404e-01 -3.651946e-01 -3.840682e-01 -4.023310e-01 -4.199540e-01 -4.369090e-01 -4.531689e-01 -4.687077e-01 -4.835004e-01 -4.975233e-01 -5.107535e-01 -5.231699e-01 -5.347521e-01 -5.454813e-01 -5.553398e-01 -5.643115e-01 -5.723815e-01 -5.795362e-01 -5.857634e-01 -5.910522e-01 -5.953926e-01 -5.987761e-01 -6.011967e-01 -6.026536e-01 -6.031610e-01 
5.829532e-01 5.824968e-01 5.811285e-01 5.788503e-01 5.756658e-01 5.715801e-01 5.665995e-01 5.607319e-01 5.539865e-01 5.463738e-01 5.379058e-01 5.285958e-01 5.184585e-01 5.075096e-01 4.957665e-01 4.832475e-01 4.699723e-01 4.559617e-01 4.412378e-01 4.258236e-01 4.097434e-01 3.930224e-01 3.756868e-01 3.577639e-01 3.392819e-01 3.202697e-01 3.007573e-01 2.807752e-01 2.603550e-01 2.395286e-01 2.183288e-01 1.967889e-01 1.749428e-01 1.528248e-01 1.304697e-01 1.079127e-01 8.518917e-02 6.233495e-02 3.938598e-02 1.637837e-02 -6.651650e-03 -2.966782e-02 -5.263389e-02 -7.551368e-02 -9.827111e-02 -1.208703e-01 -1.432756e-01 -1.654517e-01 -1.873636e-01 -2.089766e-01 -2.302565e-01 -2.511698e-01 -2.716834e-01 -2.917647e-01 -3.113819e-01 -3.305040e-01 -3.491005e-01 -3.671419e-01 -3.845994e-01 -4.014453e-01 -4.176527e-01 -4.331956e-01 -4.480491e-01 -4.621895e-01 -4.755939e-01 -4.882407e-01 -5.001094e-01 -5.111808e-01 -5.214367e-01 -5.308604e-01 -5.394364e-01 -5.471503e-01 -5.539894e-01 -5.599418e-01 -5.649972e-01 -5.691461e-01 -5.723804e-01 -5.746942e-01 -5.760868e-01 -5.765712e-01 
5.551458e-01 5.547112e-01 5.534081e-01 5.512386e-01 5.482060e-01 5.443151e-01 5.395721e-01 5.339843e-01 5.275606e-01 5.203109e-01 5.122468e-01 5.033808e-01 4.937269e-01 4.833002e-01 4.721171e-01 4.601951e-01 4.475530e-01 4.342106e-01 4.201889e-01 4.055098e-01 3.901964e-01 3.742728e-01 3.577639e-01 3.406958e-01 3.230951e-01 3.049896e-01 2.864076e-01 2.673785e-01 2.479320e-01 2.280987e-01 2.079099e-01 1.873971e-01 1.665928e-01 1.455295e-01 1.242404e-01 1.027590e-01 8.111907e-02 5.935464e-02 3.749998e-02 1.558947e-02 -6.342391e-03 -2.826107e-02 -5.013203e-02 -7.192082e-02 -9.359310e-02 -1.151147e-01 -1.364516e-01 -1.575703e-01 -1.784373e-01 -1.990197e-01 -2.192850e-01 -2.392011e-01 -2.587364e-01 -2.778602e-01 -2.965419e-01 -3.147521e-01 -3.324618e-01 -3.496429e-01 -3.662679e-01 -3.823105e-01 -3.977449e-01 -4.125466e-01 -4.266918e-01 -4.401577e-01 -4.529228e-01 -4.649664e-01 -4.762690e-01 -4.868123e-01 -4.965790e-01 -5.055532e-01 -5.137200e-01 -5.210659e-01 -5.275787e-01 -5.332471e-01 -5.380613e-01 -5.420122e-01 -5.450921e-01 -5.472956e-01 -5.486217e-01 -5.490824e-01 
5.264709e-01 5.260587e-01 5.248229e-01 5.227655e-01 5.198895e-01 5.161996e-01 5.117015e-01 5.064022e-01 5.003102e-01 4.934350e-01 4.857873e-01 4.773792e-01 4.682238e-01 4.583355e-01 4.477299e-01 4.364236e-01 4.244344e-01 4.117810e-01 3.984833e-01 3.845622e-01 3.700396e-01 3.549383e-01 3.392819e-01 3.230951e-01 3.064033e-01 2.892327e-01 2.716103e-01 2.535637e-01 2.351214e-01 2.163122e-01 1.971658e-01 1.777123e-01 1.579822e-01 1.380065e-01 1.178167e-01 9.744443e-02 7.692184e-02 5.628119e-02 3.555496e-02 1.477575e-02 -6.023708e-03 -2.681067e-02 -4.755238e-02 -6.821617e-02 -8.876947e-02 -1.091799e-01 -1.294152e-01 -1.494434e-01 -1.692330e-01 -1.887527e-01 -2.079717e-01 -2.268594e-01 -2.453862e-01 -2.635225e-01 -2.812397e-01 -2.985096e-01 -3.153049e-01 -3.315988e-01 -3.473655e-01 -3.625796e-01 -3.772171e-01 -3.912545e-01 -4.046692e-01 -4.174398e-01 -4.295457e-01 -4.409674e-01 -4.516863e-01 -4.616850e-01 -4.709473e-01 -4.794580e-01 -4.872030e-01 -4.941694e-01 -5.003457e-01 -5.057213e-01 -5.102868e-01 -5.140335e-01 -5.169544e-01 -5.190441e-01 -5.203017e-01 -5.207378e-01 
4.969735e-01 4.965844e-01 4.954179e-01 4.934756e-01 4.907608e-01 4.872775e-01 4.830314e-01 4.780290e-01 4.722783e-01 4.657882e-01 4.585689e-01 4.506317e-01 4.419892e-01 4.326548e-01 4.226433e-01 4.119703e-01 4.006526e-01 3.887079e-01 3.761551e-01 3.630138e-01 3.493046e-01 3.350492e-01 3.202697e-01 3.049896e-01 2.892327e-01 2.730238e-01 2.563885e-01 2.393527e-01 2.219433e-01 2.041876e-01 1.861136e-01 1.677496e-01 1.491245e-01 1.302676e-01 1.112085e-01 9.197728e-02 7.260408e-02 5.311942e-02 3.355395e-02 1.393848e-02 -5.696120e-03 -2.531893e-02 -4.489903e-02 -6.440558e-02 -8.380782e-02 -1.030752e-01 -1.221772e-01 -1.410839e-01 -1.597652e-01 -1.781918e-01 -1.963344e-01 -2.141644e-01 -2.316536e-01 -2.487743e-01 -2.654993e-01 -2.818020e-01 -2.976567e-01 -3.130381e-01 -3.279218e-01 -3.422839e-01 -3.561016e-01 -3.693528e-01 -3.820162e-01 -3.940715e-01 -4.054994e-01 -4.162813e-01 -4.263998e-01 -4.358385e-01 -4.445820e-01 -4.526159e-01 -4.599270e-01 -4.665032e-01 -4.723335e-01 -4.774079e-01 -4.817175e-01 -4.852543e-01 -4.880116e-01 -4.899843e-01 -4.911714e-01 -4.915823e-01 
4.667000e-01 4.663346e-01 4.652391e-01 4.634152e-01 4.608656e-01 4.575945e-01 4.536070e-01 4.489093e-01 4.435087e-01 4.374139e-01 4.306342e-01 4.231805e-01 4.150643e-01 4.062984e-01 3.968965e-01 3.868735e-01 3.762450e-01 3.650278e-01 3.532394e-01 3.408984e-01 3.280241e-01 3.146367e-01 3.007573e-01 2.864076e-01 2.716103e-01 2.563885e-01 2.407661e-01 2.247677e-01 2.084184e-01 1.917439e-01 1.747704e-01 1.575247e-01 1.400337e-01 1.223250e-01 1.044264e-01 8.636613e-02 6.817254e-02 4.987426e-02 3.150009e-02 1.307895e-02 -5.360162e-03 -2.378821e-02 -4.217617e-02 -6.049505e-02 -7.871600e-02 -9.681027e-02 -1.147493e-01 -1.325048e-01 -1.500488e-01 -1.673535e-01 -1.843915e-01 -2.011360e-01 -2.175604e-01 -2.336387e-01 -2.493454e-01 -2.646557e-01 -2.795451e-01 -2.939900e-01 -3.079675e-01 -3.214552e-01 -3.344316e-01 -3.468760e-01 -3.587684e-01 -3.700897e-01 -3.808218e-01 -3.909472e-01 -4.004496e-01 -4.093135e-01 -4.175246e-01 -4.250693e-01 -4.319351e-01 -4.381108e-01 -4.435860e-01 -4.483514e-01 -4.523985e-01 -4.557199e-01 -4.583093e-01 -4.601619e-01 -4.612767e-01 -4.616616e-01 
4.356979e-01 4.353568e-01 4.343341e-01 4.326312e-01 4.302510e-01 4.271972e-01 4.234745e-01 4.190887e-01 4.140468e-01 4.083567e-01 4.020273e-01 3.950686e-01 3.874914e-01 3.793076e-01 3.705301e-01 3.611727e-01 3.512501e-01 3.407778e-01 3.297722e-01 3.182507e-01 3.062314e-01 2.937330e-01 2.807752e-01 2.673785e-01 2.535637e-01 2.393527e-01 2.247677e-01 2.098316e-01 1.945679e-01 1.790007e-01 1.631542e-01 1.470536e-01 1.307239e-01 1.141911e-01 9.748092e-02 8.061978e-02 6.363417e-02 4.655082e-02 2.939659e-02 1.219850e-02 -5.016382e-03 -2.222095e-02 -3.938809e-02 -5.649077e-02 -7.350201e-02 -9.039500e-02 -1.071431e-01 -1.237198e-01 -1.400991e-01 -1.562549e-01 -1.721619e-01 -1.877947e-01 -2.031288e-01 -2.181397e-01 -2.328037e-01 -2.470975e-01 -2.609985e-01 -2.744845e-01 -2.875340e-01 -3.001263e-01 -3.122413e-01 -3.238595e-01 -3.349624e-01 -3.455321e-01 -3.555517e-01 -3.650048e-01 -3.738764e-01 -3.821518e-01 -3.898177e-01 -3.968615e-01 -4.032715e-01 -4.090371e-01 -4.141487e-01 -4.185975e-01 -4.223759e-01 -4.254768e-01 -4.278943e-01 -4.296240e-01 -4.306647e-01 -4.310230e-01 
4.040160e-01 4.036997e-01 4.027513e-01 4.011722e-01 3.989651e-01 3.961332e-01 3.926811e-01 3.886142e-01 3.839388e-01 3.786624e-01 3.727931e-01 3.663402e-01 3.593138e-01 3.517250e-01 3.435856e-01 3.349084e-01 3.257070e-01 3.159960e-01 3.057904e-01 2.951064e-01 2.839607e-01 2.723708e-01 2.603550e-01 2.479320e-01 2.351214e-01 2.219433e-01 2.084184e-01 1.945679e-01 1.804137e-01 1.659779e-01 1.512832e-01 1.363527e-01 1.212100e-01 1.058787e-01 9.038298e-02 7.474726e-02 5.899611e-02 4.315429e-02 2.724674e-02 1.129849e-02 -4.665340e-03 -2.061962e-02 -3.653921e-02 -5.239903e-02 -6.817408e-02 -8.383949e-02 -9.937053e-02 -1.147427e-01 -1.299317e-01 -1.449136e-01 -1.596647e-01 -1.741616e-01 -1.883814e-01 -2.023016e-01 -2.159001e-01 -2.291553e-01 -2.420462e-01 -2.545522e-01 -2.666536e-01 -2.783309e-01 -2.895656e-01 -3.003396e-01 -3.106357e-01 -3.204374e-01 -3.297289e-01 -3.384952e-01 -3.467221e-01 -3.543962e-01 -3.615050e-01 -3.680369e-01 -3.739811e-01 -3.793277e-01 -3.840678e-01 -3.881933e-01 -3.916970e-01 -3.945726e-01 -3.968144e-01 -3.984186e-01 -3.993836e-01 -3.997148e-01 
3.717039e-01 3.714129e-01 3.705403e-01 3.690876e-01 3.670569e-01 3.644514e-01 3.612753e-01 3.575336e-01 3.532321e-01 3.483775e-01 3.429774e-01 3.370405e-01 3.305759e-01 3.235938e-01 3.161051e-01 3.081217e-01 2.996560e-01 2.907213e-01 2.813316e-01 2.715018e-01 2.612472e-01 2.505838e-01 2.395286e-01 2.280987e-01 2.163122e-01 2.041876e-01 1.917439e-01 1.790007e-01 1.659779e-01 1.526960e-01 1.391760e-01 1.254390e-01 1.115066e-01 9.740082e-02 8.314374e-02 6.875779e-02 5.426561e-02 3.969000e-02 2.505389e-02 1.038032e-02 -4.307604e-03 -1.898676e-02 -3.363402e-02 -4.822631e-02 -6.274062e-02 -7.715406e-02 -9.144390e-02 -1.055876e-01 -1.195628e-01 -1.333474e-01 -1.469196e-01 -1.602581e-01 -1.733415e-01 -1.861493e-01 -1.986612e-01 -2.108572e-01 -2.227179e-01 -2.342247e-01 -2.453590e-01 -2.561032e-01 -2.664402e-01 -2.763533e-01 -2.858267e-01 -2.948451e-01 -3.033942e-01 -3.114599e-01 -3.190294e-01 -3.260903e-01 -3.326311e-01 -3.386410e-01 -3.441101e-01 -3.490295e-01 -3.533908e-01 -3.571865e-01 -3.604102e-01 -3.630560e-01 -3.651188e-01 -3.665948e-01 -3.674827e-01 -3.677862e-01 
3.388126e-01 3.385473e-01 3.377519e-01 3.364277e-01 3.345766e-01 3.322016e-01 3.293065e-01 3.258958e-01 3.219747e-01 3.175496e-01 3.126272e-01 3.072155e-01 3.013227e-01 2.949582e-01 2.881320e-01 2.808547e-01 2.731378e-01 2.649934e-01 2.564344e-01 2.474740e-01 2.381264e-01 2.284062e-01 2.183288e-01 2.079099e-01 1.971658e-01 1.861136e-01 1.747704e-01 1.631542e-01 1.512832e-01 1.391760e-01 1.268516e-01 1.143295e-01 1.016292e-01 8.877085e-02 7.577455e-02 6.266076e-02 4.945011e-02 3.616339e-02 2.282149e-02 9.445424e-03 -3.943755e-03 -1.732496e-02 -3.067712e-02 -4.397918e-02 -5.721018e-02 -7.034925e-02 -8.337567e-02 -9.626888e-02 -1.090085e-01 -1.215744e-01 -1.339468e-01 -1.461060e-01 -1.580328e-01 -1.697084e-01 -1.811141e-01 -1.922320e-01 -2.030443e-01 -2.135338e-01 -2.236839e-01 -2.334783e-01 -2.429015e-01 -2.519383e-01 -2.605743e-01 -2.687955e-01 -2.765889e-01 -2.839417e-01 -2.908421e-01 -2.972788e-01 -3.032414e-01 -3.087200e-01 -3.137057e-01 -3.181902e-01 -3.221659e-01 -3.256261e-01 -3.285647e-01 -3.309766e-01 -3.328572e-01 -3.342029e-01 -3.350123e-01 -3.352875e-01 
3.053936e-01 3.051545e-01 3.044375e-01 3.032438e-01 3.015753e-01 2.994345e-01 2.968249e-01 2.937504e-01 2.902160e-01 2.862272e-01 2.817902e-01 2.769120e-01 2.716003e-01 2.658633e-01 2.597101e-01 2.531503e-01 2.461943e-01 2.388529e-01 2.311377e-01 2.230607e-01 2.146347e-01 2.058728e-01 1.967889e-01 1.873971e-01 1.777123e-01 1.677496e-01 1.575247e-01 1.470536e-01 1.363527e-01 1.254390e-01 1.143295e-01 1.030417e-01 9.159328e-02 8.000231e-02 6.828700e-02 5.646575e-02 4.455717e-02 3.257998e-02 2.055303e-02 8.495247e-03 -3.574381e-03 -1.563685e-02 -2.767316e-02 -3.966433e-02 -5.159148e-02 -6.343579e-02 -7.517857e-02 -8.680129e-02 -9.828559e-02 -1.096133e-01 -1.207666e-01 -1.317277e-01 -1.424794e-01 -1.530046e-01 -1.632866e-01 -1.733090e-01 -1.830561e-01 -1.925122e-01 -2.016623e-01 -2.104918e-01 -2.189866e-01 -2.271331e-01 -2.349183e-01 -2.423297e-01 -2.493553e-01 -2.559837e-01 -2.622043e-01 -2.680070e-01 -2.733822e-01 -2.783211e-01 -2.828156e-01 -2.868583e-01 -2.904423e-01 -2.935616e-01 -2.962107e-01 -2.983850e-01 -3.000804e-01 -3.012938e-01 -3.020234e-01 -3.022699e-01 
2.714995e-01 2.712869e-01 2.706495e-01 2.695883e-01 2.681048e-01 2.662016e-01 2.638814e-01 2.611481e-01 2.580058e-01 2.544595e-01 2.505148e-01 2.461778e-01 2.414553e-01 2.363548e-01 2.308842e-01 2.250521e-01 2.188678e-01 2.123408e-01 2.054814e-01 1.983004e-01 1.908091e-01 1.830191e-01 1.749428e-01 1.665928e-01 1.579822e-01 1.491245e-01 1.400337e-01 1.307239e-01 1.212100e-01 1.115066e-01 1.016292e-01 9.159328e-02 8.141453e-02 7.110898e-02 6.069285e-02 5.018250e-02 3.959446e-02 2.894539e-02 1.825206e-02 7.531272e-03 -3.200078e-03 -1.392510e-02 -2.462689e-02 -3.528858e-02 -4.589338e-02 -5.642456e-02 -6.686549e-02 -7.719971e-02 -8.741088e-02 -9.748288e-02 -1.073998e-01 -1.171459e-01 -1.267058e-01 -1.360643e-01 -1.452066e-01 -1.541182e-01 -1.627849e-01 -1.711929e-01 -1.793289e-01 -1.871798e-01 -1.947331e-01 -2.019768e-01 -2.088992e-01 -2.154892e-01 -2.217362e-01 -2.276301e-01 -2.331614e-01 -2.383210e-01 -2.431005e-01 -2.474921e-01 -2.514885e-01 -2.550832e-01 -2.582700e-01 -2.610436e-01 -2.633991e-01 -2.653325e-01 -2.668402e-01 -2.679193e-01 -2.685680e-01 -2.687854e-01 
2.371836e-01 2.369979e-01 2.364410e-01 2.355139e-01 2.342179e-01 2.325551e-01 2.305281e-01 2.281400e-01 2.253947e-01 2.222965e-01 2.188501e-01 2.150610e-01 2.109352e-01 2.064790e-01 2.016996e-01 1.966043e-01 1.912012e-01 1.854987e-01 1.795058e-01 1.732319e-01 1.666869e-01 1.598810e-01 1.528248e-01 1.455295e-01 1.380065e-01 1.302676e-01 1.223250e-01 1.141911e-01 1.058787e-01 9.740082e-02 8.877085e-02 8.000231e-02 7.110898e-02 6.210483e-02 5.300402e-02 4.382086e-02 3.456978e-02 2.526534e-02 1.592218e-02 6.555001e-03 -2.821450e-03 -1.219241e-02 -2.154311e-02 -3.085882e-02 -4.012486e-02 -4.932661e-02 -5.844954e-02 -6.747927e-02 -7.640153e-02 -8.520222e-02 -9.386742e-02 -1.023834e-01 -1.107367e-01 -1.189141e-01 -1.269026e-01 -1.346896e-01 -1.422626e-01 -1.496095e-01 -1.567188e-01 -1.635791e-01 -1.701793e-01 -1.765090e-01 -1.825579e-01 -1.883164e-01 -1.937752e-01 -1.989255e-01 -2.037588e-01 -2.082675e-01 -2.124440e-01 -2.162815e-01 -2.197738e-01 -2.229149e-01 -2.256996e-01 -2.281232e-01 -2.301816e-01 -2.318711e-01 -2.331887e-01 -2.341320e-01 -2.346988e-01 -2.348867e-01 
2.024999e-01 2.023413e-01 2.018658e-01 2.010742e-01 1.999676e-01 1.985478e-01 1.968171e-01 1.947781e-01 1.924341e-01 1.897887e-01 1.868460e-01 1.836107e-01 1.800879e-01 1.762830e-01 1.722021e-01 1.678515e-01 1.632380e-01 1.583689e-01 1.532518e-01 1.478948e-01 1.423062e-01 1.364948e-01 1.304697e-01 1.242404e-01 1.178167e-01 1.112085e-01 1.044264e-01 9.748092e-02 9.038298e-02 8.314374e-02 7.577455e-02 6.828700e-02 6.069285e-02 5.300402e-02 4.523261e-02 3.739084e-02 2.949102e-02 2.154560e-02 1.356706e-02 5.567958e-03 -2.439106e-03 -1.044153e-02 -1.842670e-02 -2.638204e-02 -3.429500e-02 -4.215312e-02 -4.994398e-02 -5.765529e-02 -6.527486e-02 -7.279066e-02 -8.019080e-02 -8.746357e-02 -9.459745e-02 -1.015811e-01 -1.084035e-01 -1.150538e-01 -1.215215e-01 -1.277961e-01 -1.338678e-01 -1.397268e-01 -1.453637e-01 -1.507697e-01 -1.559359e-01 -1.608540e-01 -1.655162e-01 -1.699150e-01 -1.740431e-01 -1.778938e-01 -1.814609e-01 -1.847385e-01 -1.877212e-01 -1.904040e-01 -1.927824e-01 -1.948524e-01 -1.966104e-01 -1.980534e-01 -1.991790e-01 -1.999850e-01 -2.004690e-01 -2.006272e-01 
1.675028e-01 1.673716e-01 1.669783e-01 1.663234e-01 1.654079e-01 1.642334e-01 1.628016e-01 1.611149e-01 1.591757e-01 1.569872e-01 1.545528e-01 1.518763e-01 1.489620e-01 1.458143e-01 1.424381e-01 1.388389e-01 1.350222e-01 1.309940e-01 1.267606e-01 1.223287e-01 1.177052e-01 1.128973e-01 1.079127e-01 1.027590e-01 9.744443e-02 9.197728e-02 8.636613e-02 8.061978e-02 7.474726e-02 6.875779e-02 6.266076e-02 5.646575e-02 5.018250e-02 4.382086e-02 3.739084e-02 3.090254e-02 2.436617e-02 1.779200e-02 1.119038e-02 4.571684e-03 -2.053658e-03 -8.675218e-03 -1.528256e-02 -2.186529e-02 -2.841301e-02 -3.491540e-02 -4.136219e-02 -4.774322e-02 -5.404841e-02 -6.026777e-02 -6.639148e-02 -7.240985e-02 -7.831334e-02 -8.409259e-02 -8.973843e-02 -9.524189e-02 -1.005942e-01 -1.057869e-01 -1.108116e-01 -1.156604e-01 -1.203255e-01 -1.247994e-01 -1.290750e-01 -1.331453e-01 -1.370038e-01 -1.406443e-01 -1.440608e-01 -1.472478e-01 -1.502001e-01 -1.529128e-01 -1.553814e-01 -1.576018e-01 -1.595702e-01 -1.612834e-01 -1.627384e-01 -1.639328e-01 -1.648646e-01 -1.655321e-01 -1.659327e-01 -1.660607e-01 
1.322474e-01 1.321438e-01 1.318332e-01 1.313161e-01 1.305932e-01 1.296657e-01 1.285351e-01 1.272031e-01 1.256719e-01 1.239437e-01 1.220213e-01 1.199078e-01 1.176063e-01 1.151206e-01 1.124546e-01 1.096123e-01 1.065982e-01 1.034171e-01 1.000740e-01 9.657402e-02 9.292270e-02 8.912577e-02 8.518917e-02 8.111907e-02 7.692184e-02 7.260408e-02 6.817254e-02 6.363417e-02 5.899611e-02 5.426561e-02 4.945011e-02 4.455717e-02 3.959446e-02 3.456978e-02 2.949102e-02 2.436617e-02 1.920327e-02 1.401045e-02 8.795871e-03 3.567736e-03 -1.665725e-03 -6.896273e-03 -1.211567e-02 -1.731569e-02 -2.248813e-02 -2.762484e-02 -3.271771e-02 -3.775870e-02 -4.273984e-02 -4.765326e-02 -5.249119e-02 -5.724596e-02 -6.191003e-02 -6.647603e-02 -7.093668e-02 -7.528491e-02 -7.951379e-02 -8.361660e-02 -8.758678e-02 -9.141798e-02 -9.510409e-02 -9.863918e-02 -1.020176e-01 -1.052339e-01 -1.082828e-01 -1.111595e-01 -1.138593e-01 -1.163777e-01 -1.187107e-01 -1.208543e-01 -1.228051e-01 -1.245598e-01 -1.261153e-01 -1.274690e-01 -1.286189e-01 -1.295629e-01 -1.302996e-01 -1.308276e-01 -1.311440e-01 -1.312417e-01 
