9.053749e-01 9.025838e-01 8.942278e-01 8.803585e-01 8.610612e-01 8.364550e-01 8.066916e-01 7.719544e-01 7.324577e-01 6.884448e-01 6.401873e-01 5.879825e-01 5.321523e-01 4.730410e-01 4.110128e-01 3.464503e-01 2.797514e-01 2.113274e-01 1.416000e-01 7.099920e-02 -3.982696e-05 -7.107911e-02 -1.416807e-01 -2.114093e-01 -2.798351e-01 -3.465362e-01 -4.111014e-01 -4.731325e-01 -5.322473e-01 -5.880810e-01 -6.402896e-01 -6.885510e-01 -7.325676e-01 -7.720681e-01 -8.068087e-01 -8.365753e-01 -8.611843e-01 -8.804838e-01 -8.943548e-01 -9.027118e-01 -9.055032e-01 
9.025838e-01 8.998014e-01 8.914711e-01 8.776445e-01 8.584067e-01 8.338764e-01 8.042047e-01 7.695746e-01 7.301997e-01 6.863225e-01 6.382137e-01 5.861699e-01 5.305118e-01 4.715826e-01 4.097457e-01 3.453822e-01 2.788889e-01 2.106758e-01 1.411634e-01 7.078026e-02 -3.977512e-05 -7.086007e-02 -1.412440e-01 -2.107577e-01 -2.789725e-01 -3.454680e-01 -4.098341e-01 -4.716741e-01 -5.306066e-01 -5.862682e-01 -6.383158e-01 -6.864284e-01 -7.303094e-01 -7.696881e-01 -8.043216e-01 -8.339964e-01 -8.585295e-01 -8.777695e-01 -8.915978e-01 -8.999290e-01 -9.027118e-01 
8.942278e-01 8.914711e-01 8.832180e-01 8.695194e-01 8.504597e-01 8.261565e-01 7.967595e-01 7.624500e-01 7.234395e-01 6.799686e-01 6.323052e-01 5.807431e-01 5.256003e-01 4.672167e-01 4.059522e-01 3.421846e-01 2.763069e-01 2.087253e-01 1.398564e-01 7.012479e-02 -3.962094e-05 -7.020429e-02 -1.399366e-01 -2.088068e-01 -2.763901e-01 -3.422700e-01 -4.060402e-01 -4.673077e-01 -5.256946e-01 -5.808409e-01 -6.324066e-01 -6.800738e-01 -7.235485e-01 -7.625626e-01 -7.968756e-01 -8.262756e-01 -8.505816e-01 -8.696435e-01 -8.833437e-01 -8.915978e-01 -8.943548e-01 
8.803585e-01 8.776445e-01 8.695194e-01 8.560333e-01 8.372692e-01 8.133429e-01 7.844018e-01 7.506244e-01 7.122190e-01 6.694223e-01 6.224981e-01 5.717358e-01 5.174482e-01 4.599701e-01 3.996558e-01 3.368771e-01 2.720212e-01 2.054877e-01 1.376869e-01 6.903683e-02 -3.936839e-05 -6.911582e-02 -1.377667e-01 -2.055687e-01 -2.721038e-01 -3.369619e-01 -3.997431e-01 -4.600603e-01 -5.175416e-01 -5.718326e-01 -6.225986e-01 -6.695264e-01 -7.123268e-01 -7.507358e-01 -7.845165e-01 -8.134606e-01 -8.373895e-01 -8.561557e-01 -8.696435e-01 -8.777695e-01 -8.804838e-01 
8.610612e-01 8.584067e-01 8.504597e-01 8.372692e-01 8.189164e-01 7.955145e-01 7.672078e-01 7.341709e-01 6.966072e-01 6.547486e-01 6.088529e-01 5.592033e-01 5.061056e-01 4.498874e-01 3.908951e-01 3.294925e-01 2.660582e-01 2.009831e-01 1.346684e-01 6.752308e-02 -3.902397e-05 -6.760137e-02 -1.347474e-01 -2.010633e-01 -2.661400e-01 -3.295765e-01 -3.909815e-01 -4.499766e-01 -5.061979e-01 -5.592989e-01 -6.089521e-01 -6.548513e-01 -6.967134e-01 -7.342805e-01 -7.673207e-01 -7.956303e-01 -8.190347e-01 -8.373895e-01 -8.505816e-01 -8.585295e-01 -8.611843e-01 
8.364550e-01 8.338764e-01 8.261565e-01 8.133429e-01 7.955145e-01 7.727814e-01 7.452836e-01 7.131907e-01 6.767005e-01 6.360380e-01 5.914538e-01 5.432229e-01 4.916426e-01 4.370308e-01 3.797243e-01 3.200764e-01 2.584547e-01 1.952391e-01 1.308195e-01 6.559287e-02 -3.859648e-05 -6.567030e-02 -1.308976e-01 -1.953184e-01 -2.585355e-01 -3.201592e-01 -3.798095e-01 -4.371188e-01 -4.917335e-01 -5.433170e-01 -5.915513e-01 -6.361388e-01 -6.768047e-01 -7.132982e-01 -7.453942e-01 -7.728947e-01 -7.956303e-01 -8.134606e-01 -8.262756e-01 -8.339964e-01 -8.365753e-01 
8.066916e-01 8.042047e-01 7.967595e-01 7.844018e-01 7.672078e-01 7.452836e-01 7.187642e-01 6.878132e-01 6.526214e-01 6.134058e-01 5.704080e-01 5.238932e-01 4.741482e-01 4.214797e-01 3.662122e-01 3.086866e-01 2.492575e-01 1.882913e-01 1.261638e-01 6.325809e-02 -3.809683e-05 -6.333451e-02 -1.262409e-01 -1.883695e-01 -2.493372e-01 -3.087682e-01 -3.662961e-01 -4.215661e-01 -4.742375e-01 -5.239856e-01 -5.705035e-01 -6.135045e-01 -6.527233e-01 -6.879183e-01 -7.188722e-01 -7.453942e-01 -7.673207e-01 -7.845165e-01 -7.968755e-01 -8.043216e-01 -8.068087e-01 
7.719544e-01 7.695746e-01 7.624500e-01 7.506244e-01 7.341709e-01 7.131907e-01 6.878132e-01 6.581950e-01 6.245185e-01 5.869915e-01 5.458452e-01 5.013334e-01 4.537304e-01 4.033297e-01 3.504421e-01 2.953936e-01 2.385235e-01 1.801825e-01 1.207302e-01 6.053313e-02 -3.753768e-05 -6.060842e-02 -1.208061e-01 -1.802594e-01 -2.386019e-01 -2.954738e-01 -3.505245e-01 -4.034145e-01 -4.538179e-01 -5.014237e-01 -5.459386e-01 -5.870879e-01 -6.246179e-01 -6.582973e-01 -6.879182e-01 -7.132982e-01 -7.342805e-01 -7.507358e-01 -7.625626e-01 -7.696880e-01 -7.720681e-01 
7.324577e-01 7.301997e-01 7.234395e-01 7.122190e-01 6.966072e-01 6.767005e-01 6.526214e-01 6.245185e-01 5.925651e-01 5.569580e-01 5.179169e-01 4.756825e-01 4.305150e-01 3.826930e-01 3.325112e-01 2.802791e-01 2.263187e-01 1.709625e-01 1.145520e-01 5.743477e-02 -3.693313e-05 -5.750884e-02 -1.146266e-01 -1.710382e-01 -2.263957e-01 -2.803578e-01 -3.325919e-01 -3.827760e-01 -4.306005e-01 -4.757707e-01 -5.180080e-01 -5.570519e-01 -5.926617e-01 -6.246179e-01 -6.527233e-01 -6.768047e-01 -6.967134e-01 -7.123268e-01 -7.235485e-01 -7.303094e-01 -7.325676e-01 
6.884448e-01 6.863225e-01 6.799686e-01 6.694223e-01 6.547486e-01 6.360380e-01 6.134058e-01 5.869915e-01 5.569580e-01 5.234905e-01 4.867953e-01 4.470986e-01 4.046451e-01 3.596965e-01 3.125301e-01 2.634364e-01 2.127183e-01 1.606883e-01 1.076673e-01 5.398212e-02 -3.629831e-05 -5.405490e-02 -1.077407e-01 -1.607626e-01 -2.127938e-01 -2.635136e-01 -3.126091e-01 -3.597777e-01 -4.047286e-01 -4.471846e-01 -4.868839e-01 -5.235818e-01 -5.570519e-01 -5.870879e-01 -6.135045e-01 -6.361388e-01 -6.548512e-01 -6.695264e-01 -6.800738e-01 -6.864284e-01 -6.885509e-01 
6.401873e-01 6.382137e-01 6.323052e-01 6.224981e-01 6.088529e-01 5.914538e-01 5.704080e-01 5.458452e-01 5.179169e-01 4.867953e-01 4.526722e-01 4.157580e-01 3.762802e-01 3.344823e-01 2.906219e-01 2.449694e-01 1.978063e-01 1.494233e-01 1.001187e-01 5.019643e-02 -3.564900e-05 -5.026791e-02 -1.001907e-01 -1.494961e-01 -1.978803e-01 -2.450449e-01 -2.906991e-01 -3.345615e-01 -3.763616e-01 -4.158417e-01 -4.527584e-01 -4.868839e-01 -5.180079e-01 -5.459385e-01 -5.705035e-01 -5.915512e-01 -6.089520e-01 -6.225985e-01 -6.324066e-01 -6.383158e-01 -6.402895e-01 
5.879825e-01 5.861699e-01 5.807431e-01 5.717358e-01 5.592033e-01 5.432229e-01 5.238932e-01 5.013334e-01 4.756825e-01 4.470986e-01 4.157580e-01 3.818538e-01 3.455952e-01 3.072056e-01 2.669216e-01 2.249918e-01 1.816744e-01 1.372367e-01 9.195252e-02 4.610106e-02 -3.500118e-05 -4.617122e-02 -9.202317e-02 -1.373082e-01 -1.817470e-01 -2.250657e-01 -2.669972e-01 -3.072830e-01 -3.456746e-01 -3.819354e-01 -4.158417e-01 -4.471846e-01 -4.757707e-01 -5.014237e-01 -5.239855e-01 -5.433170e-01 -5.592988e-01 -5.718326e-01 -5.808409e-01 -5.862682e-01 -5.880810e-01 
5.321523e-01 5.305118e-01 5.256003e-01 5.174482e-01 5.061056e-01 4.916426e-01 4.741482e-01 4.537304e-01 4.305150e-01 4.046451e-01 3.762802e-01 3.455952e-01 3.127792e-01 2.780346e-01 2.415755e-01 2.036268e-01 1.644223e-01 1.242038e-01 8.321922e-02 4.172122e-02 -3.437071e-05 -4.179011e-02 -8.328857e-02 -1.242739e-01 -1.644934e-01 -2.036992e-01 -2.416494e-01 -2.781102e-01 -3.128566e-01 -3.456746e-01 -3.763616e-01 -4.047286e-01 -4.306005e-01 -4.538178e-01 -4.742375e-01 -4.917334e-01 -5.061979e-01 -5.175416e-01 -5.256945e-01 -5.306065e-01 -5.322472e-01 
4.730410e-01 4.715826e-01 4.672167e-01 4.599701e-01 4.498874e-01 4.370308e-01 4.214797e-01 4.033297e-01 3.826930e-01 3.596965e-01 3.344823e-01 3.072056e-01 2.780346e-01 2.471492e-01 2.147398e-01 1.810061e-01 1.461562e-01 1.104049e-01 7.397262e-02 3.708391e-02 -3.377287e-05 -3.715160e-02 -7.404072e-02 -1.104737e-01 -1.462260e-01 -1.810770e-01 -2.148121e-01 -2.472231e-01 -2.781102e-01 -3.072829e-01 -3.345615e-01 -3.597777e-01 -3.827759e-01 -4.034145e-01 -4.215661e-01 -4.371187e-01 -4.499765e-01 -4.600602e-01 -4.673076e-01 -4.716740e-01 -4.731325e-01 
4.110128e-01 4.097457e-01 4.059522e-01 3.996558e-01 3.908951e-01 3.797243e-01 3.662122e-01 3.504421e-01 3.325112e-01 3.125301e-01 2.906219e-01 2.669216e-01 2.415755e-01 2.147398e-01 1.865798e-01 1.572693e-01 1.269888e-01 9.592510e-02 6.426969e-02 3.221772e-02 -3.322204e-05 -3.228429e-02 -6.433665e-02 -9.599270e-02 -1.270573e-01 -1.573388e-01 -1.866507e-01 -2.148121e-01 -2.416494e-01 -2.669972e-01 -2.906991e-01 -3.126090e-01 -3.325919e-01 -3.505244e-01 -3.662960e-01 -3.798095e-01 -3.909815e-01 -3.997430e-01 -4.060402e-01 -4.098341e-01 -4.111013e-01 
3.464503e-01 3.453822e-01 3.421846e-01 3.368771e-01 3.294925e-01 3.200764e-01 3.086866e-01 2.953936e-01 2.802791e-01 2.634364e-01 2.449694e-01 2.249918e-01 2.036268e-01 1.810061e-01 1.572693e-01 1.325625e-01 1.070382e-01 8.085361e-02 5.417026e-02 2.715263e-02 -3.273136e-05 -2.721821e-02 -5.423621e-02 -8.092015e-02 -1.071055e-01 -1.326309e-01 -1.573388e-01 -1.810770e-01 -2.036991e-01 -2.250657e-01 -2.450449e-01 -2.635135e-01 -2.803578e-01 -2.954737e-01 -3.087682e-01 -3.201592e-01 -3.295764e-01 -3.369618e-01 -3.422699e-01 -3.454679e-01 -3.465361e-01 
2.797514e-01 2.788889e-01 2.763069e-01 2.720212e-01 2.660582e-01 2.584547e-01 2.492575e-01 2.385235e-01 2.263187e-01 2.127183e-01 1.978063e-01 1.816744e-01 1.644223e-01 1.461562e-01 1.269888e-01 1.070382e-01 8.642732e-02 6.528335e-02 4.373658e-02 2.191986e-02 -3.231246e-05 -2.198460e-02 -4.380166e-02 -6.534898e-02 -8.649372e-02 -1.071055e-01 -1.270573e-01 -1.462259e-01 -1.644934e-01 -1.817470e-01 -1.978803e-01 -2.127938e-01 -2.263956e-01 -2.386018e-01 -2.493372e-01 -2.585355e-01 -2.661399e-01 -2.721037e-01 -2.763901e-01 -2.789725e-01 -2.798350e-01 
2.113274e-01 2.106758e-01 2.087253e-01 2.054877e-01 2.009831e-01 1.952391e-01 1.882913e-01 1.801825e-01 1.709625e-01 1.606883e-01 1.494233e-01 1.372367e-01 1.242038e-01 1.104049e-01 9.592510e-02 8.085361e-02 6.528335e-02 4.931031e-02 3.303297e-02 1.655167e-02 -3.197518e-05 -1.661573e-02 -3.309735e-02 -4.937522e-02 -6.534897e-02 -8.092013e-02 -9.599268e-02 -1.104737e-01 -1.242739e-01 -1.373081e-01 -1.494961e-01 -1.607626e-01 -1.710381e-01 -1.802594e-01 -1.883694e-01 -1.953183e-01 -2.010632e-01 -2.055686e-01 -2.088067e-01 -2.107576e-01 -2.114092e-01 
1.416000e-01 1.411634e-01 1.398564e-01 1.376869e-01 1.346684e-01 1.308195e-01 1.261638e-01 1.207302e-01 1.145520e-01 1.076673e-01 1.001187e-01 9.195252e-02 8.321922e-02 7.397262e-02 6.426969e-02 5.417026e-02 4.373658e-02 3.303297e-02 2.212541e-02 1.108115e-02 -3.172742e-05 -1.114471e-02 -2.218928e-02 -3.309734e-02 -4.380164e-02 -5.423618e-02 -6.433663e-02 -7.404069e-02 -8.328853e-02 -9.202312e-02 -1.001906e-01 -1.077406e-01 -1.146266e-01 -1.208060e-01 -1.262408e-01 -1.308975e-01 -1.347474e-01 -1.377666e-01 -1.399366e-01 -1.412439e-01 -1.416806e-01 
7.099920e-02 7.078026e-02 7.012479e-02 6.903683e-02 6.752308e-02 6.559287e-02 6.325809e-02 6.053313e-02 5.743477e-02 5.398212e-02 5.019643e-02 4.610106e-02 4.172122e-02 3.708391e-02 3.221772e-02 2.715263e-02 2.191986e-02 1.655167e-02 1.108115e-02 5.542018e-03 -3.157492e-05 -5.605269e-03 -1.114470e-02 -1.661571e-02 -2.198458e-02 -2.721818e-02 -3.228425e-02 -3.715155e-02 -4.179006e-02 -4.617117e-02 -5.026785e-02 -5.405484e-02 -5.750877e-02 -6.060834e-02 -6.333443e-02 -6.567021e-02 -6.760129e-02 -6.911573e-02 -7.020420e-02 -7.085998e-02 -7.107902e-02 
-3.982696e-05 -3.977512e-05 -3.962094e-05 -3.936839e-05 -3.902397e-05 -3.859648e-05 -3.809683e-05 -3.753768e-05 -3.693313e-05 -3.629831e-05 -3.564900e-05 -3.500118e-05 -3.437071e-05 -3.377287e-05 -3.322204e-05 -3.273136e-05 -3.231246e-05 -3.197518e-05 -3.172742e-05 -3.157492e-05 -3.152118e-05 -3.156739e-05 -3.171242e-05 -3.195279e-05 -3.228281e-05 -3.269464e-05 -3.317848e-05 -3.372273e-05 -3.431430e-05 -3.493885e-05 -3.558111e-05 -3.622531e-05 -3.685544e-05 -3.745579e-05 -3.801124e-05 -3.850773e-05 -3.893259e-05 -3.927494e-05 -3.952597e-05 -3.967926e-05 -3.973102e-05 
-7.107911e-02 -7.086007e-02 -7.020429e-02 -6.911582e-02 -6.760137e-02 -6.567030e-02 -6.333451e-02 -6.060842e-02 -5.750884e-02 -5.405490e-02 -5.026791e-02 -4.617122e-02 -4.179011e-02 -3.715160e-02 -3.228429e-02 -2.721821e-02 -2.198460e-02 -1.661573e-02 -1.114471e-02 -5.605269e-03 -3.156739e-05 5.542033e-03 1.108117e-02 1.655170e-02 2.191990e-02 2.715267e-02 3.221777e-02 3.708397e-02 4.172128e-02 4.610112e-02 5.019651e-02 5.398220e-02 5.743486e-02 6.053322e-02 6.325818e-02 6.559297e-02 6.752318e-02 6.903693e-02 7.012489e-02 7.078036e-02 7.099930e-02 
-1.416807e-01 -1.412440e-01 -1.399366e-01 -1.377667e-01 -1.347474e-01 -1.308976e-01 -1.262409e-01 -1.208061e-01 -1.146266e-01 -1.077407e-01 -1.001907e-01 -9.202317e-02 -8.328857e-02 -7.404072e-02 -6.433665e-02 -5.423621e-02 -4.380166e-02 -3.309735e-02 -2.218928e-02 -1.114470e-02 -3.171242e-05 1.108117e-02 2.212544e-02 3.303300e-02 4.373662e-02 5.417031e-02 6.426975e-02 7.397268e-02 8.321929e-02 9.195259e-02 1.001187e-01 1.076674e-01 1.145521e-01 1.207303e-01 1.261639e-01 1.308196e-01 1.346685e-01 1.376870e-01 1.398565e-01 1.411635e-01 1.416001e-01 
-2.114093e-01 -2.107577e-01 -2.088068e-01 -2.055687e-01 -2.010633e-01 -1.953184e-01 -1.883695e-01 -1.802594e-01 -1.710382e-01 -1.607626e-01 -1.494961e-01 -1.373082e-01 -1.242739e-01 -1.104737e-01 -9.599270e-02 -8.092015e-02 -6.534898e-02 -4.937522e-02 -3.309734e-02 -1.661571e-02 -3.195279e-05 1.655170e-02 3.303300e-02 4.931035e-02 6.528340e-02 8.085366e-02 9.592517e-02 1.104050e-01 1.242039e-01 1.372368e-01 1.494233e-01 1.606884e-01 1.709626e-01 1.801826e-01 1.882914e-01 1.952392e-01 2.009832e-01 2.054878e-01 2.087254e-01 2.106760e-01 2.113275e-01 
-2.798351e-01 -2.789725e-01 -2.763901e-01 -2.721038e-01 -2.661400e-01 -2.585355e-01 -2.493372e-01 -2.386019e-01 -2.263957e-01 -2.127938e-01 -1.978803e-01 -1.817470e-01 -1.644934e-01 -1.462260e-01 -1.270573e-01 -1.071055e-01 -8.649372e-02 -6.534897e-02 -4.380164e-02 -2.198458e-02 -3.228281e-05 2.191990e-02 4.373662e-02 6.528340e-02 8.642738e-02 1.070382e-01 1.269889e-01 1.461563e-01 1.644224e-01 1.816745e-01 1.978063e-01 2.127184e-01 2.263188e-01 2.385236e-01 2.492576e-01 2.584548e-01 2.660583e-01 2.720213e-01 2.763070e-01 2.788891e-01 2.797515e-01 
-3.465362e-01 -3.454680e-01 -3.422700e-01 -3.369619e-01 -3.295765e-01 -3.201592e-01 -3.087682e-01 -2.954738e-01 -2.803578e-01 -2.635136e-01 -2.450449e-01 -2.250657e-01 -2.036992e-01 -1.810770e-01 -1.573388e-01 -1.326309e-01 -1.071055e-01 -8.092013e-02 -5.423618e-02 -2.721818e-02 -3.269464e-05 2.715267e-02 5.417031e-02 8.085366e-02 1.070382e-01 1.325626e-01 1.572693e-01 1.810062e-01 2.036269e-01 2.249919e-01 2.449695e-01 2.634365e-01 2.802792e-01 2.953937e-01 3.086867e-01 3.200765e-01 3.294927e-01 3.368772e-01 3.421847e-01 3.453823e-01 3.464504e-01 
-4.111014e-01 -4.098341e-01 -4.060402e-01 -3.997431e-01 -3.909815e-01 -3.798095e-01 -3.662961e-01 -3.505245e-01 -3.325919e-01 -3.126091e-01 -2.906991e-01 -2.669972e-01 -2.416494e-01 -2.148121e-01 -1.866507e-01 -1.573388e-01 -1.270573e-01 -9.599268e-02 -6.433663e-02 -3.228425e-02 -3.317848e-05 3.221777e-02 6.426975e-02 9.592517e-02 1.269889e-01 1.572693e-01 1.865799e-01 2.147399e-01 2.415756e-01 2.669217e-01 2.906220e-01 3.125302e-01 3.325113e-01 3.504422e-01 3.662123e-01 3.797244e-01 3.908953e-01 3.996559e-01 4.059524e-01 4.097458e-01 4.110129e-01 
-4.731325e-01 -4.716741e-01 -4.673077e-01 -4.600603e-01 -4.499766e-01 -4.371188e-01 -4.215661e-01 -4.034145e-01 -3.827760e-01 -3.597777e-01 -3.345615e-01 -3.072830e-01 -2.781102e-01 -2.472231e-01 -2.148121e-01 -1.810770e-01 -1.462259e-01 -1.104737e-01 -7.404069e-02 -3.715155e-02 -3.372273e-05 3.708397e-02 7.397268e-02 1.104050e-01 1.461563e-01 1.810062e-01 2.147399e-01 2.471493e-01 2.780347e-01 3.072057e-01 3.344824e-01 3.596967e-01 3.826931e-01 4.033299e-01 4.214798e-01 4.370310e-01 4.498875e-01 4.599702e-01 4.672168e-01 4.715828e-01 4.730411e-01 
-5.322473e-01 -5.306066e-01 -5.256946e-01 -5.175416e-01 -5.061979e-01 -4.917335e-01 -4.742375e-01 -4.538179e-01 -4.306005e-01 -4.047286e-01 -3.763616e-01 -3.456746e-01 -3.128566e-01 -2.781102e-01 -2.416494e-01 -2.036991e-01 -1.644934e-01 -1.242739e-01 -8.328853e-02 -4.179006e-02 -3.431430e-05 4.172128e-02 8.321929e-02 1.242039e-01 1.644224e-01 2.036269e-01 2.415756e-01 2.780347e-01 3.127793e-01 3.455953e-01 3.762803e-01 4.046452e-01 4.305151e-01 4.537305e-01 4.741484e-01 4.916427e-01 5.061058e-01 5.174483e-01 5.256004e-01 5.305119e-01 5.321525e-01 
-5.880810e-01 -5.862682e-01 -5.808409e-01 -5.718326e-01 -5.592989e-01 -5.433170e-01 -5.239856e-01 -5.014237e-01 -4.757707e-01 -4.471846e-01 -4.158417e-01 -3.819354e-01 -3.456746e-01 -3.072829e-01 -2.669972e-01 -2.250657e-01 -1.817470e-01 -1.373081e-01 -9.202312e-02 -4.617117e-02 -3.493885e-05 4.610112e-02 9.195259e-02 1.372368e-01 1.816745e-01 2.249919e-01 2.669217e-01 3.072057e-01 3.455953e-01 3.818539e-01 4.157581e-01 4.470987e-01 4.756826e-01 5.013335e-01 5.238934e-01 5.432230e-01 5.592034e-01 5.717359e-01 5.807433e-01 5.861700e-01 5.879826e-01 
-6.402896e-01 -6.383158e-01 -6.324066e-01 -6.225986e-01 -6.089521e-01 -5.915513e-01 -5.705035e-01 -5.459386e-01 -5.180080e-01 -4.868839e-01 -4.527584e-01 -4.158417e-01 -3.763616e-01 -3.345615e-01 -2.906991e-01 -2.450449e-01 -1.978803e-01 -1.494961e-01 -1.001906e-01 -5.026785e-02 -3.558111e-05 5.019651e-02 1.001187e-01 1.494233e-01 1.978063e-01 2.449695e-01 2.906220e-01 3.344824e-01 3.762803e-01 4.157581e-01 4.526723e-01 4.867954e-01 5.179171e-01 5.458454e-01 5.704081e-01 5.914540e-01 6.088531e-01 6.224982e-01 6.323053e-01 6.382139e-01 6.401874e-01 
-6.885510e-01 -6.864284e-01 -6.800738e-01 -6.695264e-01 -6.548513e-01 -6.361388e-01 -6.135045e-01 -5.870879e-01 -5.570519e-01 -5.235818e-01 -4.868839e-01 -4.471846e-01 -4.047286e-01 -3.597777e-01 -3.126090e-01 -2.635135e-01 -2.127938e-01 -1.607626e-01 -1.077406e-01 -5.405484e-02 -3.622531e-05 5.398220e-02 1.076674e-01 1.606884e-01 2.127184e-01 2.634365e-01 3.125302e-01 3.596967e-01 4.046452e-01 4.470987e-01 4.867954e-01 5.234907e-01 5.569582e-01 5.869916e-01 6.134059e-01 6.360381e-01 6.547487e-01 6.694224e-01 6.799687e-01 6.863227e-01 6.884450e-01 
-7.325676e-01 -7.303094e-01 -7.235485e-01 -7.123268e-01 -6.967134e-01 -6.768047e-01 -6.527233e-01 -6.246179e-01 -5.926617e-01 -5.570519e-01 -5.180079e-01 -4.757707e-01 -4.306005e-01 -3.827759e-01 -3.325919e-01 -2.803578e-01 -2.263956e-01 -1.710381e-01 -1.146266e-01 -5.750877e-02 -3.685544e-05 5.743486e-02 1.145521e-01 1.709626e-01 2.263188e-01 2.802792e-01 3.325113e-01 3.826931e-01 4.305151e-01 4.756826e-01 5.179171e-01 5.569582e-01 5.925652e-01 6.245187e-01 6.526215e-01 6.767006e-01 6.966074e-01 7.122192e-01 7.234397e-01 7.301998e-01 7.324578e-01 
-7.720681e-01 -7.696881e-01 -7.625626e-01 -7.507358e-01 -7.342805e-01 -7.132982e-01 -6.879183e-01 -6.582973e-01 -6.246179e-01 -5.870879e-01 -5.459385e-01 -5.014237e-01 -4.538178e-01 -4.034145e-01 -3.505244e-01 -2.954737e-01 -2.386018e-01 -1.802594e-01 -1.208060e-01 -6.060834e-02 -3.745579e-05 6.053322e-02 1.207303e-01 1.801826e-01 2.385236e-01 2.953937e-01 3.504422e-01 4.033299e-01 4.537305e-01 5.013335e-01 5.458454e-01 5.869916e-01 6.245187e-01 6.581951e-01 6.878134e-01 7.131908e-01 7.341710e-01 7.506246e-01 7.624501e-01 7.695748e-01 7.719545e-01 
-8.068087e-01 -8.043216e-01 -7.968756e-01 -7.845165e-01 -7.673207e-01 -7.453942e-01 -7.188722e-01 -6.879182e-01 -6.527233e-01 -6.135045e-01 -5.705035e-01 -5.239855e-01 -4.742375e-01 -4.215661e-01 -3.662960e-01 -3.087682e-01 -2.493372e-01 -1.883694e-01 -1.262408e-01 -6.333443e-02 -3.801124e-05 6.325818e-02 1.261639e-01 1.882914e-01 2.492576e-01 3.086867e-01 3.662123e-01 4.214798e-01 4.741484e-01 5.238934e-01 5.704081e-01 6.134059e-01 6.526215e-01 6.878134e-01 7.187643e-01 7.452837e-01 7.672080e-01 7.844019e-01 7.967596e-01 8.042048e-01 8.066917e-01 
-8.365753e-01 -8.339964e-01 -8.262756e-01 -8.134606e-01 -7.956303e-01 -7.728947e-01 -7.453942e-01 -7.132982e-01 -6.768047e-01 -6.361388e-01 -5.915512e-01 -5.433170e-01 -4.917334e-01 -4.371187e-01 -3.798095e-01 -3.201592e-01 -2.585355e-01 -1.953183e-01 -1.308975e-01 -6.567021e-02 -3.850773e-05 6.559297e-02 1.308196e-01 1.952392e-01 2.584548e-01 3.200765e-01 3.797244e-01 4.370310e-01 4.916427e-01 5.432230e-01 5.914540e-01 6.360381e-01 6.767006e-01 7.131908e-01 7.452837e-01 7.727815e-01 7.955147e-01 8.133430e-01 8.261566e-01 8.338765e-01 8.364551e-01 
-8.611843e-01 -8.585295e-01 -8.505816e-01 -8.373895e-01 -8.190347e-01 -7.956303e-01 -7.673207e-01 -7.342805e-01 -6.967134e-01 -6.548512e-01 -6.089520e-01 -5.592988e-01 -5.061979e-01 -4.499765e-01 -3.909815e-01 -3.295764e-01 -2.661399e-01 -2.010632e-01 -1.347474e-01 -6.760129e-02 -3.893259e-05 6.752318e-02 1.346685e-01 2.009832e-01 2.660583e-01 3.294927e-01 3.908953e-01 4.498875e-01 5.061058e-01 5.592034e-01 6.088531e-01 6.547487e-01 6.966074e-01 7.341710e-01 7.672080e-01 7.955147e-01 8.189165e-01 8.372693e-01 8.504599e-01 8.584069e-01 8.610613e-01 
-8.804838e-01 -8.777695e-01 -8.696435e-01 -8.561557e-01 -8.373895e-01 -8.134606e-01 -7.845165e-01 -7.507358e-01 -7.123268e-01 -6.695264e-01 -6.225985e-01 -5.718326e-01 -5.175416e-01 -4.600602e-01 -3.997430e-01 -3.369618e-01 -2.721037e-01 -2.055686e-01 -1.377666e-01 -6.911573e-02 -3.927494e-05 6.903693e-02 1.376870e-01 2.054878e-01 2.720213e-01 3.368772e-01 3.996559e-01 4.599702e-01 5.174483e-01 5.717359e-01 6.224982e-01 6.694224e-01 7.122192e-01 7.506246e-01 7.844019e-01 8.133430e-01 8.372693e-01 8.560334e-01 8.695196e-01 8.776447e-01 8.803586e-01 
-8.943548e-01 -8.915978e-01 -8.833437e-01 -8.696435e-01 -8.505816e-01 -8.262756e-01 -7.968755e-01 -7.625626e-01 -7.235485e-01 -6.800738e-01 -6.324066e-01 -5.808409e-01 -5.256945e-01 -4.673076e-01 -4.060402e-01 -3.422699e-01 -2.763901e-01 -2.088067e-01 -1.399366e-01 -7.020420e-02 -3.952597e-05 7.012489e-02 1.398565e-01 2.087254e-01 2.763070e-01 3.421847e-01 4.059524e-01 4.672168e-01 5.256004e-01 5.807433e-01 6.323053e-01 6.799687e-01 7.234397e-01 7.624501e-01 7.967596e-01 8.261566e-01 8.504599e-01 8.695196e-01 8.832182e-01 8.914713e-01 8.942280e-01 
-9.027118e-01 -8.999290e-01 -8.915978e-01 -8.777695e-01 -8.585295e-01 -8.339964e-01 -8.043216e-01 -7.696880e-01 -7.303094e-01 -6.864284e-01 -6.383158e-01 -5.862682e-01 -5.306065e-01 -4.716740e-01 -4.098341e-01 -3.454679e-01 -2.789725e-01 -2.107576e-01 -1.412439e-01 -7.085998e-02 -3.967926e-05 7.078036e-02 1.411635e-01 2.106760e-01 2.788891e-01 3.453823e-01 4.097458e-01 4.715828e-01 5.305119e-01 5.861700e-01 6.382139e-01 6.863227e-01 7.301998e-01 7.695748e-01 8.042048e-01 8.338765e-01 8.584069e-01 8.776447e-01 8.914713e-01 8.998015e-01 9.025840e-01 
-9.055032e-01 -9.027118e-01 -8.943548e-01 -8.804838e-01 -8.611843e-01 -8.365753e-01 -8.068087e-01 -7.720681e-01 -7.325676e-01 -6.885509e-01 -6.402895e-01 -5.880810e-01 -5.322472e-01 -4.731325e-01 -4.111013e-01 -3.465361e-01 -2.798350e-01 -2.114092e-01 -1.416806e-01 -7.107902e-02 -3.973102e-05 7.099930e-02 1.416001e-01 2.113275e-01 2.797515e-01 3.464504e-01 4.110129e-01 4.730411e-01 5.321525e-01 5.879826e-01 6.401874e-01 6.884450e-01 7.324578e-01 7.719545e-01 8.066917e-01 8.364551e-01 8.610613e-01 8.803586e-01 8.942280e-01 9.025840e-01 9.053750e-01 
