8.706352e-04 8.599163e-04 8.280233e-04 7.757417e-04 7.043587e-04 6.156321e-04 5.117465e-04 3.952601e-04 2.690411e-04 1.361974e-04 2.326150e-17 1.361974e-04 2.690411e-04 3.952601e-04 5.117465e-04 6.156321e-04 7.043587e-04 7.757417e-04 8.280233e-04 8.599163e-04 8.706352e-04 
8.599163e-04 8.493293e-04 8.178290e-04 7.661910e-04 6.956869e-04 6.080526e-04 5.054461e-04 3.903938e-04 2.657287e-04 1.345205e-04 2.974315e-17 1.345205e-04 2.657287e-04 3.903938e-04 5.054461e-04 6.080526e-04 6.956869e-04 7.661910e-04 8.178290e-04 8.493293e-04 8.599163e-04 
8.280233e-04 8.178290e-04 7.874970e-04 7.377742e-04 6.698849e-04 5.855009e-04 4.866999e-04 3.759147e-04 2.558733e-04 1.295314e-04 8.389382e-17 1.295314e-04 2.558733e-04 3.759147e-04 4.866999e-04 5.855009e-04 6.698849e-04 7.377742e-04 7.874970e-04 8.178290e-04 8.280233e-04 
7.757417e-04 7.661910e-04 7.377742e-04 6.911909e-04 6.275882e-04 5.485322e-04 4.559695e-04 3.521793e-04 2.397174e-04 1.213527e-04 2.236477e-16 1.213527e-04 2.397174e-04 3.521793e-04 4.559695e-04 5.485322e-04 6.275882e-04 6.911909e-04 7.377742e-04 7.661910e-04 7.757417e-04 
7.043587e-04 6.956869e-04 6.698849e-04 6.275882e-04 5.698381e-04 4.980568e-04 4.140116e-04 3.197722e-04 2.176588e-04 1.101860e-04 9.249636e-17 1.101860e-04 2.176588e-04 3.197722e-04 4.140116e-04 4.980568e-04 5.698381e-04 6.275882e-04 6.698849e-04 6.956869e-04 7.043587e-04 
6.156321e-04 6.080526e-04 5.855009e-04 5.485322e-04 4.980568e-04 4.353176e-04 3.618595e-04 2.794911e-04 1.902408e-04 9.630607e-05 5.006639e-17 9.630607e-05 1.902408e-04 2.794911e-04 3.618595e-04 4.353176e-04 4.980568e-04 5.485322e-04 5.855009e-04 6.080526e-04 6.156321e-04 
5.117465e-04 5.054461e-04 4.866999e-04 4.559695e-04 4.140116e-04 3.618595e-04 3.007971e-04 2.323281e-04 1.581384e-04 8.005480e-05 7.952140e-18 8.005480e-05 1.581384e-04 2.323281e-04 3.007971e-04 3.618595e-04 4.140116e-04 4.559695e-04 4.866999e-04 5.054461e-04 5.117465e-04 
3.952601e-04 3.903938e-04 3.759147e-04 3.521793e-04 3.197722e-04 2.794911e-04 2.323281e-04 1.794443e-04 1.221421e-04 6.183231e-05 4.808591e-17 6.183231e-05 1.221421e-04 1.794443e-04 2.323281e-04 2.794911e-04 3.197722e-04 3.521793e-04 3.759147e-04 3.903938e-04 3.952601e-04 
2.690411e-04 2.657287e-04 2.558733e-04 2.397174e-04 2.176588e-04 1.902408e-04 1.581384e-04 1.221421e-04 8.313827e-05 4.208730e-05 6.485116e-17 4.208730e-05 8.313827e-05 1.221421e-04 1.581384e-04 1.902408e-04 2.176588e-04 2.397174e-04 2.558733e-04 2.657287e-04 2.690411e-04 
1.361974e-04 1.345205e-04 1.295314e-04 1.213527e-04 1.101860e-04 9.630607e-05 8.005480e-05 6.183231e-05 4.208730e-05 2.130596e-05 6.056948e-19 2.130596e-05 4.208730e-05 6.183231e-05 8.005480e-05 9.630607e-05 1.101860e-04 1.213527e-04 1.295314e-04 1.345205e-04 1.361974e-04 
3.413970e-17 5.195712e-17 3.117598e-17 2.290934e-17 1.400516e-17 2.434573e-17 1.848281e-19 9.769304e-18 1.831019e-17 3.402397e-17 3.885634e-17 4.928546e-17 4.840006e-17 5.368383e-17 5.604848e-17 4.019694e-17 1.484898e-17 2.001676e-17 3.507072e-17 1.900920e-17 2.437291e-17 
1.361974e-04 1.345205e-04 1.295314e-04 1.213527e-04 1.101860e-04 9.630607e-05 8.005480e-05 6.183231e-05 4.208730e-05 2.130596e-05 9.279312e-18 2.130596e-05 4.208730e-05 6.183231e-05 8.005480e-05 9.630607e-05 1.101860e-04 1.213527e-04 1.295314e-04 1.345205e-04 1.361974e-04 
2.690411e-04 2.657287e-04 2.558733e-04 2.397174e-04 2.176588e-04 1.902408e-04 1.581384e-04 1.221421e-04 8.313827e-05 4.208730e-05 9.127395e-17 4.208730e-05 8.313827e-05 1.221421e-04 1.581384e-04 1.902408e-04 2.176588e-04 2.397174e-04 2.558733e-04 2.657287e-04 2.690411e-04 
3.952601e-04 3.903938e-04 3.759147e-04 3.521793e-04 3.197722e-04 2.794911e-04 2.323281e-04 1.794443e-04 1.221421e-04 6.183231e-05 9.069197e-17 6.183231e-05 1.221421e-04 1.794443e-04 2.323281e-04 2.794911e-04 3.197722e-04 3.521793e-04 3.759147e-04 3.903938e-04 3.952601e-04 
5.117465e-04 5.054461e-04 4.866999e-04 4.559695e-04 4.140116e-04 3.618595e-04 3.007971e-04 2.323281e-04 1.581384e-04 8.005480e-05 4.264661e-17 8.005480e-05 1.581384e-04 2.323281e-04 3.007971e-04 3.618595e-04 4.140116e-04 4.559695e-04 4.866999e-04 5.054461e-04 5.117465e-04 
6.156321e-04 6.080526e-04 5.855009e-04 5.485322e-04 4.980568e-04 4.353176e-04 3.618595e-04 2.794911e-04 1.902408e-04 9.630607e-05 1.372837e-16 9.630607e-05 1.902408e-04 2.794911e-04 3.618595e-04 4.353176e-04 4.980568e-04 5.485322e-04 5.855009e-04 6.080526e-04 6.156321e-04 
7.043587e-04 6.956869e-04 6.698849e-04 6.275882e-04 5.698381e-04 4.980568e-04 4.140116e-04 3.197722e-04 2.176588e-04 1.101860e-04 2.290742e-18 1.101860e-04 2.176588e-04 3.197722e-04 4.140116e-04 4.980568e-04 5.698381e-04 6.275882e-04 6.698849e-04 6.956869e-04 7.043587e-04 
7.757417e-04 7.661910e-04 7.377742e-04 6.911909e-04 6.275882e-04 5.485322e-04 4.559695e-04 3.521793e-04 2.397174e-04 1.213527e-04 1.548091e-17 1.213527e-04 2.397174e-04 3.521793e-04 4.559695e-04 5.485322e-04 6.275882e-04 6.911909e-04 7.377742e-04 7.661910e-04 7.757417e-04 
8.280233e-04 8.178290e-04 7.874970e-04 7.377742e-04 6.698849e-04 5.855009e-04 4.866999e-04 3.759147e-04 2.558733e-04 1.295314e-04 1.034563e-16 1.295314e-04 2.558733e-04 3.759147e-04 4.866999e-04 5.855009e-04 6.698849e-04 7.377742e-04 7.874970e-04 8.178290e-04 8.280233e-04 
8.599163e-04 8.493293e-04 8.178290e-04 7.661910e-04 6.956869e-04 6.080526e-04 5.054461e-04 3.903938e-04 2.657287e-04 1.345205e-04 2.101544e-16 1.345205e-04 2.657287e-04 3.903938e-04 5.054461e-04 6.080526e-04 6.956869e-04 7.661910e-04 8.178290e-04 8.493293e-04 8.599163e-04 
8.706352e-04 8.599163e-04 8.280233e-04 7.757417e-04 7.043587e-04 6.156321e-04 5.117465e-04 3.952601e-04 2.690411e-04 1.361974e-04 1.640886e-16 1.361974e-04 2.690411e-04 3.952601e-04 5.117465e-04 6.156321e-04 7.043587e-04 7.757417e-04 8.280233e-04 8.599163e-04 8.706352e-04 
