2.173904e-04 2.167203e-04 2.147140e-04 2.113839e-04 2.067506e-04 2.008425e-04 1.936963e-04 1.853558e-04 1.758725e-04 1.653050e-04 1.537182e-04 1.411838e-04 1.277789e-04 1.135862e-04 9.869317e-05 8.319170e-05 6.717733e-05 5.074878e-05 3.400735e-05 1.705625e-05 1.017573e-15 1.705625e-05 3.400735e-05 5.074878e-05 6.717733e-05 8.319170e-05 9.869317e-05 1.135862e-04 1.277789e-04 1.411838e-04 1.537182e-04 1.653050e-04 1.758725e-04 1.853558e-04 1.936963e-04 2.008425e-04 2.067506e-04 2.113839e-04 2.147140e-04 2.167203e-04 2.173904e-04 
2.167203e-04 2.160522e-04 2.140521e-04 2.107323e-04 2.061132e-04 2.002234e-04 1.930992e-04 1.847844e-04 1.753304e-04 1.647954e-04 1.532444e-04 1.407485e-04 1.273850e-04 1.132360e-04 9.838894e-05 8.293525e-05 6.697024e-05 5.059234e-05 3.390252e-05 1.700367e-05 8.093639e-17 1.700367e-05 3.390252e-05 5.059234e-05 6.697024e-05 8.293525e-05 9.838894e-05 1.132360e-04 1.273850e-04 1.407485e-04 1.532444e-04 1.647954e-04 1.753304e-04 1.847844e-04 1.930992e-04 2.002234e-04 2.061132e-04 2.107323e-04 2.140521e-04 2.160522e-04 2.167203e-04 
2.147140e-04 2.140521e-04 2.120705e-04 2.087814e-04 2.042051e-04 1.983698e-04 1.913115e-04 1.830737e-04 1.737072e-04 1.632698e-04 1.518257e-04 1.394456e-04 1.262057e-04 1.121877e-04 9.747810e-05 8.216747e-05 6.635026e-05 5.012398e-05 3.358866e-05 1.684626e-05 6.572073e-16 1.684626e-05 3.358866e-05 5.012398e-05 6.635026e-05 8.216747e-05 9.747810e-05 1.121877e-04 1.262057e-04 1.394456e-04 1.518257e-04 1.632698e-04 1.737072e-04 1.830737e-04 1.913115e-04 1.983698e-04 2.042051e-04 2.087814e-04 2.120705e-04 2.140521e-04 2.147140e-04 
2.113839e-04 2.107323e-04 2.087814e-04 2.055433e-04 2.010380e-04 1.952932e-04 1.883444e-04 1.802344e-04 1.710132e-04 1.607376e-04 1.494710e-04 1.372828e-04 1.242483e-04 1.104478e-04 9.596627e-05 8.089311e-05 6.532121e-05 4.934659e-05 3.306772e-05 1.658499e-05 2.483815e-16 1.658499e-05 3.306772e-05 4.934659e-05 6.532121e-05 8.089311e-05 9.596627e-05 1.104478e-04 1.242483e-04 1.372828e-04 1.494710e-04 1.607376e-04 1.710132e-04 1.802344e-04 1.883444e-04 1.952932e-04 2.010380e-04 2.055433e-04 2.087814e-04 2.107323e-04 2.113839e-04 
2.067506e-04 2.061132e-04 2.042051e-04 2.010380e-04 1.966315e-04 1.910126e-04 1.842161e-04 1.762838e-04 1.672647e-04 1.572144e-04 1.461947e-04 1.342737e-04 1.215249e-04 1.080269e-04 9.386279e-05 7.912001e-05 6.388943e-05 4.826496e-05 3.234291e-05 1.622146e-05 6.724456e-16 1.622146e-05 3.234291e-05 4.826496e-05 6.388943e-05 7.912001e-05 9.386279e-05 1.080269e-04 1.215249e-04 1.342737e-04 1.461947e-04 1.572144e-04 1.672647e-04 1.762838e-04 1.842161e-04 1.910126e-04 1.966315e-04 2.010380e-04 2.042051e-04 2.061132e-04 2.067506e-04 
2.008425e-04 2.002234e-04 1.983698e-04 1.952932e-04 1.910126e-04 1.855543e-04 1.789520e-04 1.712464e-04 1.624850e-04 1.527219e-04 1.420171e-04 1.304368e-04 1.180523e-04 1.049399e-04 9.118060e-05 7.685911e-05 6.206376e-05 4.688576e-05 3.141869e-05 1.575792e-05 5.971271e-16 1.575792e-05 3.141869e-05 4.688576e-05 6.206376e-05 7.685911e-05 9.118060e-05 1.049399e-04 1.180523e-04 1.304368e-04 1.420171e-04 1.527219e-04 1.624850e-04 1.712464e-04 1.789520e-04 1.855543e-04 1.910126e-04 1.952932e-04 1.983698e-04 2.002234e-04 2.008425e-04 
1.936963e-04 1.930992e-04 1.913115e-04 1.883444e-04 1.842161e-04 1.789520e-04 1.725846e-04 1.651532e-04 1.567036e-04 1.472878e-04 1.369639e-04 1.257957e-04 1.138518e-04 1.012060e-04 8.793626e-05 7.412435e-05 5.985544e-05 4.521749e-05 3.030077e-05 1.519723e-05 1.866329e-18 1.519723e-05 3.030077e-05 4.521749e-05 5.985544e-05 7.412435e-05 8.793626e-05 1.012060e-04 1.138518e-04 1.257957e-04 1.369639e-04 1.472878e-04 1.567036e-04 1.651532e-04 1.725846e-04 1.789520e-04 1.842161e-04 1.883444e-04 1.913115e-04 1.930992e-04 1.936963e-04 
1.853558e-04 1.847844e-04 1.830737e-04 1.802344e-04 1.762838e-04 1.712464e-04 1.651532e-04 1.580418e-04 1.499560e-04 1.409456e-04 1.310663e-04 1.203789e-04 1.089494e-04 9.684813e-05 8.414976e-05 7.093259e-05 5.727809e-05 4.327045e-05 2.899603e-05 1.454285e-05 9.189620e-16 1.454285e-05 2.899603e-05 4.327045e-05 5.727809e-05 7.093259e-05 8.414976e-05 9.684813e-05 1.089494e-04 1.203789e-04 1.310663e-04 1.409456e-04 1.499560e-04 1.580418e-04 1.651532e-04 1.712464e-04 1.762838e-04 1.802344e-04 1.830737e-04 1.847844e-04 1.853558e-04 
1.758725e-04 1.753304e-04 1.737072e-04 1.710132e-04 1.672647e-04 1.624850e-04 1.567036e-04 1.499560e-04 1.422839e-04 1.337345e-04 1.243607e-04 1.142201e-04 1.033753e-04 9.189314e-05 7.984445e-05 6.730350e-05 5.434760e-05 4.105663e-05 2.751252e-05 1.379880e-05 2.173965e-16 1.379880e-05 2.751252e-05 4.105663e-05 5.434760e-05 6.730350e-05 7.984445e-05 9.189314e-05 1.033753e-04 1.142201e-04 1.243607e-04 1.337345e-04 1.422839e-04 1.499560e-04 1.567036e-04 1.624850e-04 1.672647e-04 1.710132e-04 1.737072e-04 1.753304e-04 1.758725e-04 
1.653050e-04 1.647954e-04 1.632698e-04 1.607376e-04 1.572144e-04 1.527219e-04 1.472878e-04 1.409456e-04 1.337345e-04 1.256989e-04 1.168883e-04 1.073570e-04 9.716381e-05 8.637160e-05 7.504688e-05 6.325947e-05 5.108204e-05 3.858967e-05 2.585939e-05 1.296968e-05 8.703458e-16 1.296968e-05 2.585939e-05 3.858967e-05 5.108204e-05 6.325947e-05 7.504688e-05 8.637160e-05 9.716381e-05 1.073570e-04 1.168883e-04 1.256989e-04 1.337345e-04 1.409456e-04 1.472878e-04 1.527219e-04 1.572144e-04 1.607376e-04 1.632698e-04 1.647954e-04 1.653050e-04 
1.537182e-04 1.532444e-04 1.518257e-04 1.494710e-04 1.461947e-04 1.420171e-04 1.369639e-04 1.310663e-04 1.243607e-04 1.168883e-04 1.086952e-04 9.983200e-05 9.035330e-05 8.031755e-05 6.978661e-05 5.882542e-05 4.750154e-05 3.588481e-05 2.404683e-05 1.206059e-05 4.074194e-16 1.206059e-05 2.404683e-05 3.588481e-05 4.750154e-05 5.882542e-05 6.978661e-05 8.031755e-05 9.035330e-05 9.983200e-05 1.086952e-04 1.168883e-04 1.243607e-04 1.310663e-04 1.369639e-04 1.420171e-04 1.461947e-04 1.494710e-04 1.518257e-04 1.532444e-04 1.537182e-04 
1.411838e-04 1.407485e-04 1.394456e-04 1.372828e-04 1.342737e-04 1.304368e-04 1.257957e-04 1.203789e-04 1.142201e-04 1.073570e-04 9.983200e-05 9.169152e-05 8.298574e-05 7.376832e-05 6.409609e-05 5.402869e-05 4.362818e-05 3.295870e-05 2.208601e-05 1.107715e-05 3.575191e-16 1.107715e-05 2.208601e-05 3.295870e-05 4.362818e-05 5.402869e-05 6.409609e-05 7.376832e-05 8.298574e-05 9.169152e-05 9.983200e-05 1.073570e-04 1.142201e-04 1.203789e-04 1.257957e-04 1.304368e-04 1.342737e-04 1.372828e-04 1.394456e-04 1.407485e-04 1.411838e-04 
1.277789e-04 1.273850e-04 1.262057e-04 1.242483e-04 1.215249e-04 1.180523e-04 1.138518e-04 1.089494e-04 1.033753e-04 9.716381e-05 9.035330e-05 8.298574e-05 7.510653e-05 6.676427e-05 5.801039e-05 4.889886e-05 3.948584e-05 2.982938e-05 1.998902e-05 1.002541e-05 3.285842e-16 1.002541e-05 1.998902e-05 2.982938e-05 3.948584e-05 4.889886e-05 5.801039e-05 6.676427e-05 7.510653e-05 8.298574e-05 9.035330e-05 9.716381e-05 1.033753e-04 1.089494e-04 1.138518e-04 1.180523e-04 1.215249e-04 1.242483e-04 1.262057e-04 1.273850e-04 1.277789e-04 
1.135862e-04 1.132360e-04 1.121877e-04 1.104478e-04 1.080269e-04 1.049399e-04 1.012060e-04 9.684813e-05 9.189314e-05 8.637160e-05 8.031755e-05 7.376832e-05 6.676427e-05 5.934861e-05 5.156704e-05 4.346754e-05 3.510006e-05 2.651616e-05 1.776879e-05 8.911868e-06 3.587645e-16 8.911868e-06 1.776879e-05 2.651616e-05 3.510006e-05 4.346754e-05 5.156704e-05 5.934861e-05 6.676427e-05 7.376832e-05 8.031755e-05 8.637160e-05 9.189314e-05 9.684813e-05 1.012060e-04 1.049399e-04 1.080269e-04 1.104478e-04 1.121877e-04 1.132360e-04 1.135862e-04 
9.869317e-05 9.838894e-05 9.747810e-05 9.596627e-05 9.386279e-05 9.118060e-05 8.793626e-05 8.414976e-05 7.984445e-05 7.504688e-05 6.978661e-05 6.409609e-05 5.801039e-05 5.156704e-05 4.480576e-05 3.776824e-05 3.049787e-05 2.303946e-05 1.543901e-05 7.743377e-06 1.843670e-16 7.743377e-06 1.543901e-05 2.303946e-05 3.049787e-05 3.776824e-05 4.480576e-05 5.156704e-05 5.801039e-05 6.409609e-05 6.978661e-05 7.504688e-05 7.984445e-05 8.414976e-05 8.793626e-05 9.118060e-05 9.386279e-05 9.596627e-05 9.747810e-05 9.838894e-05 9.869317e-05 
8.319170e-05 8.293525e-05 8.216747e-05 8.089311e-05 7.912001e-05 7.685911e-05 7.412435e-05 7.093259e-05 6.730350e-05 6.325947e-05 5.882542e-05 5.402869e-05 4.889886e-05 4.346754e-05 3.776824e-05 3.183609e-05 2.570765e-05 1.942072e-05 1.301405e-05 6.527146e-06 1.714028e-16 6.527146e-06 1.301405e-05 1.942072e-05 2.570765e-05 3.183609e-05 3.776824e-05 4.346754e-05 4.889886e-05 5.402869e-05 5.882542e-05 6.325947e-05 6.730350e-05 7.093259e-05 7.412435e-05 7.685911e-05 7.912001e-05 8.089311e-05 8.216747e-05 8.293525e-05 8.319170e-05 
6.717733e-05 6.697024e-05 6.635026e-05 6.532121e-05 6.388943e-05 6.206376e-05 5.985544e-05 5.727809e-05 5.434760e-05 5.108204e-05 4.750154e-05 4.362818e-05 3.948584e-05 3.510006e-05 3.049787e-05 2.570765e-05 2.075894e-05 1.568224e-05 1.050885e-05 5.270672e-06 4.187347e-16 5.270672e-06 1.050885e-05 1.568224e-05 2.075894e-05 2.570765e-05 3.049787e-05 3.510006e-05 3.948584e-05 4.362818e-05 4.750154e-05 5.108204e-05 5.434760e-05 5.727809e-05 5.985544e-05 6.206376e-05 6.388943e-05 6.532121e-05 6.635026e-05 6.697024e-05 6.717733e-05 
5.074878e-05 5.059234e-05 5.012398e-05 4.934659e-05 4.826496e-05 4.688576e-05 4.521749e-05 4.327045e-05 4.105663e-05 3.858967e-05 3.588481e-05 3.295870e-05 2.982938e-05 2.651616e-05 2.303946e-05 1.942072e-05 1.568224e-05 1.184707e-05 7.938858e-06 3.981703e-06 2.498038e-16 3.981703e-06 7.938858e-06 1.184707e-05 1.568224e-05 1.942072e-05 2.303946e-05 2.651616e-05 2.982938e-05 3.295870e-05 3.588481e-05 3.858967e-05 4.105663e-05 4.327045e-05 4.521749e-05 4.688576e-05 4.826496e-05 4.934659e-05 5.012398e-05 5.059234e-05 5.074878e-05 
3.400735e-05 3.390252e-05 3.358866e-05 3.306772e-05 3.234291e-05 3.141869e-05 3.030077e-05 2.899603e-05 2.751252e-05 2.585939e-05 2.404683e-05 2.208601e-05 1.998902e-05 1.776879e-05 1.543901e-05 1.301405e-05 1.050885e-05 7.938858e-06 5.319922e-06 2.668186e-06 1.485805e-16 2.668186e-06 5.319922e-06 7.938858e-06 1.050885e-05 1.301405e-05 1.543901e-05 1.776879e-05 1.998902e-05 2.208601e-05 2.404683e-05 2.585939e-05 2.751252e-05 2.899603e-05 3.030077e-05 3.141869e-05 3.234291e-05 3.306772e-05 3.358866e-05 3.390252e-05 3.400735e-05 
1.705625e-05 1.700367e-05 1.684626e-05 1.658499e-05 1.622146e-05 1.575792e-05 1.519723e-05 1.454285e-05 1.379880e-05 1.296968e-05 1.206059e-05 1.107715e-05 1.002541e-05 8.911868e-06 7.743377e-06 6.527146e-06 5.270672e-06 3.981703e-06 2.668186e-06 1.338218e-06 2.065539e-16 1.338218e-06 2.668186e-06 3.981703e-06 5.270672e-06 6.527146e-06 7.743377e-06 8.911868e-06 1.002541e-05 1.107715e-05 1.206059e-05 1.296968e-05 1.379880e-05 1.454285e-05 1.519723e-05 1.575792e-05 1.622146e-05 1.658499e-05 1.684626e-05 1.700367e-05 1.705625e-05 
4.492347e-16 4.151637e-16 4.316573e-16 3.837591e-16 3.943011e-16 3.976495e-16 3.829414e-16 3.707952e-16 3.765152e-16 3.505601e-16 3.567773e-16 3.289883e-16 3.086207e-16 2.878704e-16 2.866379e-16 2.573750e-16 2.468653e-16 2.177172e-16 1.945065e-16 1.746418e-16 1.530875e-16 1.287478e-16 1.121504e-16 9.372925e-17 7.414767e-17 6.089685e-17 4.406661e-17 2.172380e-17 5.271595e-18 1.613132e-18 3.314185e-17 4.270966e-17 6.476700e-17 7.948567e-17 6.628610e-17 7.949407e-17 6.503455e-17 8.261919e-17 7.857006e-17 8.584267e-17 7.744109e-17 
1.705625e-05 1.700367e-05 1.684626e-05 1.658499e-05 1.622146e-05 1.575792e-05 1.519723e-05 1.454285e-05 1.379880e-05 1.296968e-05 1.206059e-05 1.107715e-05 1.002541e-05 8.911868e-06 7.743377e-06 6.527146e-06 5.270672e-06 3.981703e-06 2.668186e-06 1.338218e-06 1.204414e-16 1.338218e-06 2.668186e-06 3.981703e-06 5.270672e-06 6.527146e-06 7.743377e-06 8.911868e-06 1.002541e-05 1.107715e-05 1.206059e-05 1.296968e-05 1.379880e-05 1.454285e-05 1.519723e-05 1.575792e-05 1.622146e-05 1.658499e-05 1.684626e-05 1.700367e-05 1.705625e-05 
3.400735e-05 3.390252e-05 3.358866e-05 3.306772e-05 3.234291e-05 3.141869e-05 3.030077e-05 2.899603e-05 2.751252e-05 2.585939e-05 2.404683e-05 2.208601e-05 1.998902e-05 1.776879e-05 1.543901e-05 1.301405e-05 1.050885e-05 7.938858e-06 5.319922e-06 2.668186e-06 9.428076e-17 2.668186e-06 5.319922e-06 7.938858e-06 1.050885e-05 1.301405e-05 1.543901e-05 1.776879e-05 1.998902e-05 2.208601e-05 2.404683e-05 2.585939e-05 2.751252e-05 2.899603e-05 3.030077e-05 3.141869e-05 3.234291e-05 3.306772e-05 3.358866e-05 3.390252e-05 3.400735e-05 
5.074878e-05 5.059234e-05 5.012398e-05 4.934659e-05 4.826496e-05 4.688576e-05 4.521749e-05 4.327045e-05 4.105663e-05 3.858967e-05 3.588481e-05 3.295870e-05 2.982938e-05 2.651616e-05 2.303946e-05 1.942072e-05 1.568224e-05 1.184707e-05 7.938858e-06 3.981703e-06 1.179576e-16 3.981703e-06 7.938858e-06 1.184707e-05 1.568224e-05 1.942072e-05 2.303946e-05 2.651616e-05 2.982938e-05 3.295870e-05 3.588481e-05 3.858967e-05 4.105663e-05 4.327045e-05 4.521749e-05 4.688576e-05 4.826496e-05 4.934659e-05 5.012398e-05 5.059234e-05 5.074878e-05 
6.717733e-05 6.697024e-05 6.635026e-05 6.532121e-05 6.388943e-05 6.206376e-05 5.985544e-05 5.727809e-05 5.434760e-05 5.108204e-05 4.750154e-05 4.362818e-05 3.948584e-05 3.510006e-05 3.049787e-05 2.570765e-05 2.075894e-05 1.568224e-05 1.050885e-05 5.270672e-06 8.433506e-17 5.270672e-06 1.050885e-05 1.568224e-05 2.075894e-05 2.570765e-05 3.049787e-05 3.510006e-05 3.948584e-05 4.362818e-05 4.750154e-05 5.108204e-05 5.434760e-05 5.727809e-05 5.985544e-05 6.206376e-05 6.388943e-05 6.532121e-05 6.635026e-05 6.697024e-05 6.717733e-05 
8.319170e-05 8.293525e-05 8.216747e-05 8.089311e-05 7.912001e-05 7.685911e-05 7.412435e-05 7.093259e-05 6.730350e-05 6.325947e-05 5.882542e-05 5.402869e-05 4.889886e-05 4.346754e-05 3.776824e-05 3.183609e-05 2.570765e-05 1.942072e-05 1.301405e-05 6.527146e-06 1.106875e-16 6.527146e-06 1.301405e-05 1.942072e-05 2.570765e-05 3.183609e-05 3.776824e-05 4.346754e-05 4.889886e-05 5.402869e-05 5.882542e-05 6.325947e-05 6.730350e-05 7.093259e-05 7.412435e-05 7.685911e-05 7.912001e-05 8.089311e-05 8.216747e-05 8.293525e-05 8.319170e-05 
9.869317e-05 9.838894e-05 9.747810e-05 9.596627e-05 9.386279e-05 9.118060e-05 8.793626e-05 8.414976e-05 7.984445e-05 7.504688e-05 6.978661e-05 6.409609e-05 5.801039e-05 5.156704e-05 4.480576e-05 3.776824e-05 3.049787e-05 2.303946e-05 1.543901e-05 7.743377e-06 1.938027e-16 7.743377e-06 1.543901e-05 2.303946e-05 3.049787e-05 3.776824e-05 4.480576e-05 5.156704e-05 5.801039e-05 6.409609e-05 6.978661e-05 7.504688e-05 7.984445e-05 8.414976e-05 8.793626e-05 9.118060e-05 9.386279e-05 9.596627e-05 9.747810e-05 9.838894e-05 9.869317e-05 
1.135862e-04 1.132360e-04 1.121877e-04 1.104478e-04 1.080269e-04 1.049399e-04 1.012060e-04 9.684813e-05 9.189314e-05 8.637160e-05 8.031755e-05 7.376832e-05 6.676427e-05 5.934861e-05 5.156704e-05 4.346754e-05 3.510006e-05 2.651616e-05 1.776879e-05 8.911868e-06 1.408359e-16 8.911868e-06 1.776879e-05 2.651616e-05 3.510006e-05 4.346754e-05 5.156704e-05 5.934861e-05 6.676427e-05 7.376832e-05 8.031755e-05 8.637160e-05 9.189314e-05 9.684813e-05 1.012060e-04 1.049399e-04 1.080269e-04 1.104478e-04 1.121877e-04 1.132360e-04 1.135862e-04 
1.277789e-04 1.273850e-04 1.262057e-04 1.242483e-04 1.215249e-04 1.180523e-04 1.138518e-04 1.089494e-04 1.033753e-04 9.716381e-05 9.035330e-05 8.298574e-05 7.510653e-05 6.676427e-05 5.801039e-05 4.889886e-05 3.948584e-05 2.982938e-05 1.998902e-05 1.002541e-05 2.765425e-16 1.002541e-05 1.998902e-05 2.982938e-05 3.948584e-05 4.889886e-05 5.801039e-05 6.676427e-05 7.510653e-05 8.298574e-05 9.035330e-05 9.716381e-05 1.033753e-04 1.089494e-04 1.138518e-04 1.180523e-04 1.215249e-04 1.242483e-04 1.262057e-04 1.273850e-04 1.277789e-04 
1.411838e-04 1.407485e-04 1.394456e-04 1.372828e-04 1.342737e-04 1.304368e-04 1.257957e-04 1.203789e-04 1.142201e-04 1.073570e-04 9.983200e-05 9.169152e-05 8.298574e-05 7.376832e-05 6.409609e-05 5.402869e-05 4.362818e-05 3.295870e-05 2.208601e-05 1.107715e-05 1.247340e-16 1.107715e-05 2.208601e-05 3.295870e-05 4.362818e-05 5.402869e-05 6.409609e-05 7.376832e-05 8.298574e-05 9.169152e-05 9.983200e-05 1.073570e-04 1.142201e-04 1.203789e-04 1.257957e-04 1.304368e-04 1.342737e-04 1.372828e-04 1.394456e-04 1.407485e-04 1.411838e-04 
1.537182e-04 1.532444e-04 1.518257e-04 1.494710e-04 1.461947e-04 1.420171e-04 1.369639e-04 1.310663e-04 1.243607e-04 1.168883e-04 1.086952e-04 9.983200e-05 9.035330e-05 8.031755e-05 6.978661e-05 5.882542e-05 4.750154e-05 3.588481e-05 2.404683e-05 1.206059e-05 2.755804e-16 1.206059e-05 2.404683e-05 3.588481e-05 4.750154e-05 5.882542e-05 6.978661e-05 8.031755e-05 9.035330e-05 9.983200e-05 1.086952e-04 1.168883e-04 1.243607e-04 1.310663e-04 1.369639e-04 1.420171e-04 1.461947e-04 1.494710e-04 1.518257e-04 1.532444e-04 1.537182e-04 
1.653050e-04 1.647954e-04 1.632698e-04 1.607376e-04 1.572144e-04 1.527219e-04 1.472878e-04 1.409456e-04 1.337345e-04 1.256989e-04 1.168883e-04 1.073570e-04 9.716381e-05 8.637160e-05 7.504688e-05 6.325947e-05 5.108204e-05 3.858967e-05 2.585939e-05 1.296968e-05 3.231439e-16 1.296968e-05 2.585939e-05 3.858967e-05 5.108204e-05 6.325947e-05 7.504688e-05 8.637160e-05 9.716381e-05 1.073570e-04 1.168883e-04 1.256989e-04 1.337345e-04 1.409456e-04 1.472878e-04 1.527219e-04 1.572144e-04 1.607376e-04 1.632698e-04 1.647954e-04 1.653050e-04 
1.758725e-04 1.753304e-04 1.737072e-04 1.710132e-04 1.672647e-04 1.624850e-04 1.567036e-04 1.499560e-04 1.422839e-04 1.337345e-04 1.243607e-04 1.142201e-04 1.033753e-04 9.189314e-05 7.984445e-05 6.730350e-05 5.434760e-05 4.105663e-05 2.751252e-05 1.379880e-05 3.620012e-16 1.379880e-05 2.751252e-05 4.105663e-05 5.434760e-05 6.730350e-05 7.984445e-05 9.189314e-05 1.033753e-04 1.142201e-04 1.243607e-04 1.337345e-04 1.422839e-04 1.499560e-04 1.567036e-04 1.624850e-04 1.672647e-04 1.710132e-04 1.737072e-04 1.753304e-04 1.758725e-04 
1.853558e-04 1.847844e-04 1.830737e-04 1.802344e-04 1.762838e-04 1.712464e-04 1.651532e-04 1.580418e-04 1.499560e-04 1.409456e-04 1.310663e-04 1.203789e-04 1.089494e-04 9.684813e-05 8.414976e-05 7.093259e-05 5.727809e-05 4.327045e-05 2.899603e-05 1.454285e-05 1.973170e-16 1.454285e-05 2.899603e-05 4.327045e-05 5.727809e-05 7.093259e-05 8.414976e-05 9.684813e-05 1.089494e-04 1.203789e-04 1.310663e-04 1.409456e-04 1.499560e-04 1.580418e-04 1.651532e-04 1.712464e-04 1.762838e-04 1.802344e-04 1.830737e-04 1.847844e-04 1.853558e-04 
1.936963e-04 1.930992e-04 1.913115e-04 1.883444e-04 1.842161e-04 1.789520e-04 1.725846e-04 1.651532e-04 1.567036e-04 1.472878e-04 1.369639e-04 1.257957e-04 1.138518e-04 1.012060e-04 8.793626e-05 7.412435e-05 5.985544e-05 4.521749e-05 3.030077e-05 1.519723e-05 1.232970e-16 1.519723e-05 3.030077e-05 4.521749e-05 5.985544e-05 7.412435e-05 8.793626e-05 1.012060e-04 1.138518e-04 1.257957e-04 1.369639e-04 1.472878e-04 1.567036e-04 1.651532e-04 1.725846e-04 1.789520e-04 1.842161e-04 1.883444e-04 1.913115e-04 1.930992e-04 1.936963e-04 
2.008425e-04 2.002234e-04 1.983698e-04 1.952932e-04 1.910126e-04 1.855543e-04 1.789520e-04 1.712464e-04 1.624850e-04 1.527219e-04 1.420171e-04 1.304368e-04 1.180523e-04 1.049399e-04 9.118060e-05 7.685911e-05 6.206376e-05 4.688576e-05 3.141869e-05 1.575792e-05 2.640602e-16 1.575792e-05 3.141869e-05 4.688576e-05 6.206376e-05 7.685911e-05 9.118060e-05 1.049399e-04 1.180523e-04 1.304368e-04 1.420171e-04 1.527219e-04 1.624850e-04 1.712464e-04 1.789520e-04 1.855543e-04 1.910126e-04 1.952932e-04 1.983698e-04 2.002234e-04 2.008425e-04 
2.067506e-04 2.061132e-04 2.042051e-04 2.010380e-04 1.966315e-04 1.910126e-04 1.842161e-04 1.762838e-04 1.672647e-04 1.572144e-04 1.461947e-04 1.342737e-04 1.215249e-04 1.080269e-04 9.386279e-05 7.912001e-05 6.388943e-05 4.826496e-05 3.234291e-05 1.622146e-05 1.034563e-16 1.622146e-05 3.234291e-05 4.826496e-05 6.388943e-05 7.912001e-05 9.386279e-05 1.080269e-04 1.215249e-04 1.342737e-04 1.461947e-04 1.572144e-04 1.672647e-04 1.762838e-04 1.842161e-04 1.910126e-04 1.966315e-04 2.010380e-04 2.042051e-04 2.061132e-04 2.067506e-04 
2.113839e-04 2.107323e-04 2.087814e-04 2.055433e-04 2.010380e-04 1.952932e-04 1.883444e-04 1.802344e-04 1.710132e-04 1.607376e-04 1.494710e-04 1.372828e-04 1.242483e-04 1.104478e-04 9.596627e-05 8.089311e-05 6.532121e-05 4.934659e-05 3.306772e-05 1.658499e-05 3.594038e-16 1.658499e-05 3.306772e-05 4.934659e-05 6.532121e-05 8.089311e-05 9.596627e-05 1.104478e-04 1.242483e-04 1.372828e-04 1.494710e-04 1.607376e-04 1.710132e-04 1.802344e-04 1.883444e-04 1.952932e-04 2.010380e-04 2.055433e-04 2.087814e-04 2.107323e-04 2.113839e-04 
2.147140e-04 2.140521e-04 2.120705e-04 2.087814e-04 2.042051e-04 1.983698e-04 1.913115e-04 1.830737e-04 1.737072e-04 1.632698e-04 1.518257e-04 1.394456e-04 1.262057e-04 1.121877e-04 9.747810e-05 8.216747e-05 6.635026e-05 5.012398e-05 3.358866e-05 1.684626e-05 4.113823e-16 1.684626e-05 3.358866e-05 5.012398e-05 6.635026e-05 8.216747e-05 9.747810e-05 1.121877e-04 1.262057e-04 1.394456e-04 1.518257e-04 1.632698e-04 1.737072e-04 1.830737e-04 1.913115e-04 1.983698e-04 2.042051e-04 2.087814e-04 2.120705e-04 2.140521e-04 2.147140e-04 
2.167203e-04 2.160522e-04 2.140521e-04 2.107323e-04 2.061132e-04 2.002234e-04 1.930992e-04 1.847844e-04 1.753304e-04 1.647954e-04 1.532444e-04 1.407485e-04 1.273850e-04 1.132360e-04 9.838894e-05 8.293525e-05 6.697024e-05 5.059234e-05 3.390252e-05 1.700367e-05 6.638035e-16 1.700367e-05 3.390252e-05 5.059234e-05 6.697024e-05 8.293525e-05 9.838894e-05 1.132360e-04 1.273850e-04 1.407485e-04 1.532444e-04 1.647954e-04 1.753304e-04 1.847844e-04 1.930992e-04 2.002234e-04 2.061132e-04 2.107323e-04 2.140521e-04 2.160522e-04 2.167203e-04 
2.173904e-04 2.167203e-04 2.147140e-04 2.113839e-04 2.067506e-04 2.008425e-04 1.936963e-04 1.853558e-04 1.758725e-04 1.653050e-04 1.537182e-04 1.411838e-04 1.277789e-04 1.135862e-04 9.869317e-05 8.319170e-05 6.717733e-05 5.074878e-05 3.400735e-05 1.705625e-05 3.840840e-16 1.705625e-05 3.400735e-05 5.074878e-05 6.717733e-05 8.319170e-05 9.869317e-05 1.135862e-04 1.277789e-04 1.411838e-04 1.537182e-04 1.653050e-04 1.758725e-04 1.853558e-04 1.936963e-04 2.008425e-04 2.067506e-04 2.113839e-04 2.147140e-04 2.167203e-04 2.173904e-04 
