5.433085e-05 5.428896e-05 5.416336e-05 5.395425e-05 5.366195e-05 5.328690e-05 5.282968e-05 5.229101e-05 5.167171e-05 5.097273e-05 5.019516e-05 4.934019e-05 4.840914e-05 4.740345e-05 4.632466e-05 4.517445e-05 4.395458e-05 4.266694e-05 4.131350e-05 3.989637e-05 3.841771e-05 3.687982e-05 3.528506e-05 3.363590e-05 3.193487e-05 3.018460e-05 2.838779e-05 2.654721e-05 2.466569e-05 2.274614e-05 2.079152e-05 1.880483e-05 1.678916e-05 1.474759e-05 1.268328e-05 1.059942e-05 8.499217e-06 6.385907e-06 4.262749e-06 2.133019e-06 1.055736e-15 2.133019e-06 4.262749e-06 6.385907e-06 8.499217e-06 1.059942e-05 1.268328e-05 1.474759e-05 1.678916e-05 1.880483e-05 2.079152e-05 2.274614e-05 2.466569e-05 2.654721e-05 2.838779e-05 3.018460e-05 3.193487e-05 3.363590e-05 3.528506e-05 3.687982e-05 3.841771e-05 3.989637e-05 4.131350e-05 4.266694e-05 4.395458e-05 4.517445e-05 4.632466e-05 4.740345e-05 4.840914e-05 4.934019e-05 5.019516e-05 5.097273e-05 5.167171e-05 5.229101e-05 5.282968e-05 5.328690e-05 5.366195e-05 5.395425e-05 5.416336e-05 5.428896e-05 5.433085e-05 
5.428896e-05 5.424711e-05 5.412161e-05 5.391266e-05 5.362057e-05 5.324581e-05 5.278895e-05 5.225070e-05 5.163187e-05 5.093343e-05 5.015646e-05 4.930215e-05 4.837182e-05 4.736690e-05 4.628895e-05 4.513962e-05 4.392069e-05 4.263404e-05 4.128165e-05 3.986561e-05 3.838809e-05 3.685139e-05 3.525786e-05 3.360997e-05 3.191025e-05 3.016133e-05 2.836590e-05 2.652674e-05 2.464667e-05 2.272860e-05 2.077549e-05 1.879034e-05 1.677621e-05 1.473622e-05 1.267351e-05 1.059125e-05 8.492665e-06 6.380983e-06 4.259463e-06 2.131375e-06 3.202424e-16 2.131375e-06 4.259463e-06 6.380983e-06 8.492665e-06 1.059125e-05 1.267351e-05 1.473622e-05 1.677621e-05 1.879034e-05 2.077549e-05 2.272860e-05 2.464667e-05 2.652674e-05 2.836590e-05 3.016133e-05 3.191025e-05 3.360997e-05 3.525786e-05 3.685139e-05 3.838809e-05 3.986561e-05 4.128165e-05 4.263404e-05 4.392069e-05 4.513962e-05 4.628895e-05 4.736690e-05 4.837182e-05 4.930215e-05 5.015646e-05 5.093343e-05 5.163187e-05 5.225070e-05 5.278895e-05 5.324581e-05 5.362057e-05 5.391266e-05 5.412161e-05 5.424711e-05 5.428896e-05 
5.416336e-05 5.412161e-05 5.399640e-05 5.378793e-05 5.349652e-05 5.312263e-05 5.266683e-05 5.212981e-05 5.151242e-05 5.081560e-05 5.004042e-05 4.918809e-05 4.825991e-05 4.725732e-05 4.618186e-05 4.503519e-05 4.381908e-05 4.253541e-05 4.118615e-05 3.977338e-05 3.829928e-05 3.676613e-05 3.517629e-05 3.353221e-05 3.183643e-05 3.009155e-05 2.830028e-05 2.646537e-05 2.458965e-05 2.267602e-05 2.072742e-05 1.874686e-05 1.673740e-05 1.470213e-05 1.264419e-05 1.056675e-05 8.473017e-06 6.366221e-06 4.249609e-06 2.126444e-06 3.931866e-16 2.126444e-06 4.249609e-06 6.366221e-06 8.473017e-06 1.056675e-05 1.264419e-05 1.470213e-05 1.673740e-05 1.874686e-05 2.072742e-05 2.267602e-05 2.458965e-05 2.646537e-05 2.830028e-05 3.009155e-05 3.183643e-05 3.353221e-05 3.517629e-05 3.676613e-05 3.829928e-05 3.977338e-05 4.118615e-05 4.253541e-05 4.381908e-05 4.503519e-05 4.618186e-05 4.725732e-05 4.825991e-05 4.918809e-05 5.004042e-05 5.081560e-05 5.151242e-05 5.212981e-05 5.266683e-05 5.312263e-05 5.349652e-05 5.378793e-05 5.399640e-05 5.412161e-05 5.416336e-05 
5.395425e-05 5.391266e-05 5.378793e-05 5.358027e-05 5.328999e-05 5.291754e-05 5.246349e-05 5.192855e-05 5.131354e-05 5.061941e-05 4.984723e-05 4.899819e-05 4.807359e-05 4.707487e-05 4.600356e-05 4.486132e-05 4.364991e-05 4.237119e-05 4.102714e-05 3.961982e-05 3.815142e-05 3.662419e-05 3.504048e-05 3.340275e-05 3.171351e-05 2.997538e-05 2.819102e-05 2.636319e-05 2.449472e-05 2.258847e-05 2.064740e-05 1.867449e-05 1.667278e-05 1.464537e-05 1.259537e-05 1.052595e-05 8.440305e-06 6.341642e-06 4.233202e-06 2.118234e-06 6.986409e-16 2.118234e-06 4.233202e-06 6.341642e-06 8.440305e-06 1.052595e-05 1.259537e-05 1.464537e-05 1.667278e-05 1.867449e-05 2.064740e-05 2.258847e-05 2.449472e-05 2.636319e-05 2.819102e-05 2.997538e-05 3.171351e-05 3.340275e-05 3.504048e-05 3.662419e-05 3.815142e-05 3.961982e-05 4.102714e-05 4.237119e-05 4.364991e-05 4.486132e-05 4.600356e-05 4.707487e-05 4.807359e-05 4.899819e-05 4.984723e-05 5.061941e-05 5.131354e-05 5.192855e-05 5.246349e-05 5.291754e-05 5.328999e-05 5.358027e-05 5.378793e-05 5.391266e-05 5.395425e-05 
5.366195e-05 5.362057e-05 5.349652e-05 5.328999e-05 5.300128e-05 5.263085e-05 5.217926e-05 5.164722e-05 5.103554e-05 5.034517e-05 4.957717e-05 4.873273e-05 4.781314e-05 4.681983e-05 4.575433e-05 4.461828e-05 4.341343e-05 4.214163e-05 4.080486e-05 3.940517e-05 3.794473e-05 3.642577e-05 3.485065e-05 3.322179e-05 3.154170e-05 2.981298e-05 2.803829e-05 2.622037e-05 2.436201e-05 2.246610e-05 2.053554e-05 1.857331e-05 1.658245e-05 1.456602e-05 1.252713e-05 1.046893e-05 8.394578e-06 6.307285e-06 4.210268e-06 2.106758e-06 8.931297e-16 2.106758e-06 4.210268e-06 6.307285e-06 8.394578e-06 1.046893e-05 1.252713e-05 1.456602e-05 1.658245e-05 1.857331e-05 2.053554e-05 2.246610e-05 2.436201e-05 2.622037e-05 2.803829e-05 2.981298e-05 3.154170e-05 3.322179e-05 3.485065e-05 3.642577e-05 3.794473e-05 3.940517e-05 4.080486e-05 4.214163e-05 4.341343e-05 4.461828e-05 4.575433e-05 4.681983e-05 4.781314e-05 4.873273e-05 4.957717e-05 5.034517e-05 5.103554e-05 5.164722e-05 5.217926e-05 5.263085e-05 5.300128e-05 5.328999e-05 5.349652e-05 5.362057e-05 5.366195e-05 
5.328690e-05 5.324581e-05 5.312263e-05 5.291754e-05 5.263085e-05 5.226300e-05 5.181458e-05 5.128625e-05 5.067885e-05 4.999330e-05 4.923067e-05 4.839213e-05 4.747897e-05 4.649260e-05 4.543455e-05 4.430644e-05 4.311001e-05 4.184710e-05 4.051967e-05 3.912977e-05 3.767953e-05 3.617119e-05 3.460707e-05 3.298960e-05 3.132125e-05 2.960461e-05 2.784233e-05 2.603711e-05 2.419174e-05 2.230908e-05 2.039201e-05 1.844350e-05 1.646656e-05 1.446422e-05 1.243958e-05 1.039576e-05 8.335907e-06 6.263203e-06 4.180842e-06 2.092034e-06 6.071884e-17 2.092034e-06 4.180842e-06 6.263203e-06 8.335907e-06 1.039576e-05 1.243958e-05 1.446422e-05 1.646656e-05 1.844350e-05 2.039201e-05 2.230908e-05 2.419174e-05 2.603711e-05 2.784233e-05 2.960461e-05 3.132125e-05 3.298960e-05 3.460707e-05 3.617119e-05 3.767953e-05 3.912977e-05 4.051967e-05 4.184710e-05 4.311001e-05 4.430644e-05 4.543455e-05 4.649260e-05 4.747897e-05 4.839213e-05 4.923067e-05 4.999330e-05 5.067885e-05 5.128625e-05 5.181458e-05 5.226300e-05 5.263085e-05 5.291754e-05 5.312263e-05 5.324581e-05 5.328690e-05 
5.282968e-05 5.278895e-05 5.266683e-05 5.246349e-05 5.217926e-05 5.181458e-05 5.136999e-05 5.084621e-05 5.024401e-05 4.956435e-05 4.880826e-05 4.797692e-05 4.707159e-05 4.609369e-05 4.504471e-05 4.392628e-05 4.274011e-05 4.148804e-05 4.017201e-05 3.879403e-05 3.735623e-05 3.586083e-05 3.431013e-05 3.270654e-05 3.105251e-05 2.935060e-05 2.760343e-05 2.581371e-05 2.398417e-05 2.211766e-05 2.021704e-05 1.828525e-05 1.632527e-05 1.434011e-05 1.233284e-05 1.030656e-05 8.264383e-06 6.209463e-06 4.144969e-06 2.074084e-06 4.496094e-16 2.074084e-06 4.144969e-06 6.209463e-06 8.264383e-06 1.030656e-05 1.233284e-05 1.434011e-05 1.632527e-05 1.828525e-05 2.021704e-05 2.211766e-05 2.398417e-05 2.581371e-05 2.760343e-05 2.935060e-05 3.105251e-05 3.270654e-05 3.431013e-05 3.586083e-05 3.735623e-05 3.879403e-05 4.017201e-05 4.148804e-05 4.274011e-05 4.392628e-05 4.504471e-05 4.609369e-05 4.707159e-05 4.797692e-05 4.880826e-05 4.956435e-05 5.024401e-05 5.084621e-05 5.136999e-05 5.181458e-05 5.217926e-05 5.246349e-05 5.266683e-05 5.278895e-05 5.282968e-05 
5.229101e-05 5.225070e-05 5.212981e-05 5.192855e-05 5.164722e-05 5.128625e-05 5.084621e-05 5.032776e-05 4.973171e-05 4.905897e-05 4.831059e-05 4.748772e-05 4.659163e-05 4.562370e-05 4.458542e-05 4.347839e-05 4.230432e-05 4.106502e-05 3.976240e-05 3.839847e-05 3.697533e-05 3.549518e-05 3.396029e-05 3.237305e-05 3.073588e-05 2.905133e-05 2.732198e-05 2.555050e-05 2.373962e-05 2.189214e-05 2.001090e-05 1.809881e-05 1.615881e-05 1.419390e-05 1.220709e-05 1.020147e-05 8.180116e-06 6.146149e-06 4.102705e-06 2.052935e-06 9.391697e-16 2.052935e-06 4.102705e-06 6.146149e-06 8.180116e-06 1.020147e-05 1.220709e-05 1.419390e-05 1.615881e-05 1.809881e-05 2.001090e-05 2.189214e-05 2.373962e-05 2.555050e-05 2.732198e-05 2.905133e-05 3.073588e-05 3.237305e-05 3.396029e-05 3.549518e-05 3.697533e-05 3.839847e-05 3.976240e-05 4.106502e-05 4.230432e-05 4.347839e-05 4.458542e-05 4.562370e-05 4.659163e-05 4.748772e-05 4.831059e-05 4.905897e-05 4.973171e-05 5.032776e-05 5.084621e-05 5.128625e-05 5.164722e-05 5.192855e-05 5.212981e-05 5.225070e-05 5.229101e-05 
5.167171e-05 5.163187e-05 5.151242e-05 5.131354e-05 5.103554e-05 5.067885e-05 5.024401e-05 4.973171e-05 4.914271e-05 4.847795e-05 4.773843e-05 4.692531e-05 4.603983e-05 4.508336e-05 4.405737e-05 4.296345e-05 4.180329e-05 4.057867e-05 3.929147e-05 3.794370e-05 3.653741e-05 3.507479e-05 3.355809e-05 3.198964e-05 3.037187e-05 2.870726e-05 2.699839e-05 2.524789e-05 2.345846e-05 2.163286e-05 1.977391e-05 1.788446e-05 1.596744e-05 1.402579e-05 1.206252e-05 1.008065e-05 8.083236e-06 6.073358e-06 4.054115e-06 2.028622e-06 7.938763e-16 2.028622e-06 4.054115e-06 6.073358e-06 8.083236e-06 1.008065e-05 1.206252e-05 1.402579e-05 1.596744e-05 1.788446e-05 1.977391e-05 2.163286e-05 2.345846e-05 2.524789e-05 2.699839e-05 2.870726e-05 3.037187e-05 3.198964e-05 3.355809e-05 3.507479e-05 3.653741e-05 3.794370e-05 3.929147e-05 4.057867e-05 4.180329e-05 4.296345e-05 4.405737e-05 4.508336e-05 4.603983e-05 4.692531e-05 4.773843e-05 4.847795e-05 4.914271e-05 4.973171e-05 5.024401e-05 5.067885e-05 5.103554e-05 5.131354e-05 5.151242e-05 5.163187e-05 5.167171e-05 
5.097273e-05 5.093343e-05 5.081560e-05 5.061941e-05 5.034517e-05 4.999330e-05 4.956435e-05 4.905897e-05 4.847795e-05 4.782218e-05 4.709266e-05 4.629054e-05 4.541704e-05 4.447350e-05 4.346140e-05 4.238228e-05 4.123781e-05 4.002975e-05 3.875997e-05 3.743042e-05 3.604316e-05 3.460033e-05 3.310414e-05 3.155691e-05 2.996102e-05 2.831893e-05 2.663318e-05 2.490636e-05 2.314114e-05 2.134023e-05 1.950642e-05 1.764253e-05 1.575144e-05 1.383606e-05 1.189935e-05 9.944287e-06 7.973892e-06 5.991202e-06 3.999274e-06 2.001180e-06 4.026051e-16 2.001180e-06 3.999274e-06 5.991202e-06 7.973892e-06 9.944287e-06 1.189935e-05 1.383606e-05 1.575144e-05 1.764253e-05 1.950642e-05 2.134023e-05 2.314114e-05 2.490636e-05 2.663318e-05 2.831893e-05 2.996102e-05 3.155691e-05 3.310414e-05 3.460033e-05 3.604316e-05 3.743042e-05 3.875997e-05 4.002975e-05 4.123781e-05 4.238228e-05 4.346140e-05 4.447350e-05 4.541704e-05 4.629054e-05 4.709266e-05 4.782218e-05 4.847795e-05 4.905897e-05 4.956435e-05 4.999330e-05 5.034517e-05 5.061941e-05 5.081560e-05 5.093343e-05 5.097273e-05 
5.019516e-05 5.015646e-05 5.004042e-05 4.984723e-05 4.957717e-05 4.923067e-05 4.880826e-05 4.831059e-05 4.773843e-05 4.709266e-05 4.637428e-05 4.558439e-05 4.472421e-05 4.379508e-05 4.279841e-05 4.173575e-05 4.060874e-05 3.941911e-05 3.816870e-05 3.685944e-05 3.549334e-05 3.407251e-05 3.259915e-05 3.107552e-05 2.950397e-05 2.788694e-05 2.622690e-05 2.452642e-05 2.278813e-05 2.101469e-05 1.920886e-05 1.737340e-05 1.551116e-05 1.362500e-05 1.171783e-05 9.792590e-06 7.852253e-06 5.899808e-06 3.938267e-06 1.970653e-06 1.232036e-15 1.970653e-06 3.938267e-06 5.899808e-06 7.852253e-06 9.792590e-06 1.171783e-05 1.362500e-05 1.551116e-05 1.737340e-05 1.920886e-05 2.101469e-05 2.278813e-05 2.452642e-05 2.622690e-05 2.788694e-05 2.950397e-05 3.107552e-05 3.259915e-05 3.407251e-05 3.549334e-05 3.685944e-05 3.816870e-05 3.941911e-05 4.060874e-05 4.173575e-05 4.279841e-05 4.379508e-05 4.472421e-05 4.558439e-05 4.637428e-05 4.709266e-05 4.773843e-05 4.831059e-05 4.880826e-05 4.923067e-05 4.957717e-05 4.984723e-05 5.004042e-05 5.015646e-05 5.019516e-05 
4.934019e-05 4.930215e-05 4.918809e-05 4.899819e-05 4.873273e-05 4.839213e-05 4.797692e-05 4.748772e-05 4.692531e-05 4.629054e-05 4.558439e-05 4.480796e-05 4.396243e-05 4.304912e-05 4.206943e-05 4.102487e-05 3.991705e-05 3.874769e-05 3.751857e-05 3.623161e-05 3.488878e-05 3.349216e-05 3.204389e-05 3.054621e-05 2.900144e-05 2.741194e-05 2.578018e-05 2.410866e-05 2.239998e-05 2.065675e-05 1.888167e-05 1.707748e-05 1.524696e-05 1.339292e-05 1.151824e-05 9.625793e-06 7.718506e-06 5.799317e-06 3.871187e-06 1.937087e-06 3.860753e-16 1.937087e-06 3.871187e-06 5.799317e-06 7.718506e-06 9.625793e-06 1.151824e-05 1.339292e-05 1.524696e-05 1.707748e-05 1.888167e-05 2.065675e-05 2.239998e-05 2.410866e-05 2.578018e-05 2.741194e-05 2.900144e-05 3.054621e-05 3.204389e-05 3.349216e-05 3.488878e-05 3.623161e-05 3.751857e-05 3.874769e-05 3.991705e-05 4.102487e-05 4.206943e-05 4.304912e-05 4.396243e-05 4.480796e-05 4.558439e-05 4.629054e-05 4.692531e-05 4.748772e-05 4.797692e-05 4.839213e-05 4.873273e-05 4.899819e-05 4.918809e-05 4.930215e-05 4.934019e-05 
4.840914e-05 4.837182e-05 4.825991e-05 4.807359e-05 4.781314e-05 4.747897e-05 4.707159e-05 4.659163e-05 4.603983e-05 4.541704e-05 4.472421e-05 4.396243e-05 4.313286e-05 4.223678e-05 4.127558e-05 4.025073e-05 3.916382e-05 3.801652e-05 3.681060e-05 3.554792e-05 3.423043e-05 3.286016e-05 3.143922e-05 2.996981e-05 2.845418e-05 2.689468e-05 2.529371e-05 2.365373e-05 2.197729e-05 2.026696e-05 1.852538e-05 1.675523e-05 1.495925e-05 1.314020e-05 1.130089e-05 9.444155e-06 7.572858e-06 5.689884e-06 3.798137e-06 1.900534e-06 9.522316e-16 1.900534e-06 3.798137e-06 5.689884e-06 7.572858e-06 9.444155e-06 1.130089e-05 1.314020e-05 1.495925e-05 1.675523e-05 1.852538e-05 2.026696e-05 2.197729e-05 2.365373e-05 2.529371e-05 2.689468e-05 2.845418e-05 2.996981e-05 3.143922e-05 3.286016e-05 3.423043e-05 3.554792e-05 3.681060e-05 3.801652e-05 3.916382e-05 4.025073e-05 4.127558e-05 4.223678e-05 4.313286e-05 4.396243e-05 4.472421e-05 4.541704e-05 4.603983e-05 4.659163e-05 4.707159e-05 4.747897e-05 4.781314e-05 4.807359e-05 4.825991e-05 4.837182e-05 4.840914e-05 
4.740345e-05 4.736690e-05 4.725732e-05 4.707487e-05 4.681983e-05 4.649260e-05 4.609369e-05 4.562370e-05 4.508336e-05 4.447350e-05 4.379508e-05 4.304912e-05 4.223678e-05 4.135932e-05 4.041808e-05 3.941453e-05 3.835020e-05 3.722673e-05 3.604587e-05 3.480942e-05 3.351930e-05 3.217750e-05 3.078608e-05 2.934719e-05 2.786305e-05 2.633595e-05 2.476823e-05 2.316233e-05 2.152072e-05 1.984592e-05 1.814051e-05 1.640714e-05 1.464847e-05 1.286721e-05 1.106612e-05 9.247954e-06 7.415533e-06 5.571678e-06 3.719232e-06 1.861051e-06 5.712799e-16 1.861051e-06 3.719232e-06 5.571678e-06 7.415533e-06 9.247954e-06 1.106612e-05 1.286721e-05 1.464847e-05 1.640714e-05 1.814051e-05 1.984592e-05 2.152072e-05 2.316233e-05 2.476823e-05 2.633595e-05 2.786305e-05 2.934719e-05 3.078608e-05 3.217750e-05 3.351930e-05 3.480942e-05 3.604587e-05 3.722673e-05 3.835020e-05 3.941453e-05 4.041808e-05 4.135932e-05 4.223678e-05 4.304912e-05 4.379508e-05 4.447350e-05 4.508336e-05 4.562370e-05 4.609369e-05 4.649260e-05 4.681983e-05 4.707487e-05 4.725732e-05 4.736690e-05 4.740345e-05 
4.632466e-05 4.628895e-05 4.618186e-05 4.600356e-05 4.575433e-05 4.543455e-05 4.504471e-05 4.458542e-05 4.405737e-05 4.346140e-05 4.279841e-05 4.206943e-05 4.127558e-05 4.041808e-05 3.949827e-05 3.851755e-05 3.747744e-05 3.637954e-05 3.522555e-05 3.401724e-05 3.275648e-05 3.144522e-05 3.008546e-05 2.867932e-05 2.722895e-05 2.573660e-05 2.420457e-05 2.263521e-05 2.103096e-05 1.939427e-05 1.772768e-05 1.603376e-05 1.431511e-05 1.257439e-05 1.081428e-05 9.037494e-06 7.246774e-06 5.444880e-06 3.634591e-06 1.818698e-06 4.480001e-16 1.818698e-06 3.634591e-06 5.444880e-06 7.246774e-06 9.037494e-06 1.081428e-05 1.257439e-05 1.431511e-05 1.603376e-05 1.772768e-05 1.939427e-05 2.103096e-05 2.263521e-05 2.420457e-05 2.573660e-05 2.722895e-05 2.867932e-05 3.008546e-05 3.144522e-05 3.275648e-05 3.401724e-05 3.522555e-05 3.637954e-05 3.747744e-05 3.851755e-05 3.949827e-05 4.041808e-05 4.127558e-05 4.206943e-05 4.279841e-05 4.346140e-05 4.405737e-05 4.458542e-05 4.504471e-05 4.543455e-05 4.575433e-05 4.600356e-05 4.618186e-05 4.628895e-05 4.632466e-05 
4.517445e-05 4.513962e-05 4.503519e-05 4.486132e-05 4.461828e-05 4.430644e-05 4.392628e-05 4.347839e-05 4.296345e-05 4.238228e-05 4.173575e-05 4.102487e-05 4.025073e-05 3.941453e-05 3.851755e-05 3.756118e-05 3.654690e-05 3.547626e-05 3.435092e-05 3.317262e-05 3.194316e-05 3.066445e-05 2.933846e-05 2.796723e-05 2.655288e-05 2.509758e-05 2.360359e-05 2.207320e-05 2.050877e-05 1.891272e-05 1.728751e-05 1.563565e-05 1.395967e-05 1.226217e-05 1.054577e-05 8.813098e-06 7.066841e-06 5.309687e-06 3.544346e-06 1.773541e-06 1.013423e-15 1.773541e-06 3.544346e-06 5.309687e-06 7.066841e-06 8.813098e-06 1.054577e-05 1.226217e-05 1.395967e-05 1.563565e-05 1.728751e-05 1.891272e-05 2.050877e-05 2.207320e-05 2.360359e-05 2.509758e-05 2.655288e-05 2.796723e-05 2.933846e-05 3.066445e-05 3.194316e-05 3.317262e-05 3.435092e-05 3.547626e-05 3.654690e-05 3.756118e-05 3.851755e-05 3.941453e-05 4.025073e-05 4.102487e-05 4.173575e-05 4.238228e-05 4.296345e-05 4.347839e-05 4.392628e-05 4.430644e-05 4.461828e-05 4.486132e-05 4.503519e-05 4.513962e-05 4.517445e-05 
4.395458e-05 4.392069e-05 4.381908e-05 4.364991e-05 4.341343e-05 4.311001e-05 4.274011e-05 4.230432e-05 4.180329e-05 4.123781e-05 4.060874e-05 3.991705e-05 3.916382e-05 3.835020e-05 3.747744e-05 3.654690e-05 3.556000e-05 3.451828e-05 3.342332e-05 3.227684e-05 3.108058e-05 2.983640e-05 2.854622e-05 2.721201e-05 2.583585e-05 2.441986e-05 2.296620e-05 2.147714e-05 1.995496e-05 1.840201e-05 1.682069e-05 1.521343e-05 1.358271e-05 1.193105e-05 1.026099e-05 8.575113e-06 6.876011e-06 5.166307e-06 3.448637e-06 1.725649e-06 9.986447e-16 1.725649e-06 3.448637e-06 5.166307e-06 6.876011e-06 8.575113e-06 1.026099e-05 1.193105e-05 1.358271e-05 1.521343e-05 1.682069e-05 1.840201e-05 1.995496e-05 2.147714e-05 2.296620e-05 2.441986e-05 2.583585e-05 2.721201e-05 2.854622e-05 2.983640e-05 3.108058e-05 3.227684e-05 3.342332e-05 3.451828e-05 3.556000e-05 3.654690e-05 3.747744e-05 3.835020e-05 3.916382e-05 3.991705e-05 4.060874e-05 4.123781e-05 4.180329e-05 4.230432e-05 4.274011e-05 4.311001e-05 4.341343e-05 4.364991e-05 4.381908e-05 4.392069e-05 4.395458e-05 
4.266694e-05 4.263404e-05 4.253541e-05 4.237119e-05 4.214163e-05 4.184710e-05 4.148804e-05 4.106502e-05 4.057867e-05 4.002975e-05 3.941911e-05 3.874769e-05 3.801652e-05 3.722673e-05 3.637954e-05 3.547626e-05 3.451828e-05 3.350707e-05 3.244419e-05 3.133129e-05 3.017008e-05 2.896235e-05 2.770996e-05 2.641484e-05 2.507900e-05 2.370448e-05 2.229341e-05 2.084797e-05 1.937038e-05 1.786293e-05 1.632793e-05 1.476775e-05 1.318481e-05 1.158153e-05 9.960398e-06 8.323906e-06 6.674579e-06 5.014961e-06 3.347609e-06 1.675096e-06 1.384537e-16 1.675096e-06 3.347609e-06 5.014961e-06 6.674579e-06 8.323906e-06 9.960398e-06 1.158153e-05 1.318481e-05 1.476775e-05 1.632793e-05 1.786293e-05 1.937038e-05 2.084797e-05 2.229341e-05 2.370448e-05 2.507900e-05 2.641484e-05 2.770996e-05 2.896235e-05 3.017008e-05 3.133129e-05 3.244419e-05 3.350707e-05 3.451828e-05 3.547626e-05 3.637954e-05 3.722673e-05 3.801652e-05 3.874769e-05 3.941911e-05 4.002975e-05 4.057867e-05 4.106502e-05 4.148804e-05 4.184710e-05 4.214163e-05 4.237119e-05 4.253541e-05 4.263404e-05 4.266694e-05 
4.131350e-05 4.128165e-05 4.118615e-05 4.102714e-05 4.080486e-05 4.051967e-05 4.017201e-05 3.976240e-05 3.929147e-05 3.875997e-05 3.816870e-05 3.751857e-05 3.681060e-05 3.604587e-05 3.522555e-05 3.435092e-05 3.342332e-05 3.244419e-05 3.141503e-05 3.033743e-05 2.921306e-05 2.804364e-05 2.683097e-05 2.557694e-05 2.428347e-05 2.295255e-05 2.158625e-05 2.018665e-05 1.875594e-05 1.729630e-05 1.580999e-05 1.429931e-05 1.276657e-05 1.121416e-05 9.644445e-06 8.059864e-06 6.462856e-06 4.855881e-06 3.241420e-06 1.621960e-06 6.621790e-16 1.621960e-06 3.241420e-06 4.855881e-06 6.462856e-06 8.059864e-06 9.644445e-06 1.121416e-05 1.276657e-05 1.429931e-05 1.580999e-05 1.729630e-05 1.875594e-05 2.018665e-05 2.158625e-05 2.295255e-05 2.428347e-05 2.557694e-05 2.683097e-05 2.804364e-05 2.921306e-05 3.033743e-05 3.141503e-05 3.244419e-05 3.342332e-05 3.435092e-05 3.522555e-05 3.604587e-05 3.681060e-05 3.751857e-05 3.816870e-05 3.875997e-05 3.929147e-05 3.976240e-05 4.017201e-05 4.051967e-05 4.080486e-05 4.102714e-05 4.118615e-05 4.128165e-05 4.131350e-05 
3.989637e-05 3.986561e-05 3.977338e-05 3.961982e-05 3.940517e-05 3.912977e-05 3.879403e-05 3.839847e-05 3.794370e-05 3.743042e-05 3.685944e-05 3.623161e-05 3.554792e-05 3.480942e-05 3.401724e-05 3.317262e-05 3.227684e-05 3.133129e-05 3.033743e-05 2.929680e-05 2.821099e-05 2.708168e-05 2.591062e-05 2.469960e-05 2.345050e-05 2.216523e-05 2.084579e-05 1.949421e-05 1.811257e-05 1.670300e-05 1.526768e-05 1.380881e-05 1.232865e-05 1.082949e-05 9.313622e-06 7.783395e-06 6.241167e-06 4.689315e-06 3.130233e-06 1.566324e-06 1.808946e-16 1.566324e-06 3.130233e-06 4.689315e-06 6.241167e-06 7.783395e-06 9.313622e-06 1.082949e-05 1.232865e-05 1.380881e-05 1.526768e-05 1.670300e-05 1.811257e-05 1.949421e-05 2.084579e-05 2.216523e-05 2.345050e-05 2.469960e-05 2.591062e-05 2.708168e-05 2.821099e-05 2.929680e-05 3.033743e-05 3.133129e-05 3.227684e-05 3.317262e-05 3.401724e-05 3.480942e-05 3.554792e-05 3.623161e-05 3.685944e-05 3.743042e-05 3.794370e-05 3.839847e-05 3.879403e-05 3.912977e-05 3.940517e-05 3.961982e-05 3.977338e-05 3.986561e-05 3.989637e-05 
3.841771e-05 3.838809e-05 3.829928e-05 3.815142e-05 3.794473e-05 3.767953e-05 3.735623e-05 3.697533e-05 3.653741e-05 3.604316e-05 3.549334e-05 3.488878e-05 3.423043e-05 3.351930e-05 3.275648e-05 3.194316e-05 3.108058e-05 3.017008e-05 2.921306e-05 2.821099e-05 2.716542e-05 2.607797e-05 2.495031e-05 2.378417e-05 2.258136e-05 2.134374e-05 2.007320e-05 1.877171e-05 1.744128e-05 1.608395e-05 1.470182e-05 1.329703e-05 1.187173e-05 1.042812e-05 8.968437e-06 7.494924e-06 6.009854e-06 4.515518e-06 3.014219e-06 1.508272e-06 1.253964e-15 1.508272e-06 3.014219e-06 4.515518e-06 6.009854e-06 7.494924e-06 8.968437e-06 1.042812e-05 1.187173e-05 1.329703e-05 1.470182e-05 1.608395e-05 1.744128e-05 1.877171e-05 2.007320e-05 2.134374e-05 2.258136e-05 2.378417e-05 2.495031e-05 2.607797e-05 2.716542e-05 2.821099e-05 2.921306e-05 3.017008e-05 3.108058e-05 3.194316e-05 3.275648e-05 3.351930e-05 3.423043e-05 3.488878e-05 3.549334e-05 3.604316e-05 3.653741e-05 3.697533e-05 3.735623e-05 3.767953e-05 3.794473e-05 3.815142e-05 3.829928e-05 3.838809e-05 3.841771e-05 
3.687982e-05 3.685139e-05 3.676613e-05 3.662419e-05 3.642577e-05 3.617119e-05 3.586083e-05 3.549518e-05 3.507479e-05 3.460033e-05 3.407251e-05 3.349216e-05 3.286016e-05 3.217750e-05 3.144522e-05 3.066445e-05 2.983640e-05 2.896235e-05 2.804364e-05 2.708168e-05 2.607797e-05 2.503405e-05 2.395153e-05 2.283207e-05 2.167741e-05 2.048933e-05 1.926965e-05 1.802026e-05 1.674309e-05 1.544010e-05 1.411330e-05 1.276474e-05 1.139649e-05 1.001068e-05 8.609423e-06 7.194896e-06 5.769275e-06 4.334758e-06 2.893557e-06 1.447895e-06 1.587839e-16 1.447895e-06 2.893557e-06 4.334758e-06 5.769275e-06 7.194896e-06 8.609423e-06 1.001068e-05 1.139649e-05 1.276474e-05 1.411330e-05 1.544010e-05 1.674309e-05 1.802026e-05 1.926965e-05 2.048933e-05 2.167741e-05 2.283207e-05 2.395153e-05 2.503405e-05 2.607797e-05 2.708168e-05 2.804364e-05 2.896235e-05 2.983640e-05 3.066445e-05 3.144522e-05 3.217750e-05 3.286016e-05 3.349216e-05 3.407251e-05 3.460033e-05 3.507479e-05 3.549518e-05 3.586083e-05 3.617119e-05 3.642577e-05 3.662419e-05 3.676613e-05 3.685139e-05 3.687982e-05 
3.528506e-05 3.525786e-05 3.517629e-05 3.504048e-05 3.485065e-05 3.460707e-05 3.431013e-05 3.396029e-05 3.355809e-05 3.310414e-05 3.259915e-05 3.204389e-05 3.143922e-05 3.078608e-05 3.008546e-05 2.933846e-05 2.854622e-05 2.770996e-05 2.683097e-05 2.591062e-05 2.495031e-05 2.395153e-05 2.291582e-05 2.184477e-05 2.074004e-05 1.960333e-05 1.843640e-05 1.724103e-05 1.601908e-05 1.477244e-05 1.350301e-05 1.221276e-05 1.090368e-05 9.577794e-06 8.237135e-06 6.883774e-06 5.519800e-06 4.147315e-06 2.768434e-06 1.385285e-06 8.050778e-16 1.385285e-06 2.768434e-06 4.147315e-06 5.519800e-06 6.883774e-06 8.237135e-06 9.577794e-06 1.090368e-05 1.221276e-05 1.350301e-05 1.477244e-05 1.601908e-05 1.724103e-05 1.843640e-05 1.960333e-05 2.074004e-05 2.184477e-05 2.291582e-05 2.395153e-05 2.495031e-05 2.591062e-05 2.683097e-05 2.770996e-05 2.854622e-05 2.933846e-05 3.008546e-05 3.078608e-05 3.143922e-05 3.204389e-05 3.259915e-05 3.310414e-05 3.355809e-05 3.396029e-05 3.431013e-05 3.460707e-05 3.485065e-05 3.504048e-05 3.517629e-05 3.525786e-05 3.528506e-05 
3.363590e-05 3.360997e-05 3.353221e-05 3.340275e-05 3.322179e-05 3.298960e-05 3.270654e-05 3.237305e-05 3.198964e-05 3.155691e-05 3.107552e-05 3.054621e-05 2.996981e-05 2.934719e-05 2.867932e-05 2.796723e-05 2.721201e-05 2.641484e-05 2.557694e-05 2.469960e-05 2.378417e-05 2.283207e-05 2.184477e-05 2.082378e-05 1.977069e-05 1.868710e-05 1.757471e-05 1.643522e-05 1.527038e-05 1.408200e-05 1.287190e-05 1.164196e-05 1.039406e-05 9.130144e-06 7.852145e-06 6.562039e-06 5.261814e-06 3.953476e-06 2.639042e-06 1.320539e-06 3.569117e-16 1.320539e-06 2.639042e-06 3.953476e-06 5.261814e-06 6.562039e-06 7.852145e-06 9.130144e-06 1.039406e-05 1.164196e-05 1.287190e-05 1.408200e-05 1.527038e-05 1.643522e-05 1.757471e-05 1.868710e-05 1.977069e-05 2.082378e-05 2.184477e-05 2.283207e-05 2.378417e-05 2.469960e-05 2.557694e-05 2.641484e-05 2.721201e-05 2.796723e-05 2.867932e-05 2.934719e-05 2.996981e-05 3.054621e-05 3.107552e-05 3.155691e-05 3.198964e-05 3.237305e-05 3.270654e-05 3.298960e-05 3.322179e-05 3.340275e-05 3.353221e-05 3.360997e-05 3.363590e-05 
3.193487e-05 3.191025e-05 3.183643e-05 3.171351e-05 3.154170e-05 3.132125e-05 3.105251e-05 3.073588e-05 3.037187e-05 2.996102e-05 2.950397e-05 2.900144e-05 2.845418e-05 2.786305e-05 2.722895e-05 2.655288e-05 2.583585e-05 2.507900e-05 2.428347e-05 2.345050e-05 2.258136e-05 2.167741e-05 2.074004e-05 1.977069e-05 1.877085e-05 1.774206e-05 1.668592e-05 1.560406e-05 1.449813e-05 1.336984e-05 1.222095e-05 1.105320e-05 9.868418e-06 8.668416e-06 7.455048e-06 6.230184e-06 4.995715e-06 3.753542e-06 2.505581e-06 1.253757e-06 2.279703e-16 1.253757e-06 2.505581e-06 3.753542e-06 4.995715e-06 6.230184e-06 7.455048e-06 8.668416e-06 9.868418e-06 1.105320e-05 1.222095e-05 1.336984e-05 1.449813e-05 1.560406e-05 1.668592e-05 1.774206e-05 1.877085e-05 1.977069e-05 2.074004e-05 2.167741e-05 2.258136e-05 2.345050e-05 2.428347e-05 2.507900e-05 2.583585e-05 2.655288e-05 2.722895e-05 2.786305e-05 2.845418e-05 2.900144e-05 2.950397e-05 2.996102e-05 3.037187e-05 3.073588e-05 3.105251e-05 3.132125e-05 3.154170e-05 3.171351e-05 3.183643e-05 3.191025e-05 3.193487e-05 
3.018460e-05 3.016133e-05 3.009155e-05 2.997538e-05 2.981298e-05 2.960461e-05 2.935060e-05 2.905133e-05 2.870726e-05 2.831893e-05 2.788694e-05 2.741194e-05 2.689468e-05 2.633595e-05 2.573660e-05 2.509758e-05 2.441986e-05 2.370448e-05 2.295255e-05 2.216523e-05 2.134374e-05 2.048933e-05 1.960333e-05 1.868710e-05 1.774206e-05 1.676967e-05 1.577141e-05 1.474884e-05 1.370352e-05 1.263708e-05 1.155115e-05 1.044741e-05 9.327555e-06 8.193322e-06 7.046455e-06 5.888724e-06 4.721912e-06 3.547820e-06 2.368257e-06 1.185042e-06 7.582574e-16 1.185042e-06 2.368257e-06 3.547820e-06 4.721912e-06 5.888724e-06 7.046455e-06 8.193322e-06 9.327555e-06 1.044741e-05 1.155115e-05 1.263708e-05 1.370352e-05 1.474884e-05 1.577141e-05 1.676967e-05 1.774206e-05 1.868710e-05 1.960333e-05 2.048933e-05 2.134374e-05 2.216523e-05 2.295255e-05 2.370448e-05 2.441986e-05 2.509758e-05 2.573660e-05 2.633595e-05 2.689468e-05 2.741194e-05 2.788694e-05 2.831893e-05 2.870726e-05 2.905133e-05 2.935060e-05 2.960461e-05 2.981298e-05 2.997538e-05 3.009155e-05 3.016133e-05 3.018460e-05 
2.838779e-05 2.836590e-05 2.830028e-05 2.819102e-05 2.803829e-05 2.784233e-05 2.760343e-05 2.732198e-05 2.699839e-05 2.663318e-05 2.622690e-05 2.578018e-05 2.529371e-05 2.476823e-05 2.420457e-05 2.360359e-05 2.296620e-05 2.229341e-05 2.158625e-05 2.084579e-05 2.007320e-05 1.926965e-05 1.843640e-05 1.757471e-05 1.668592e-05 1.577141e-05 1.483258e-05 1.387088e-05 1.288779e-05 1.188482e-05 1.086354e-05 9.825499e-06 8.772310e-06 7.705595e-06 6.626998e-06 5.538183e-06 4.440829e-06 3.336627e-06 2.227280e-06 1.114499e-06 1.610060e-16 1.114499e-06 2.227280e-06 3.336627e-06 4.440829e-06 5.538183e-06 6.626998e-06 7.705595e-06 8.772310e-06 9.825499e-06 1.086354e-05 1.188482e-05 1.288779e-05 1.387088e-05 1.483258e-05 1.577141e-05 1.668592e-05 1.757471e-05 1.843640e-05 1.926965e-05 2.007320e-05 2.084579e-05 2.158625e-05 2.229341e-05 2.296620e-05 2.360359e-05 2.420457e-05 2.476823e-05 2.529371e-05 2.578018e-05 2.622690e-05 2.663318e-05 2.699839e-05 2.732198e-05 2.760343e-05 2.784233e-05 2.803829e-05 2.819102e-05 2.830028e-05 2.836590e-05 2.838779e-05 
2.654721e-05 2.652674e-05 2.646537e-05 2.636319e-05 2.622037e-05 2.603711e-05 2.581371e-05 2.555050e-05 2.524789e-05 2.490636e-05 2.452642e-05 2.410866e-05 2.365373e-05 2.316233e-05 2.263521e-05 2.207320e-05 2.147714e-05 2.084797e-05 2.018665e-05 1.949421e-05 1.877171e-05 1.802026e-05 1.724103e-05 1.643522e-05 1.560406e-05 1.474884e-05 1.387088e-05 1.297153e-05 1.205218e-05 1.111425e-05 1.015918e-05 9.188441e-06 8.203538e-06 7.205986e-06 6.197322e-06 5.179103e-06 4.152898e-06 3.120290e-06 2.082870e-06 1.042238e-06 3.825741e-16 1.042238e-06 2.082870e-06 3.120290e-06 4.152898e-06 5.179103e-06 6.197322e-06 7.205986e-06 8.203538e-06 9.188441e-06 1.015918e-05 1.111425e-05 1.205218e-05 1.297153e-05 1.387088e-05 1.474884e-05 1.560406e-05 1.643522e-05 1.724103e-05 1.802026e-05 1.877171e-05 1.949421e-05 2.018665e-05 2.084797e-05 2.147714e-05 2.207320e-05 2.263521e-05 2.316233e-05 2.365373e-05 2.410866e-05 2.452642e-05 2.490636e-05 2.524789e-05 2.555050e-05 2.581371e-05 2.603711e-05 2.622037e-05 2.636319e-05 2.646537e-05 2.652674e-05 2.654721e-05 
2.466569e-05 2.464667e-05 2.458965e-05 2.449472e-05 2.436201e-05 2.419174e-05 2.398417e-05 2.373962e-05 2.345846e-05 2.314114e-05 2.278813e-05 2.239998e-05 2.197729e-05 2.152072e-05 2.103096e-05 2.050877e-05 1.995496e-05 1.937038e-05 1.875594e-05 1.811257e-05 1.744128e-05 1.674309e-05 1.601908e-05 1.527038e-05 1.449813e-05 1.370352e-05 1.288779e-05 1.205218e-05 1.119799e-05 1.032653e-05 9.439151e-06 8.537216e-06 7.622117e-06 6.695266e-06 5.758091e-06 4.812037e-06 3.858564e-06 2.899141e-06 1.935248e-06 9.683704e-07 5.399854e-16 9.683704e-07 1.935248e-06 2.899141e-06 3.858564e-06 4.812037e-06 5.758091e-06 6.695266e-06 7.622117e-06 8.537216e-06 9.439151e-06 1.032653e-05 1.119799e-05 1.205218e-05 1.288779e-05 1.370352e-05 1.449813e-05 1.527038e-05 1.601908e-05 1.674309e-05 1.744128e-05 1.811257e-05 1.875594e-05 1.937038e-05 1.995496e-05 2.050877e-05 2.103096e-05 2.152072e-05 2.197729e-05 2.239998e-05 2.278813e-05 2.314114e-05 2.345846e-05 2.373962e-05 2.398417e-05 2.419174e-05 2.436201e-05 2.449472e-05 2.458965e-05 2.464667e-05 2.466569e-05 
2.274614e-05 2.272860e-05 2.267602e-05 2.258847e-05 2.246610e-05 2.230908e-05 2.211766e-05 2.189214e-05 2.163286e-05 2.134023e-05 2.101469e-05 2.065675e-05 2.026696e-05 1.984592e-05 1.939427e-05 1.891272e-05 1.840201e-05 1.786293e-05 1.729630e-05 1.670300e-05 1.608395e-05 1.544010e-05 1.477244e-05 1.408200e-05 1.336984e-05 1.263708e-05 1.188482e-05 1.111425e-05 1.032653e-05 9.522893e-06 8.704571e-06 7.872827e-06 7.028943e-06 6.174222e-06 5.309981e-06 4.437552e-06 3.558280e-06 2.673522e-06 1.784641e-06 8.930092e-07 1.301680e-16 8.930092e-07 1.784641e-06 2.673522e-06 3.558280e-06 4.437552e-06 5.309981e-06 6.174222e-06 7.028943e-06 7.872827e-06 8.704571e-06 9.522893e-06 1.032653e-05 1.111425e-05 1.188482e-05 1.263708e-05 1.336984e-05 1.408200e-05 1.477244e-05 1.544010e-05 1.608395e-05 1.670300e-05 1.729630e-05 1.786293e-05 1.840201e-05 1.891272e-05 1.939427e-05 1.984592e-05 2.026696e-05 2.065675e-05 2.101469e-05 2.134023e-05 2.163286e-05 2.189214e-05 2.211766e-05 2.230908e-05 2.246610e-05 2.258847e-05 2.267602e-05 2.272860e-05 2.274614e-05 
2.079152e-05 2.077549e-05 2.072742e-05 2.064740e-05 2.053554e-05 2.039201e-05 2.021704e-05 2.001090e-05 1.977391e-05 1.950642e-05 1.920886e-05 1.888167e-05 1.852538e-05 1.814051e-05 1.772768e-05 1.728751e-05 1.682069e-05 1.632793e-05 1.580999e-05 1.526768e-05 1.470182e-05 1.411330e-05 1.350301e-05 1.287190e-05 1.222095e-05 1.155115e-05 1.086354e-05 1.015918e-05 9.439151e-06 8.704571e-06 7.956569e-06 7.196298e-06 6.424932e-06 5.643658e-06 4.853683e-06 4.056223e-06 3.252510e-06 2.443781e-06 1.631284e-06 8.162711e-07 9.138645e-16 8.162711e-07 1.631284e-06 2.443781e-06 3.252510e-06 4.056223e-06 4.853683e-06 5.643658e-06 6.424932e-06 7.196298e-06 7.956569e-06 8.704571e-06 9.439151e-06 1.015918e-05 1.086354e-05 1.155115e-05 1.222095e-05 1.287190e-05 1.350301e-05 1.411330e-05 1.470182e-05 1.526768e-05 1.580999e-05 1.632793e-05 1.682069e-05 1.728751e-05 1.772768e-05 1.814051e-05 1.852538e-05 1.888167e-05 1.920886e-05 1.950642e-05 1.977391e-05 2.001090e-05 2.021704e-05 2.039201e-05 2.053554e-05 2.064740e-05 2.072742e-05 2.077549e-05 2.079152e-05 
1.880483e-05 1.879034e-05 1.874686e-05 1.867449e-05 1.857331e-05 1.844350e-05 1.828525e-05 1.809881e-05 1.788446e-05 1.764253e-05 1.737340e-05 1.707748e-05 1.675523e-05 1.640714e-05 1.603376e-05 1.563565e-05 1.521343e-05 1.476775e-05 1.429931e-05 1.380881e-05 1.329703e-05 1.276474e-05 1.221276e-05 1.164196e-05 1.105320e-05 1.044741e-05 9.825499e-06 9.188441e-06 8.537216e-06 7.872827e-06 7.196298e-06 6.508674e-06 5.811013e-06 5.104392e-06 4.389901e-06 3.668641e-06 2.941724e-06 2.210271e-06 1.475410e-06 7.382743e-07 1.178053e-16 7.382743e-07 1.475410e-06 2.210271e-06 2.941724e-06 3.668641e-06 4.389901e-06 5.104392e-06 5.811013e-06 6.508674e-06 7.196298e-06 7.872827e-06 8.537216e-06 9.188441e-06 9.825499e-06 1.044741e-05 1.105320e-05 1.164196e-05 1.221276e-05 1.276474e-05 1.329703e-05 1.380881e-05 1.429931e-05 1.476775e-05 1.521343e-05 1.563565e-05 1.603376e-05 1.640714e-05 1.675523e-05 1.707748e-05 1.737340e-05 1.764253e-05 1.788446e-05 1.809881e-05 1.828525e-05 1.844350e-05 1.857331e-05 1.867449e-05 1.874686e-05 1.879034e-05 1.880483e-05 
1.678916e-05 1.677621e-05 1.673740e-05 1.667278e-05 1.658245e-05 1.646656e-05 1.632527e-05 1.615881e-05 1.596744e-05 1.575144e-05 1.551116e-05 1.524696e-05 1.495925e-05 1.464847e-05 1.431511e-05 1.395967e-05 1.358271e-05 1.318481e-05 1.276657e-05 1.232865e-05 1.187173e-05 1.139649e-05 1.090368e-05 1.039406e-05 9.868418e-06 9.327555e-06 8.772310e-06 8.203538e-06 7.622117e-06 7.028943e-06 6.424932e-06 5.811013e-06 5.188134e-06 4.557256e-06 3.919351e-06 3.275402e-06 2.626403e-06 1.973354e-06 1.317262e-06 6.591392e-07 3.502132e-16 6.591392e-07 1.317262e-06 1.973354e-06 2.626403e-06 3.275402e-06 3.919351e-06 4.557256e-06 5.188134e-06 5.811013e-06 6.424932e-06 7.028943e-06 7.622117e-06 8.203538e-06 8.772310e-06 9.327555e-06 9.868418e-06 1.039406e-05 1.090368e-05 1.139649e-05 1.187173e-05 1.232865e-05 1.276657e-05 1.318481e-05 1.358271e-05 1.395967e-05 1.431511e-05 1.464847e-05 1.495925e-05 1.524696e-05 1.551116e-05 1.575144e-05 1.596744e-05 1.615881e-05 1.632527e-05 1.646656e-05 1.658245e-05 1.667278e-05 1.673740e-05 1.677621e-05 1.678916e-05 
1.474759e-05 1.473622e-05 1.470213e-05 1.464537e-05 1.456602e-05 1.446422e-05 1.434011e-05 1.419390e-05 1.402579e-05 1.383606e-05 1.362500e-05 1.339292e-05 1.314020e-05 1.286721e-05 1.257439e-05 1.226217e-05 1.193105e-05 1.158153e-05 1.121416e-05 1.082949e-05 1.042812e-05 1.001068e-05 9.577794e-06 9.130144e-06 8.668416e-06 8.193322e-06 7.705595e-06 7.205986e-06 6.695266e-06 6.174222e-06 5.643658e-06 5.104392e-06 4.557256e-06 4.003092e-06 3.442757e-06 2.877112e-06 2.307031e-06 1.733393e-06 1.157083e-06 5.789877e-07 4.348755e-16 5.789877e-07 1.157083e-06 1.733393e-06 2.307031e-06 2.877112e-06 3.442757e-06 4.003092e-06 4.557256e-06 5.104392e-06 5.643658e-06 6.174222e-06 6.695266e-06 7.205986e-06 7.705595e-06 8.193322e-06 8.668416e-06 9.130144e-06 9.577794e-06 1.001068e-05 1.042812e-05 1.082949e-05 1.121416e-05 1.158153e-05 1.193105e-05 1.226217e-05 1.257439e-05 1.286721e-05 1.314020e-05 1.339292e-05 1.362500e-05 1.383606e-05 1.402579e-05 1.419390e-05 1.434011e-05 1.446422e-05 1.456602e-05 1.464537e-05 1.470213e-05 1.473622e-05 1.474759e-05 
1.268328e-05 1.267351e-05 1.264419e-05 1.259537e-05 1.252713e-05 1.243958e-05 1.233284e-05 1.220709e-05 1.206252e-05 1.189935e-05 1.171783e-05 1.151824e-05 1.130089e-05 1.106612e-05 1.081428e-05 1.054577e-05 1.026099e-05 9.960398e-06 9.644445e-06 9.313622e-06 8.968437e-06 8.609423e-06 8.237135e-06 7.852145e-06 7.455048e-06 7.046455e-06 6.626998e-06 6.197322e-06 5.758091e-06 5.309981e-06 4.853683e-06 4.389901e-06 3.919351e-06 3.442757e-06 2.960854e-06 2.474386e-06 1.984103e-06 1.490760e-06 9.951191e-07 4.979434e-07 1.040472e-17 4.979434e-07 9.951191e-07 1.490760e-06 1.984103e-06 2.474386e-06 2.960854e-06 3.442757e-06 3.919351e-06 4.389901e-06 4.853683e-06 5.309981e-06 5.758091e-06 6.197322e-06 6.626998e-06 7.046455e-06 7.455048e-06 7.852145e-06 8.237135e-06 8.609423e-06 8.968437e-06 9.313622e-06 9.644445e-06 9.960398e-06 1.026099e-05 1.054577e-05 1.081428e-05 1.106612e-05 1.130089e-05 1.151824e-05 1.171783e-05 1.189935e-05 1.206252e-05 1.220709e-05 1.233284e-05 1.243958e-05 1.252713e-05 1.259537e-05 1.264419e-05 1.267351e-05 1.268328e-05 
1.059942e-05 1.059125e-05 1.056675e-05 1.052595e-05 1.046893e-05 1.039576e-05 1.030656e-05 1.020147e-05 1.008065e-05 9.944287e-06 9.792590e-06 9.625793e-06 9.444155e-06 9.247954e-06 9.037494e-06 8.813098e-06 8.575113e-06 8.323906e-06 8.059864e-06 7.783395e-06 7.494924e-06 7.194896e-06 6.883774e-06 6.562039e-06 6.230184e-06 5.888724e-06 5.538183e-06 5.179103e-06 4.812037e-06 4.437552e-06 4.056223e-06 3.668641e-06 3.275402e-06 2.877112e-06 2.474386e-06 2.067845e-06 1.658115e-06 1.245829e-06 8.316211e-07 4.161314e-07 5.899330e-16 4.161314e-07 8.316211e-07 1.245829e-06 1.658115e-06 2.067845e-06 2.474386e-06 2.877112e-06 3.275402e-06 3.668641e-06 4.056223e-06 4.437552e-06 4.812037e-06 5.179103e-06 5.538183e-06 5.888724e-06 6.230184e-06 6.562039e-06 6.883774e-06 7.194896e-06 7.494924e-06 7.783395e-06 8.059864e-06 8.323906e-06 8.575113e-06 8.813098e-06 9.037494e-06 9.247954e-06 9.444155e-06 9.625793e-06 9.792590e-06 9.944287e-06 1.008065e-05 1.020147e-05 1.030656e-05 1.039576e-05 1.046893e-05 1.052595e-05 1.056675e-05 1.059125e-05 1.059942e-05 
8.499217e-06 8.492665e-06 8.473017e-06 8.440305e-06 8.394578e-06 8.335907e-06 8.264383e-06 8.180116e-06 8.083236e-06 7.973892e-06 7.852253e-06 7.718506e-06 7.572858e-06 7.415533e-06 7.246774e-06 7.066841e-06 6.876011e-06 6.674579e-06 6.462856e-06 6.241167e-06 6.009854e-06 5.769275e-06 5.519800e-06 5.261814e-06 4.995715e-06 4.721912e-06 4.440829e-06 4.152898e-06 3.858564e-06 3.558280e-06 3.252510e-06 2.941724e-06 2.626403e-06 2.307031e-06 1.984103e-06 1.658115e-06 1.329571e-06 9.989759e-07 6.668409e-07 3.336777e-07 6.488012e-17 3.336777e-07 6.668409e-07 9.989759e-07 1.329571e-06 1.658115e-06 1.984103e-06 2.307031e-06 2.626403e-06 2.941724e-06 3.252510e-06 3.558280e-06 3.858564e-06 4.152898e-06 4.440829e-06 4.721912e-06 4.995715e-06 5.261814e-06 5.519800e-06 5.769275e-06 6.009854e-06 6.241167e-06 6.462856e-06 6.674579e-06 6.876011e-06 7.066841e-06 7.246774e-06 7.415533e-06 7.572858e-06 7.718506e-06 7.852253e-06 7.973892e-06 8.083236e-06 8.180116e-06 8.264383e-06 8.335907e-06 8.394578e-06 8.440305e-06 8.473017e-06 8.492665e-06 8.499217e-06 
