3.725002e-03 3.722130e-03 3.713519e-03 3.699182e-03 3.679141e-03 3.653427e-03 3.622080e-03 3.585148e-03 3.542688e-03 3.494765e-03 3.441453e-03 3.382835e-03 3.319001e-03 3.250049e-03 3.176086e-03 3.097226e-03 3.013590e-03 2.925307e-03 2.832514e-03 2.735353e-03 2.633974e-03 2.528534e-03 2.419195e-03 2.306126e-03 2.189501e-03 2.069500e-03 1.946308e-03 1.820115e-03 1.691116e-03 1.559508e-03 1.425497e-03 1.289287e-03 1.151089e-03 1.011116e-03 8.695845e-04 7.267119e-04 5.827187e-04 4.378271e-04 2.922603e-04 1.462429e-04 9.065503e-16 1.462429e-04 2.922603e-04 4.378271e-04 5.827187e-04 7.267119e-04 8.695845e-04 1.011116e-03 1.151089e-03 1.289287e-03 1.425497e-03 1.559508e-03 1.691116e-03 1.820115e-03 1.946308e-03 2.069500e-03 2.189501e-03 2.306126e-03 2.419195e-03 2.528534e-03 2.633974e-03 2.735353e-03 2.832514e-03 2.925307e-03 3.013590e-03 3.097226e-03 3.176086e-03 3.250049e-03 3.319001e-03 3.382835e-03 3.441453e-03 3.494765e-03 3.542688e-03 3.585148e-03 3.622080e-03 3.653427e-03 3.679141e-03 3.699182e-03 3.713519e-03 3.722130e-03 3.725002e-03 
3.722130e-03 3.719261e-03 3.710656e-03 3.696330e-03 3.676305e-03 3.650611e-03 3.619288e-03 3.582384e-03 3.539956e-03 3.492070e-03 3.438800e-03 3.380227e-03 3.316442e-03 3.247544e-03 3.173638e-03 3.094838e-03 3.011267e-03 2.923052e-03 2.830330e-03 2.733244e-03 2.631944e-03 2.526585e-03 2.417330e-03 2.304348e-03 2.187813e-03 2.067905e-03 1.944808e-03 1.818712e-03 1.689812e-03 1.558306e-03 1.424398e-03 1.288293e-03 1.150202e-03 1.010337e-03 8.689141e-04 7.261516e-04 5.822695e-04 4.374895e-04 2.920350e-04 1.461301e-04 4.347341e-16 1.461301e-04 2.920350e-04 4.374895e-04 5.822695e-04 7.261516e-04 8.689141e-04 1.010337e-03 1.150202e-03 1.288293e-03 1.424398e-03 1.558306e-03 1.689812e-03 1.818712e-03 1.944808e-03 2.067905e-03 2.187813e-03 2.304348e-03 2.417330e-03 2.526585e-03 2.631944e-03 2.733244e-03 2.830330e-03 2.923052e-03 3.011267e-03 3.094838e-03 3.173638e-03 3.247544e-03 3.316442e-03 3.380227e-03 3.438800e-03 3.492070e-03 3.539956e-03 3.582384e-03 3.619288e-03 3.650611e-03 3.676305e-03 3.696330e-03 3.710656e-03 3.719261e-03 3.722130e-03 
3.713519e-03 3.710656e-03 3.702072e-03 3.687779e-03 3.667800e-03 3.642165e-03 3.610914e-03 3.574096e-03 3.531767e-03 3.483992e-03 3.430844e-03 3.372407e-03 3.308770e-03 3.240031e-03 3.166296e-03 3.087678e-03 3.004300e-03 2.916289e-03 2.823782e-03 2.726921e-03 2.625855e-03 2.520740e-03 2.411738e-03 2.299017e-03 2.182752e-03 2.063121e-03 1.940308e-03 1.814504e-03 1.685902e-03 1.554701e-03 1.421102e-03 1.285312e-03 1.147541e-03 1.007999e-03 8.669038e-04 7.244717e-04 5.809224e-04 4.364774e-04 2.913594e-04 1.457921e-04 6.811507e-16 1.457921e-04 2.913594e-04 4.364774e-04 5.809224e-04 7.244717e-04 8.669038e-04 1.007999e-03 1.147541e-03 1.285312e-03 1.421102e-03 1.554701e-03 1.685902e-03 1.814504e-03 1.940308e-03 2.063121e-03 2.182752e-03 2.299017e-03 2.411738e-03 2.520740e-03 2.625855e-03 2.726921e-03 2.823782e-03 2.916289e-03 3.004300e-03 3.087678e-03 3.166296e-03 3.240031e-03 3.308770e-03 3.372407e-03 3.430844e-03 3.483992e-03 3.531767e-03 3.574096e-03 3.610914e-03 3.642165e-03 3.667800e-03 3.687779e-03 3.702072e-03 3.710656e-03 3.713519e-03 
3.699182e-03 3.696330e-03 3.687779e-03 3.673541e-03 3.653639e-03 3.628103e-03 3.596973e-03 3.560297e-03 3.518131e-03 3.470541e-03 3.417599e-03 3.359387e-03 3.295995e-03 3.227522e-03 3.154071e-03 3.075758e-03 2.992701e-03 2.905030e-03 2.812880e-03 2.716393e-03 2.615717e-03 2.511008e-03 2.402427e-03 2.290141e-03 2.174325e-03 2.055155e-03 1.932817e-03 1.807499e-03 1.679394e-03 1.548699e-03 1.415616e-03 1.280350e-03 1.143110e-03 1.004108e-03 8.635569e-04 7.216746e-04 5.786796e-04 4.347922e-04 2.902345e-04 1.452292e-04 4.382075e-17 1.452292e-04 2.902345e-04 4.347922e-04 5.786796e-04 7.216746e-04 8.635569e-04 1.004108e-03 1.143110e-03 1.280350e-03 1.415616e-03 1.548699e-03 1.679394e-03 1.807499e-03 1.932817e-03 2.055155e-03 2.174325e-03 2.290141e-03 2.402427e-03 2.511008e-03 2.615717e-03 2.716393e-03 2.812880e-03 2.905030e-03 2.992701e-03 3.075758e-03 3.154071e-03 3.227522e-03 3.295995e-03 3.359387e-03 3.417599e-03 3.470541e-03 3.518131e-03 3.560297e-03 3.596973e-03 3.628103e-03 3.653639e-03 3.673541e-03 3.687779e-03 3.696330e-03 3.699182e-03 
3.679141e-03 3.676305e-03 3.667800e-03 3.653639e-03 3.633845e-03 3.608447e-03 3.577486e-03 3.541009e-03 3.499071e-03 3.451738e-03 3.399083e-03 3.341187e-03 3.278139e-03 3.210036e-03 3.136984e-03 3.059094e-03 2.976488e-03 2.889292e-03 2.797641e-03 2.701676e-03 2.601546e-03 2.497404e-03 2.389411e-03 2.277734e-03 2.162545e-03 2.044021e-03 1.922346e-03 1.797707e-03 1.670295e-03 1.540308e-03 1.407946e-03 1.273414e-03 1.136917e-03 9.986677e-04 8.588784e-04 7.177648e-04 5.755445e-04 4.324367e-04 2.886621e-04 1.444424e-04 9.208853e-16 1.444424e-04 2.886621e-04 4.324367e-04 5.755445e-04 7.177648e-04 8.588784e-04 9.986677e-04 1.136917e-03 1.273414e-03 1.407946e-03 1.540308e-03 1.670295e-03 1.797707e-03 1.922346e-03 2.044021e-03 2.162545e-03 2.277734e-03 2.389411e-03 2.497404e-03 2.601546e-03 2.701676e-03 2.797641e-03 2.889292e-03 2.976488e-03 3.059094e-03 3.136984e-03 3.210036e-03 3.278139e-03 3.341187e-03 3.399083e-03 3.451738e-03 3.499071e-03 3.541009e-03 3.577486e-03 3.608447e-03 3.633845e-03 3.653639e-03 3.667800e-03 3.676305e-03 3.679141e-03 
3.653427e-03 3.650611e-03 3.642165e-03 3.628103e-03 3.608447e-03 3.583228e-03 3.552483e-03 3.516260e-03 3.474616e-03 3.427614e-03 3.375327e-03 3.317835e-03 3.255228e-03 3.187601e-03 3.115059e-03 3.037714e-03 2.955685e-03 2.869098e-03 2.778088e-03 2.682794e-03 2.583363e-03 2.479949e-03 2.372711e-03 2.261815e-03 2.147431e-03 2.029735e-03 1.908910e-03 1.785142e-03 1.658621e-03 1.529543e-03 1.398106e-03 1.264513e-03 1.128971e-03 9.916879e-04 8.528757e-04 7.127483e-04 5.715219e-04 4.294143e-04 2.866446e-04 1.434329e-04 6.071180e-17 1.434329e-04 2.866446e-04 4.294143e-04 5.715219e-04 7.127483e-04 8.528757e-04 9.916879e-04 1.128971e-03 1.264513e-03 1.398106e-03 1.529543e-03 1.658621e-03 1.785142e-03 1.908910e-03 2.029735e-03 2.147431e-03 2.261815e-03 2.372711e-03 2.479949e-03 2.583363e-03 2.682794e-03 2.778088e-03 2.869098e-03 2.955685e-03 3.037714e-03 3.115059e-03 3.187601e-03 3.255228e-03 3.317835e-03 3.375327e-03 3.427614e-03 3.474616e-03 3.516260e-03 3.552483e-03 3.583228e-03 3.608447e-03 3.628103e-03 3.642165e-03 3.650611e-03 3.653427e-03 
3.622080e-03 3.619288e-03 3.610914e-03 3.596973e-03 3.577486e-03 3.552483e-03 3.522002e-03 3.486090e-03 3.444803e-03 3.398204e-03 3.346366e-03 3.289367e-03 3.227297e-03 3.160250e-03 3.088331e-03 3.011649e-03 2.930324e-03 2.844481e-03 2.754251e-03 2.659775e-03 2.561197e-03 2.458671e-03 2.352353e-03 2.242408e-03 2.129005e-03 2.012320e-03 1.892532e-03 1.769825e-03 1.644390e-03 1.516419e-03 1.386110e-03 1.253664e-03 1.119284e-03 9.831790e-04 8.455578e-04 7.066328e-04 5.666181e-04 4.257299e-04 2.841851e-04 1.422022e-04 1.948411e-15 1.422022e-04 2.841851e-04 4.257299e-04 5.666181e-04 7.066328e-04 8.455578e-04 9.831790e-04 1.119284e-03 1.253664e-03 1.386110e-03 1.516419e-03 1.644390e-03 1.769825e-03 1.892532e-03 2.012320e-03 2.129005e-03 2.242408e-03 2.352353e-03 2.458671e-03 2.561197e-03 2.659775e-03 2.754251e-03 2.844481e-03 2.930324e-03 3.011649e-03 3.088331e-03 3.160250e-03 3.227297e-03 3.289367e-03 3.346366e-03 3.398204e-03 3.444803e-03 3.486090e-03 3.522002e-03 3.552483e-03 3.577486e-03 3.596973e-03 3.610914e-03 3.619288e-03 3.622080e-03 
3.585148e-03 3.582384e-03 3.574096e-03 3.560297e-03 3.541009e-03 3.516260e-03 3.486090e-03 3.450544e-03 3.409678e-03 3.363555e-03 3.312245e-03 3.255827e-03 3.194390e-03 3.128027e-03 3.056841e-03 2.980941e-03 2.900445e-03 2.815477e-03 2.726168e-03 2.632655e-03 2.535082e-03 2.433601e-03 2.328367e-03 2.219543e-03 2.107297e-03 1.991801e-03 1.873235e-03 1.751779e-03 1.627623e-03 1.500957e-03 1.371977e-03 1.240881e-03 1.107872e-03 9.731541e-04 8.369361e-04 6.994276e-04 5.608407e-04 4.213889e-04 2.812875e-04 1.407522e-04 6.602454e-16 1.407522e-04 2.812875e-04 4.213889e-04 5.608407e-04 6.994276e-04 8.369361e-04 9.731541e-04 1.107872e-03 1.240881e-03 1.371977e-03 1.500957e-03 1.627623e-03 1.751779e-03 1.873235e-03 1.991801e-03 2.107297e-03 2.219543e-03 2.328367e-03 2.433601e-03 2.535082e-03 2.632655e-03 2.726168e-03 2.815477e-03 2.900445e-03 2.980941e-03 3.056841e-03 3.128027e-03 3.194390e-03 3.255827e-03 3.312245e-03 3.363555e-03 3.409678e-03 3.450544e-03 3.486090e-03 3.516260e-03 3.541009e-03 3.560297e-03 3.574096e-03 3.582384e-03 3.585148e-03 
3.542688e-03 3.539956e-03 3.531767e-03 3.518131e-03 3.499071e-03 3.474616e-03 3.444803e-03 3.409678e-03 3.369296e-03 3.323719e-03 3.273017e-03 3.217268e-03 3.156558e-03 3.090981e-03 3.020638e-03 2.945637e-03 2.866094e-03 2.782133e-03 2.693881e-03 2.601475e-03 2.505058e-03 2.404779e-03 2.300792e-03 2.193256e-03 2.082339e-03 1.968212e-03 1.851049e-03 1.731032e-03 1.608346e-03 1.483181e-03 1.355728e-03 1.226185e-03 1.094751e-03 9.616287e-04 8.270240e-04 6.911441e-04 5.541984e-04 4.163983e-04 2.779561e-04 1.390853e-04 1.144290e-15 1.390853e-04 2.779561e-04 4.163983e-04 5.541984e-04 6.911441e-04 8.270240e-04 9.616287e-04 1.094751e-03 1.226185e-03 1.355728e-03 1.483181e-03 1.608346e-03 1.731032e-03 1.851049e-03 1.968212e-03 2.082339e-03 2.193256e-03 2.300792e-03 2.404779e-03 2.505058e-03 2.601475e-03 2.693881e-03 2.782133e-03 2.866094e-03 2.945637e-03 3.020638e-03 3.090981e-03 3.156558e-03 3.217268e-03 3.273017e-03 3.323719e-03 3.369296e-03 3.409678e-03 3.444803e-03 3.474616e-03 3.499071e-03 3.518131e-03 3.531767e-03 3.539956e-03 3.542688e-03 
3.494765e-03 3.492070e-03 3.483992e-03 3.470541e-03 3.451738e-03 3.427614e-03 3.398204e-03 3.363555e-03 3.323719e-03 3.278758e-03 3.228742e-03 3.173747e-03 3.113858e-03 3.049168e-03 2.979777e-03 2.905791e-03 2.827324e-03 2.744498e-03 2.657440e-03 2.566284e-03 2.471172e-03 2.372249e-03 2.269668e-03 2.163588e-03 2.054171e-03 1.941587e-03 1.826010e-03 1.707616e-03 1.586590e-03 1.463117e-03 1.337389e-03 1.209598e-03 1.079942e-03 9.486205e-04 8.158366e-04 6.817948e-04 5.467016e-04 4.107655e-04 2.741961e-04 1.372038e-04 3.016926e-16 1.372038e-04 2.741961e-04 4.107655e-04 5.467016e-04 6.817948e-04 8.158366e-04 9.486205e-04 1.079942e-03 1.209598e-03 1.337389e-03 1.463117e-03 1.586590e-03 1.707616e-03 1.826010e-03 1.941587e-03 2.054171e-03 2.163588e-03 2.269668e-03 2.372249e-03 2.471172e-03 2.566284e-03 2.657440e-03 2.744498e-03 2.827324e-03 2.905791e-03 2.979777e-03 3.049168e-03 3.113858e-03 3.173747e-03 3.228742e-03 3.278758e-03 3.323719e-03 3.363555e-03 3.398204e-03 3.427614e-03 3.451738e-03 3.470541e-03 3.483992e-03 3.492070e-03 3.494765e-03 
3.441453e-03 3.438800e-03 3.430844e-03 3.417599e-03 3.399083e-03 3.375327e-03 3.346366e-03 3.312245e-03 3.273017e-03 3.228742e-03 3.179488e-03 3.125332e-03 3.066357e-03 3.002654e-03 2.934321e-03 2.861464e-03 2.784194e-03 2.702631e-03 2.616902e-03 2.527137e-03 2.433475e-03 2.336061e-03 2.235045e-03 2.130583e-03 2.022835e-03 1.911969e-03 1.798154e-03 1.681567e-03 1.562387e-03 1.440798e-03 1.316987e-03 1.191146e-03 1.063468e-03 9.341496e-04 8.033913e-04 6.713942e-04 5.383619e-04 4.044995e-04 2.700133e-04 1.351108e-04 7.428439e-16 1.351108e-04 2.700133e-04 4.044995e-04 5.383619e-04 6.713942e-04 8.033913e-04 9.341496e-04 1.063468e-03 1.191146e-03 1.316987e-03 1.440798e-03 1.562387e-03 1.681567e-03 1.798154e-03 1.911969e-03 2.022835e-03 2.130583e-03 2.235045e-03 2.336061e-03 2.433475e-03 2.527137e-03 2.616902e-03 2.702631e-03 2.784194e-03 2.861464e-03 2.934321e-03 3.002654e-03 3.066357e-03 3.125332e-03 3.179488e-03 3.228742e-03 3.273017e-03 3.312245e-03 3.346366e-03 3.375327e-03 3.399083e-03 3.417599e-03 3.430844e-03 3.438800e-03 3.441453e-03 
3.382835e-03 3.380227e-03 3.372407e-03 3.359387e-03 3.341187e-03 3.317835e-03 3.289367e-03 3.255827e-03 3.217268e-03 3.173747e-03 3.125332e-03 3.072099e-03 3.014128e-03 2.951510e-03 2.884341e-03 2.812725e-03 2.736771e-03 2.656598e-03 2.572328e-03 2.484092e-03 2.392026e-03 2.296271e-03 2.196976e-03 2.094293e-03 1.988381e-03 1.879403e-03 1.767527e-03 1.652925e-03 1.535775e-03 1.416257e-03 1.294555e-03 1.170857e-03 1.045354e-03 9.182383e-04 7.897072e-04 6.599584e-04 5.291920e-04 3.976097e-04 2.654142e-04 1.328095e-04 6.775088e-16 1.328095e-04 2.654142e-04 3.976097e-04 5.291920e-04 6.599584e-04 7.897072e-04 9.182383e-04 1.045354e-03 1.170857e-03 1.294555e-03 1.416257e-03 1.535775e-03 1.652925e-03 1.767527e-03 1.879403e-03 1.988381e-03 2.094293e-03 2.196976e-03 2.296271e-03 2.392026e-03 2.484092e-03 2.572328e-03 2.656598e-03 2.736771e-03 2.812725e-03 2.884341e-03 2.951510e-03 3.014128e-03 3.072099e-03 3.125332e-03 3.173747e-03 3.217268e-03 3.255827e-03 3.289367e-03 3.317835e-03 3.341187e-03 3.359387e-03 3.372407e-03 3.380227e-03 3.382835e-03 
3.319001e-03 3.316442e-03 3.308770e-03 3.295995e-03 3.278139e-03 3.255228e-03 3.227297e-03 3.194390e-03 3.156558e-03 3.113858e-03 3.066357e-03 3.014128e-03 2.957252e-03 2.895815e-03 2.829914e-03 2.759649e-03 2.685128e-03 2.606468e-03 2.523788e-03 2.437217e-03 2.346888e-03 2.252940e-03 2.155519e-03 2.054774e-03 1.950860e-03 1.843938e-03 1.734173e-03 1.621734e-03 1.506795e-03 1.389532e-03 1.270127e-03 1.148763e-03 1.025628e-03 9.009112e-04 7.748054e-04 6.475050e-04 5.192062e-04 3.901068e-04 2.604058e-04 1.303034e-04 6.816147e-16 1.303034e-04 2.604058e-04 3.901068e-04 5.192062e-04 6.475050e-04 7.748054e-04 9.009112e-04 1.025628e-03 1.148763e-03 1.270127e-03 1.389532e-03 1.506795e-03 1.621734e-03 1.734173e-03 1.843938e-03 1.950860e-03 2.054774e-03 2.155519e-03 2.252940e-03 2.346888e-03 2.437217e-03 2.523788e-03 2.606468e-03 2.685128e-03 2.759649e-03 2.829914e-03 2.895815e-03 2.957252e-03 3.014128e-03 3.066357e-03 3.113858e-03 3.156558e-03 3.194390e-03 3.227297e-03 3.255228e-03 3.278139e-03 3.295995e-03 3.308770e-03 3.316442e-03 3.319001e-03 
3.250049e-03 3.247544e-03 3.240031e-03 3.227522e-03 3.210036e-03 3.187601e-03 3.160250e-03 3.128027e-03 3.090981e-03 3.049168e-03 3.002654e-03 2.951510e-03 2.895815e-03 2.835655e-03 2.771123e-03 2.702317e-03 2.629345e-03 2.552319e-03 2.471357e-03 2.386584e-03 2.298132e-03 2.206136e-03 2.110738e-03 2.012086e-03 1.910331e-03 1.805631e-03 1.698146e-03 1.588043e-03 1.475492e-03 1.360665e-03 1.243740e-03 1.124898e-03 1.004321e-03 8.821949e-04 7.587090e-04 6.340532e-04 5.084198e-04 3.820024e-04 2.549959e-04 1.275963e-04 2.197540e-16 1.275963e-04 2.549959e-04 3.820024e-04 5.084198e-04 6.340532e-04 7.587090e-04 8.821949e-04 1.004321e-03 1.124898e-03 1.243740e-03 1.360665e-03 1.475492e-03 1.588043e-03 1.698146e-03 1.805631e-03 1.910331e-03 2.012086e-03 2.110738e-03 2.206136e-03 2.298132e-03 2.386584e-03 2.471357e-03 2.552319e-03 2.629345e-03 2.702317e-03 2.771123e-03 2.835655e-03 2.895815e-03 2.951510e-03 3.002654e-03 3.049168e-03 3.090981e-03 3.128027e-03 3.160250e-03 3.187601e-03 3.210036e-03 3.227522e-03 3.240031e-03 3.247544e-03 3.250049e-03 
3.176086e-03 3.173638e-03 3.166296e-03 3.154071e-03 3.136984e-03 3.115059e-03 3.088331e-03 3.056841e-03 3.020638e-03 2.979777e-03 2.934321e-03 2.884341e-03 2.829914e-03 2.771123e-03 2.708059e-03 2.640819e-03 2.569508e-03 2.494234e-03 2.415115e-03 2.332272e-03 2.245832e-03 2.155930e-03 2.062703e-03 1.966296e-03 1.866857e-03 1.764539e-03 1.659501e-03 1.551903e-03 1.441913e-03 1.329700e-03 1.215436e-03 1.099298e-03 9.814647e-04 8.621183e-04 7.414426e-04 6.196237e-04 4.968494e-04 3.733089e-04 2.491929e-04 1.246926e-04 7.801841e-16 1.246926e-04 2.491929e-04 3.733089e-04 4.968494e-04 6.196237e-04 7.414426e-04 8.621183e-04 9.814647e-04 1.099298e-03 1.215436e-03 1.329700e-03 1.441913e-03 1.551903e-03 1.659501e-03 1.764539e-03 1.866857e-03 1.966296e-03 2.062703e-03 2.155930e-03 2.245832e-03 2.332272e-03 2.415115e-03 2.494234e-03 2.569508e-03 2.640819e-03 2.708059e-03 2.771123e-03 2.829914e-03 2.884341e-03 2.934321e-03 2.979777e-03 3.020638e-03 3.056841e-03 3.088331e-03 3.115059e-03 3.136984e-03 3.154071e-03 3.166296e-03 3.173638e-03 3.176086e-03 
3.097226e-03 3.094838e-03 3.087678e-03 3.075758e-03 3.059094e-03 3.037714e-03 3.011649e-03 2.980941e-03 2.945637e-03 2.905791e-03 2.861464e-03 2.812725e-03 2.759649e-03 2.702317e-03 2.640819e-03 2.575249e-03 2.505709e-03 2.432304e-03 2.355149e-03 2.274363e-03 2.190070e-03 2.102399e-03 2.011487e-03 1.917474e-03 1.820504e-03 1.720727e-03 1.618296e-03 1.513370e-03 1.406111e-03 1.296684e-03 1.185257e-03 1.072003e-03 9.570955e-04 8.407124e-04 7.230331e-04 6.042388e-04 4.845129e-04 3.640399e-04 2.430056e-04 1.215965e-04 6.630092e-16 1.215965e-04 2.430056e-04 3.640399e-04 4.845129e-04 6.042388e-04 7.230331e-04 8.407124e-04 9.570955e-04 1.072003e-03 1.185257e-03 1.296684e-03 1.406111e-03 1.513370e-03 1.618296e-03 1.720727e-03 1.820504e-03 1.917474e-03 2.011487e-03 2.102399e-03 2.190070e-03 2.274363e-03 2.355149e-03 2.432304e-03 2.505709e-03 2.575249e-03 2.640819e-03 2.702317e-03 2.759649e-03 2.812725e-03 2.861464e-03 2.905791e-03 2.945637e-03 2.980941e-03 3.011649e-03 3.037714e-03 3.059094e-03 3.075758e-03 3.087678e-03 3.094838e-03 3.097226e-03 
3.013590e-03 3.011267e-03 3.004300e-03 2.992701e-03 2.976488e-03 2.955685e-03 2.930324e-03 2.900445e-03 2.866094e-03 2.827324e-03 2.784194e-03 2.736771e-03 2.685128e-03 2.629345e-03 2.569508e-03 2.505709e-03 2.438046e-03 2.366623e-03 2.291552e-03 2.212947e-03 2.130930e-03 2.045627e-03 1.957170e-03 1.865695e-03 1.771344e-03 1.674261e-03 1.574596e-03 1.472504e-03 1.368141e-03 1.261669e-03 1.153251e-03 1.043055e-03 9.312505e-04 8.180102e-04 7.035086e-04 5.879222e-04 4.714293e-04 3.542095e-04 2.364435e-04 1.183130e-04 1.798552e-16 1.183130e-04 2.364435e-04 3.542095e-04 4.714293e-04 5.879222e-04 7.035086e-04 8.180102e-04 9.312505e-04 1.043055e-03 1.153251e-03 1.261669e-03 1.368141e-03 1.472504e-03 1.574596e-03 1.674261e-03 1.771344e-03 1.865695e-03 1.957170e-03 2.045627e-03 2.130930e-03 2.212947e-03 2.291552e-03 2.366623e-03 2.438046e-03 2.505709e-03 2.569508e-03 2.629345e-03 2.685128e-03 2.736771e-03 2.784194e-03 2.827324e-03 2.866094e-03 2.900445e-03 2.930324e-03 2.955685e-03 2.976488e-03 2.992701e-03 3.004300e-03 3.011267e-03 3.013590e-03 
2.925307e-03 2.923052e-03 2.916289e-03 2.905030e-03 2.889292e-03 2.869098e-03 2.844481e-03 2.815477e-03 2.782133e-03 2.744498e-03 2.702631e-03 2.656598e-03 2.606468e-03 2.552319e-03 2.494234e-03 2.432304e-03 2.366623e-03 2.297293e-03 2.224421e-03 2.148119e-03 2.068505e-03 1.985701e-03 1.899835e-03 1.811040e-03 1.719452e-03 1.625214e-03 1.528469e-03 1.429367e-03 1.328062e-03 1.224708e-03 1.119467e-03 1.012499e-03 9.039696e-04 7.940467e-04 6.828994e-04 5.706991e-04 4.576189e-04 3.438330e-04 2.295170e-04 1.148470e-04 2.119604e-16 1.148470e-04 2.295170e-04 3.438330e-04 4.576189e-04 5.706991e-04 6.828994e-04 7.940467e-04 9.039696e-04 1.012499e-03 1.119467e-03 1.224708e-03 1.328062e-03 1.429367e-03 1.528469e-03 1.625214e-03 1.719452e-03 1.811040e-03 1.899835e-03 1.985701e-03 2.068505e-03 2.148119e-03 2.224421e-03 2.297293e-03 2.366623e-03 2.432304e-03 2.494234e-03 2.552319e-03 2.606468e-03 2.656598e-03 2.702631e-03 2.744498e-03 2.782133e-03 2.815477e-03 2.844481e-03 2.869098e-03 2.889292e-03 2.905030e-03 2.916289e-03 2.923052e-03 2.925307e-03 
2.832514e-03 2.830330e-03 2.823782e-03 2.812880e-03 2.797641e-03 2.778088e-03 2.754251e-03 2.726168e-03 2.693881e-03 2.657440e-03 2.616902e-03 2.572328e-03 2.523788e-03 2.471357e-03 2.415115e-03 2.355149e-03 2.291552e-03 2.224421e-03 2.153860e-03 2.079979e-03 2.002890e-03 1.922712e-03 1.839571e-03 1.753592e-03 1.664910e-03 1.573660e-03 1.479984e-03 1.384026e-03 1.285934e-03 1.185859e-03 1.083956e-03 9.803814e-04 8.752949e-04 7.688588e-04 6.612372e-04 5.525960e-04 4.431028e-04 3.329263e-04 2.222365e-04 1.112040e-04 3.932969e-16 1.112040e-04 2.222365e-04 3.329263e-04 4.431028e-04 5.525960e-04 6.612372e-04 7.688588e-04 8.752949e-04 9.803814e-04 1.083956e-03 1.185859e-03 1.285934e-03 1.384026e-03 1.479984e-03 1.573660e-03 1.664910e-03 1.753592e-03 1.839571e-03 1.922712e-03 2.002890e-03 2.079979e-03 2.153860e-03 2.224421e-03 2.291552e-03 2.355149e-03 2.415115e-03 2.471357e-03 2.523788e-03 2.572328e-03 2.616902e-03 2.657440e-03 2.693881e-03 2.726168e-03 2.754251e-03 2.778088e-03 2.797641e-03 2.812880e-03 2.823782e-03 2.830330e-03 2.832514e-03 
2.735353e-03 2.733244e-03 2.726921e-03 2.716393e-03 2.701676e-03 2.682794e-03 2.659775e-03 2.632655e-03 2.601475e-03 2.566284e-03 2.527137e-03 2.484092e-03 2.437217e-03 2.386584e-03 2.332272e-03 2.274363e-03 2.212947e-03 2.148119e-03 2.079979e-03 2.008631e-03 1.934187e-03 1.856760e-03 1.776470e-03 1.693440e-03 1.607800e-03 1.519681e-03 1.429218e-03 1.336552e-03 1.241824e-03 1.145182e-03 1.046774e-03 9.467523e-04 8.452705e-04 7.424854e-04 6.385555e-04 5.336409e-04 4.279035e-04 3.215063e-04 2.146133e-04 1.073895e-04 1.081216e-15 1.073895e-04 2.146133e-04 3.215063e-04 4.279035e-04 5.336409e-04 6.385555e-04 7.424854e-04 8.452705e-04 9.467523e-04 1.046774e-03 1.145182e-03 1.241824e-03 1.336552e-03 1.429218e-03 1.519681e-03 1.607800e-03 1.693440e-03 1.776470e-03 1.856760e-03 1.934187e-03 2.008631e-03 2.079979e-03 2.148119e-03 2.212947e-03 2.274363e-03 2.332272e-03 2.386584e-03 2.437217e-03 2.484092e-03 2.527137e-03 2.566284e-03 2.601475e-03 2.632655e-03 2.659775e-03 2.682794e-03 2.701676e-03 2.716393e-03 2.726921e-03 2.733244e-03 2.735353e-03 
2.633974e-03 2.631944e-03 2.625855e-03 2.615717e-03 2.601546e-03 2.583363e-03 2.561197e-03 2.535082e-03 2.505058e-03 2.471172e-03 2.433475e-03 2.392026e-03 2.346888e-03 2.298132e-03 2.245832e-03 2.190070e-03 2.130930e-03 2.068505e-03 2.002890e-03 1.934187e-03 1.862501e-03 1.787944e-03 1.710629e-03 1.630678e-03 1.548211e-03 1.463358e-03 1.376248e-03 1.287016e-03 1.195799e-03 1.102739e-03 1.007978e-03 9.116634e-04 8.139428e-04 7.149672e-04 6.148891e-04 5.138629e-04 4.120444e-04 3.095905e-04 2.066592e-04 1.034093e-04 2.899394e-16 1.034093e-04 2.066592e-04 3.095905e-04 4.120444e-04 5.138629e-04 6.148891e-04 7.149672e-04 8.139428e-04 9.116634e-04 1.007978e-03 1.102739e-03 1.195799e-03 1.287016e-03 1.376248e-03 1.463358e-03 1.548211e-03 1.630678e-03 1.710629e-03 1.787944e-03 1.862501e-03 1.934187e-03 2.002890e-03 2.068505e-03 2.130930e-03 2.190070e-03 2.245832e-03 2.298132e-03 2.346888e-03 2.392026e-03 2.433475e-03 2.471172e-03 2.505058e-03 2.535082e-03 2.561197e-03 2.583363e-03 2.601546e-03 2.615717e-03 2.625855e-03 2.631944e-03 2.633974e-03 
2.528534e-03 2.526585e-03 2.520740e-03 2.511008e-03 2.497404e-03 2.479949e-03 2.458671e-03 2.433601e-03 2.404779e-03 2.372249e-03 2.336061e-03 2.296271e-03 2.252940e-03 2.206136e-03 2.155930e-03 2.102399e-03 2.045627e-03 1.985701e-03 1.922712e-03 1.856760e-03 1.787944e-03 1.716371e-03 1.642152e-03 1.565400e-03 1.486235e-03 1.404778e-03 1.321155e-03 1.235496e-03 1.147931e-03 1.058595e-03 9.676282e-04 8.751688e-04 7.813600e-04 6.863465e-04 5.902746e-04 4.932926e-04 3.955499e-04 2.971973e-04 1.983865e-04 9.926979e-05 3.373470e-16 9.926979e-05 1.983865e-04 2.971973e-04 3.955499e-04 4.932926e-04 5.902746e-04 6.863465e-04 7.813600e-04 8.751688e-04 9.676282e-04 1.058595e-03 1.147931e-03 1.235496e-03 1.321155e-03 1.404778e-03 1.486235e-03 1.565400e-03 1.642152e-03 1.716371e-03 1.787944e-03 1.856760e-03 1.922712e-03 1.985701e-03 2.045627e-03 2.102399e-03 2.155930e-03 2.206136e-03 2.252940e-03 2.296271e-03 2.336061e-03 2.372249e-03 2.404779e-03 2.433601e-03 2.458671e-03 2.479949e-03 2.497404e-03 2.511008e-03 2.520740e-03 2.526585e-03 2.528534e-03 
2.419195e-03 2.417330e-03 2.411738e-03 2.402427e-03 2.389411e-03 2.372711e-03 2.352353e-03 2.328367e-03 2.300792e-03 2.269668e-03 2.235045e-03 2.196976e-03 2.155519e-03 2.110738e-03 2.062703e-03 2.011487e-03 1.957170e-03 1.899835e-03 1.839571e-03 1.776470e-03 1.710629e-03 1.642152e-03 1.571142e-03 1.497709e-03 1.421967e-03 1.344033e-03 1.264026e-03 1.182070e-03 1.098292e-03 1.012820e-03 9.257860e-04 8.373248e-04 7.475725e-04 6.566675e-04 5.647499e-04 4.719616e-04 3.784455e-04 2.843459e-04 1.898079e-04 9.497716e-05 4.529289e-16 9.497716e-05 1.898079e-04 2.843459e-04 3.784455e-04 4.719616e-04 5.647499e-04 6.566675e-04 7.475725e-04 8.373248e-04 9.257860e-04 1.012820e-03 1.098292e-03 1.182070e-03 1.264026e-03 1.344033e-03 1.421967e-03 1.497709e-03 1.571142e-03 1.642152e-03 1.710629e-03 1.776470e-03 1.839571e-03 1.899835e-03 1.957170e-03 2.011487e-03 2.062703e-03 2.110738e-03 2.155519e-03 2.196976e-03 2.235045e-03 2.269668e-03 2.300792e-03 2.328367e-03 2.352353e-03 2.372711e-03 2.389411e-03 2.402427e-03 2.411738e-03 2.417330e-03 2.419195e-03 
2.306126e-03 2.304348e-03 2.299017e-03 2.290141e-03 2.277734e-03 2.261815e-03 2.242408e-03 2.219543e-03 2.193256e-03 2.163588e-03 2.130583e-03 2.094293e-03 2.054774e-03 2.012086e-03 1.966296e-03 1.917474e-03 1.865695e-03 1.811040e-03 1.753592e-03 1.693440e-03 1.630678e-03 1.565400e-03 1.497709e-03 1.427709e-03 1.355507e-03 1.281215e-03 1.204948e-03 1.126822e-03 1.046959e-03 9.654822e-04 8.825163e-04 7.981896e-04 7.126322e-04 6.259760e-04 5.383545e-04 4.499029e-04 3.607576e-04 2.710561e-04 1.809366e-04 9.053809e-05 5.182410e-16 9.053809e-05 1.809366e-04 2.710561e-04 3.607576e-04 4.499029e-04 5.383545e-04 6.259760e-04 7.126322e-04 7.981896e-04 8.825163e-04 9.654822e-04 1.046959e-03 1.126822e-03 1.204948e-03 1.281215e-03 1.355507e-03 1.427709e-03 1.497709e-03 1.565400e-03 1.630678e-03 1.693440e-03 1.753592e-03 1.811040e-03 1.865695e-03 1.917474e-03 1.966296e-03 2.012086e-03 2.054774e-03 2.094293e-03 2.130583e-03 2.163588e-03 2.193256e-03 2.219543e-03 2.242408e-03 2.261815e-03 2.277734e-03 2.290141e-03 2.299017e-03 2.304348e-03 2.306126e-03 
2.189501e-03 2.187813e-03 2.182752e-03 2.174325e-03 2.162545e-03 2.147431e-03 2.129005e-03 2.107297e-03 2.082339e-03 2.054171e-03 2.022835e-03 1.988381e-03 1.950860e-03 1.910331e-03 1.866857e-03 1.820504e-03 1.771344e-03 1.719452e-03 1.664910e-03 1.607800e-03 1.548211e-03 1.486235e-03 1.421967e-03 1.355507e-03 1.286957e-03 1.216422e-03 1.144011e-03 1.069837e-03 9.940128e-04 9.166560e-04 8.378859e-04 7.578237e-04 6.765931e-04 5.943192e-04 5.111289e-04 4.271505e-04 3.425135e-04 2.573483e-04 1.717863e-04 8.595942e-05 3.223827e-17 8.595942e-05 1.717863e-04 2.573483e-04 3.425135e-04 4.271505e-04 5.111289e-04 5.943192e-04 6.765931e-04 7.578237e-04 8.378859e-04 9.166560e-04 9.940128e-04 1.069837e-03 1.144011e-03 1.216422e-03 1.286957e-03 1.355507e-03 1.421967e-03 1.486235e-03 1.548211e-03 1.607800e-03 1.664910e-03 1.719452e-03 1.771344e-03 1.820504e-03 1.866857e-03 1.910331e-03 1.950860e-03 1.988381e-03 2.022835e-03 2.054171e-03 2.082339e-03 2.107297e-03 2.129005e-03 2.147431e-03 2.162545e-03 2.174325e-03 2.182752e-03 2.187813e-03 2.189501e-03 
2.069500e-03 2.067905e-03 2.063121e-03 2.055155e-03 2.044021e-03 2.029735e-03 2.012320e-03 1.991801e-03 1.968212e-03 1.941587e-03 1.911969e-03 1.879403e-03 1.843938e-03 1.805631e-03 1.764539e-03 1.720727e-03 1.674261e-03 1.625214e-03 1.573660e-03 1.519681e-03 1.463358e-03 1.404778e-03 1.344033e-03 1.281215e-03 1.216422e-03 1.149753e-03 1.081311e-03 1.011202e-03 9.395335e-04 8.664164e-04 7.919635e-04 7.162894e-04 6.395108e-04 5.617461e-04 4.831152e-04 4.037395e-04 3.237412e-04 2.432437e-04 1.623711e-04 8.124820e-05 5.153961e-16 8.124820e-05 1.623711e-04 2.432437e-04 3.237412e-04 4.037395e-04 4.831152e-04 5.617461e-04 6.395108e-04 7.162894e-04 7.919635e-04 8.664164e-04 9.395335e-04 1.011202e-03 1.081311e-03 1.149753e-03 1.216422e-03 1.281215e-03 1.344033e-03 1.404778e-03 1.463358e-03 1.519681e-03 1.573660e-03 1.625214e-03 1.674261e-03 1.720727e-03 1.764539e-03 1.805631e-03 1.843938e-03 1.879403e-03 1.911969e-03 1.941587e-03 1.968212e-03 1.991801e-03 2.012320e-03 2.029735e-03 2.044021e-03 2.055155e-03 2.063121e-03 2.067905e-03 2.069500e-03 
1.946308e-03 1.944808e-03 1.940308e-03 1.932817e-03 1.922346e-03 1.908910e-03 1.892532e-03 1.873235e-03 1.851049e-03 1.826010e-03 1.798154e-03 1.767527e-03 1.734173e-03 1.698146e-03 1.659501e-03 1.618296e-03 1.574596e-03 1.528469e-03 1.479984e-03 1.429218e-03 1.376248e-03 1.321155e-03 1.264026e-03 1.204948e-03 1.144011e-03 1.081311e-03 1.016943e-03 9.510076e-04 8.836055e-04 8.148409e-04 7.448199e-04 6.736505e-04 6.014423e-04 5.283068e-04 4.543566e-04 3.797059e-04 3.044697e-04 2.287640e-04 1.527056e-04 7.641170e-05 2.685589e-16 7.641170e-05 1.527056e-04 2.287640e-04 3.044697e-04 3.797059e-04 4.543566e-04 5.283068e-04 6.014423e-04 6.736505e-04 7.448199e-04 8.148409e-04 8.836055e-04 9.510076e-04 1.016943e-03 1.081311e-03 1.144011e-03 1.204948e-03 1.264026e-03 1.321155e-03 1.376248e-03 1.429218e-03 1.479984e-03 1.528469e-03 1.574596e-03 1.618296e-03 1.659501e-03 1.698146e-03 1.734173e-03 1.767527e-03 1.798154e-03 1.826010e-03 1.851049e-03 1.873235e-03 1.892532e-03 1.908910e-03 1.922346e-03 1.932817e-03 1.940308e-03 1.944808e-03 1.946308e-03 
1.820115e-03 1.818712e-03 1.814504e-03 1.807499e-03 1.797707e-03 1.785142e-03 1.769825e-03 1.751779e-03 1.731032e-03 1.707616e-03 1.681567e-03 1.652925e-03 1.621734e-03 1.588043e-03 1.551903e-03 1.513370e-03 1.472504e-03 1.429367e-03 1.384026e-03 1.336552e-03 1.287016e-03 1.235496e-03 1.182070e-03 1.126822e-03 1.069837e-03 1.011202e-03 9.510076e-04 8.893469e-04 8.263150e-04 7.620089e-04 6.965279e-04 6.299729e-04 5.624465e-04 4.940529e-04 4.248974e-04 3.550869e-04 2.847287e-04 2.139316e-04 1.428046e-04 7.145739e-05 5.768631e-16 7.145739e-05 1.428046e-04 2.139316e-04 2.847287e-04 3.550869e-04 4.248974e-04 4.940529e-04 5.624465e-04 6.299729e-04 6.965279e-04 7.620089e-04 8.263150e-04 8.893469e-04 9.510076e-04 1.011202e-03 1.069837e-03 1.126822e-03 1.182070e-03 1.235496e-03 1.287016e-03 1.336552e-03 1.384026e-03 1.429367e-03 1.472504e-03 1.513370e-03 1.551903e-03 1.588043e-03 1.621734e-03 1.652925e-03 1.681567e-03 1.707616e-03 1.731032e-03 1.751779e-03 1.769825e-03 1.785142e-03 1.797707e-03 1.807499e-03 1.814504e-03 1.818712e-03 1.820115e-03 
1.691116e-03 1.689812e-03 1.685902e-03 1.679394e-03 1.670295e-03 1.658621e-03 1.644390e-03 1.627623e-03 1.608346e-03 1.586590e-03 1.562387e-03 1.535775e-03 1.506795e-03 1.475492e-03 1.441913e-03 1.406111e-03 1.368141e-03 1.328062e-03 1.285934e-03 1.241824e-03 1.195799e-03 1.147931e-03 1.098292e-03 1.046959e-03 9.940128e-04 9.395335e-04 8.836055e-04 8.263150e-04 7.677504e-04 7.080020e-04 6.471619e-04 5.853239e-04 5.225835e-04 4.590372e-04 3.947831e-04 3.299203e-04 2.645488e-04 1.987693e-04 1.326834e-04 6.639289e-05 2.996208e-16 6.639289e-05 1.326834e-04 1.987693e-04 2.645488e-04 3.299203e-04 3.947831e-04 4.590372e-04 5.225835e-04 5.853239e-04 6.471619e-04 7.080020e-04 7.677504e-04 8.263150e-04 8.836055e-04 9.395335e-04 9.940128e-04 1.046959e-03 1.098292e-03 1.147931e-03 1.195799e-03 1.241824e-03 1.285934e-03 1.328062e-03 1.368141e-03 1.406111e-03 1.441913e-03 1.475492e-03 1.506795e-03 1.535775e-03 1.562387e-03 1.586590e-03 1.608346e-03 1.627623e-03 1.644390e-03 1.658621e-03 1.670295e-03 1.679394e-03 1.685902e-03 1.689812e-03 1.691116e-03 
1.559508e-03 1.558306e-03 1.554701e-03 1.548699e-03 1.540308e-03 1.529543e-03 1.516419e-03 1.500957e-03 1.483181e-03 1.463117e-03 1.440798e-03 1.416257e-03 1.389532e-03 1.360665e-03 1.329700e-03 1.296684e-03 1.261669e-03 1.224708e-03 1.185859e-03 1.145182e-03 1.102739e-03 1.058595e-03 1.012820e-03 9.654822e-04 9.166560e-04 8.664164e-04 8.148409e-04 7.620089e-04 7.080020e-04 6.529034e-04 5.967980e-04 5.397725e-04 4.819146e-04 4.233137e-04 3.640600e-04 3.042450e-04 2.439609e-04 1.833006e-04 1.223576e-04 6.122601e-05 4.250710e-16 6.122601e-05 1.223576e-04 1.833006e-04 2.439609e-04 3.042450e-04 3.640600e-04 4.233137e-04 4.819146e-04 5.397725e-04 5.967980e-04 6.529034e-04 7.080020e-04 7.620089e-04 8.148409e-04 8.664164e-04 9.166560e-04 9.654822e-04 1.012820e-03 1.058595e-03 1.102739e-03 1.145182e-03 1.185859e-03 1.224708e-03 1.261669e-03 1.296684e-03 1.329700e-03 1.360665e-03 1.389532e-03 1.416257e-03 1.440798e-03 1.463117e-03 1.483181e-03 1.500957e-03 1.516419e-03 1.529543e-03 1.540308e-03 1.548699e-03 1.554701e-03 1.558306e-03 1.559508e-03 
1.425497e-03 1.424398e-03 1.421102e-03 1.415616e-03 1.407946e-03 1.398106e-03 1.386110e-03 1.371977e-03 1.355728e-03 1.337389e-03 1.316987e-03 1.294555e-03 1.270127e-03 1.243740e-03 1.215436e-03 1.185257e-03 1.153251e-03 1.119467e-03 1.083956e-03 1.046774e-03 1.007978e-03 9.676282e-04 9.257860e-04 8.825163e-04 8.378859e-04 7.919635e-04 7.448199e-04 6.965279e-04 6.471619e-04 5.967980e-04 5.455139e-04 4.933887e-04 4.405027e-04 3.869374e-04 3.327756e-04 2.781006e-04 2.229968e-04 1.675492e-04 1.118432e-04 5.596473e-05 4.576322e-16 5.596473e-05 1.118432e-04 1.675492e-04 2.229968e-04 2.781006e-04 3.327756e-04 3.869374e-04 4.405027e-04 4.933887e-04 5.455139e-04 5.967980e-04 6.471619e-04 6.965279e-04 7.448199e-04 7.919635e-04 8.378859e-04 8.825163e-04 9.257860e-04 9.676282e-04 1.007978e-03 1.046774e-03 1.083956e-03 1.119467e-03 1.153251e-03 1.185257e-03 1.215436e-03 1.243740e-03 1.270127e-03 1.294555e-03 1.316987e-03 1.337389e-03 1.355728e-03 1.371977e-03 1.386110e-03 1.398106e-03 1.407946e-03 1.415616e-03 1.421102e-03 1.424398e-03 1.425497e-03 
1.289287e-03 1.288293e-03 1.285312e-03 1.280350e-03 1.273414e-03 1.264513e-03 1.253664e-03 1.240881e-03 1.226185e-03 1.209598e-03 1.191146e-03 1.170857e-03 1.148763e-03 1.124898e-03 1.099298e-03 1.072003e-03 1.043055e-03 1.012499e-03 9.803814e-04 9.467523e-04 9.116634e-04 8.751688e-04 8.373248e-04 7.981896e-04 7.578237e-04 7.162894e-04 6.736505e-04 6.299729e-04 5.853239e-04 5.397725e-04 4.933887e-04 4.462441e-04 3.984115e-04 3.499646e-04 3.009780e-04 2.515274e-04 2.016889e-04 1.515394e-04 1.011563e-04 5.061716e-05 2.088783e-16 5.061716e-05 1.011563e-04 1.515394e-04 2.016889e-04 2.515274e-04 3.009780e-04 3.499646e-04 3.984115e-04 4.462441e-04 4.933887e-04 5.397725e-04 5.853239e-04 6.299729e-04 6.736505e-04 7.162894e-04 7.578237e-04 7.981896e-04 8.373248e-04 8.751688e-04 9.116634e-04 9.467523e-04 9.803814e-04 1.012499e-03 1.043055e-03 1.072003e-03 1.099298e-03 1.124898e-03 1.148763e-03 1.170857e-03 1.191146e-03 1.209598e-03 1.226185e-03 1.240881e-03 1.253664e-03 1.264513e-03 1.273414e-03 1.280350e-03 1.285312e-03 1.288293e-03 1.289287e-03 
1.151089e-03 1.150202e-03 1.147541e-03 1.143110e-03 1.136917e-03 1.128971e-03 1.119284e-03 1.107872e-03 1.094751e-03 1.079942e-03 1.063468e-03 1.045354e-03 1.025628e-03 1.004321e-03 9.814647e-04 9.570955e-04 9.312505e-04 9.039696e-04 8.752949e-04 8.452705e-04 8.139428e-04 7.813600e-04 7.475725e-04 7.126322e-04 6.765931e-04 6.395108e-04 6.014423e-04 5.624465e-04 5.225835e-04 4.819146e-04 4.405027e-04 3.984115e-04 3.557060e-04 3.124521e-04 2.687164e-04 2.245663e-04 1.800700e-04 1.352960e-04 9.031340e-05 4.519154e-05 3.892445e-16 4.519154e-05 9.031340e-05 1.352960e-04 1.800700e-04 2.245663e-04 2.687164e-04 3.124521e-04 3.557060e-04 3.984115e-04 4.405027e-04 4.819146e-04 5.225835e-04 5.624465e-04 6.014423e-04 6.395108e-04 6.765931e-04 7.126322e-04 7.475725e-04 7.813600e-04 8.139428e-04 8.452705e-04 8.752949e-04 9.039696e-04 9.312505e-04 9.570955e-04 9.814647e-04 1.004321e-03 1.025628e-03 1.045354e-03 1.063468e-03 1.079942e-03 1.094751e-03 1.107872e-03 1.119284e-03 1.128971e-03 1.136917e-03 1.143110e-03 1.147541e-03 1.150202e-03 1.151089e-03 
1.011116e-03 1.010337e-03 1.007999e-03 1.004108e-03 9.986677e-04 9.916879e-04 9.831790e-04 9.731541e-04 9.616287e-04 9.486205e-04 9.341496e-04 9.182383e-04 9.009112e-04 8.821949e-04 8.621183e-04 8.407124e-04 8.180102e-04 7.940467e-04 7.688588e-04 7.424854e-04 7.149672e-04 6.863465e-04 6.566675e-04 6.259760e-04 5.943192e-04 5.617461e-04 5.283068e-04 4.940529e-04 4.590372e-04 4.233137e-04 3.869374e-04 3.499646e-04 3.124521e-04 2.744578e-04 2.360404e-04 1.972590e-04 1.581734e-04 1.188440e-04 7.933127e-05 3.969624e-05 4.664044e-18 3.969624e-05 7.933127e-05 1.188440e-04 1.581734e-04 1.972590e-04 2.360404e-04 2.744578e-04 3.124521e-04 3.499646e-04 3.869374e-04 4.233137e-04 4.590372e-04 4.940529e-04 5.283068e-04 5.617461e-04 5.943192e-04 6.259760e-04 6.566675e-04 6.863465e-04 7.149672e-04 7.424854e-04 7.688588e-04 7.940467e-04 8.180102e-04 8.407124e-04 8.621183e-04 8.821949e-04 9.009112e-04 9.182383e-04 9.341496e-04 9.486205e-04 9.616287e-04 9.731541e-04 9.831790e-04 9.916879e-04 9.986677e-04 1.004108e-03 1.007999e-03 1.010337e-03 1.011116e-03 
8.695845e-04 8.689141e-04 8.669038e-04 8.635569e-04 8.588784e-04 8.528757e-04 8.455578e-04 8.369361e-04 8.270240e-04 8.158366e-04 8.033913e-04 7.897072e-04 7.748054e-04 7.587090e-04 7.414426e-04 7.230331e-04 7.035086e-04 6.828994e-04 6.612372e-04 6.385555e-04 6.148891e-04 5.902746e-04 5.647499e-04 5.383545e-04 5.111289e-04 4.831152e-04 4.543566e-04 4.248974e-04 3.947831e-04 3.640600e-04 3.327756e-04 3.009780e-04 2.687164e-04 2.360404e-04 2.030005e-04 1.696475e-04 1.360330e-04 1.022087e-04 6.822681e-05 3.413973e-05 3.885817e-16 3.413973e-05 6.822681e-05 1.022087e-04 1.360330e-04 1.696475e-04 2.030005e-04 2.360404e-04 2.687164e-04 3.009780e-04 3.327756e-04 3.640600e-04 3.947831e-04 4.248974e-04 4.543566e-04 4.831152e-04 5.111289e-04 5.383545e-04 5.647499e-04 5.902746e-04 6.148891e-04 6.385555e-04 6.612372e-04 6.828994e-04 7.035086e-04 7.230331e-04 7.414426e-04 7.587090e-04 7.748054e-04 7.897072e-04 8.033913e-04 8.158366e-04 8.270240e-04 8.369361e-04 8.455578e-04 8.528757e-04 8.588784e-04 8.635569e-04 8.669038e-04 8.689141e-04 8.695845e-04 
7.267119e-04 7.261516e-04 7.244717e-04 7.216746e-04 7.177648e-04 7.127483e-04 7.066328e-04 6.994276e-04 6.911441e-04 6.817948e-04 6.713942e-04 6.599584e-04 6.475050e-04 6.340532e-04 6.196237e-04 6.042388e-04 5.879222e-04 5.706991e-04 5.525960e-04 5.336409e-04 5.138629e-04 4.932926e-04 4.719616e-04 4.499029e-04 4.271505e-04 4.037395e-04 3.797059e-04 3.550869e-04 3.299203e-04 3.042450e-04 2.781006e-04 2.515274e-04 2.245663e-04 1.972590e-04 1.696475e-04 1.417745e-04 1.136828e-04 8.541582e-05 5.701716e-05 2.853057e-05 1.638043e-16 2.853057e-05 5.701716e-05 8.541582e-05 1.136828e-04 1.417745e-04 1.696475e-04 1.972590e-04 2.245663e-04 2.515274e-04 2.781006e-04 3.042450e-04 3.299203e-04 3.550869e-04 3.797059e-04 4.037395e-04 4.271505e-04 4.499029e-04 4.719616e-04 4.932926e-04 5.138629e-04 5.336409e-04 5.525960e-04 5.706991e-04 5.879222e-04 6.042388e-04 6.196237e-04 6.340532e-04 6.475050e-04 6.599584e-04 6.713942e-04 6.817948e-04 6.911441e-04 6.994276e-04 7.066328e-04 7.127483e-04 7.177648e-04 7.216746e-04 7.244717e-04 7.261516e-04 7.267119e-04 
5.827187e-04 5.822695e-04 5.809224e-04 5.786796e-04 5.755445e-04 5.715219e-04 5.666181e-04 5.608407e-04 5.541984e-04 5.467016e-04 5.383619e-04 5.291920e-04 5.192062e-04 5.084198e-04 4.968494e-04 4.845129e-04 4.714293e-04 4.576189e-04 4.431028e-04 4.279035e-04 4.120444e-04 3.955499e-04 3.784455e-04 3.607576e-04 3.425135e-04 3.237412e-04 3.044697e-04 2.847287e-04 2.645488e-04 2.439609e-04 2.229968e-04 2.016889e-04 1.800700e-04 1.581734e-04 1.360330e-04 1.136828e-04 9.115729e-05 6.849124e-05 4.571958e-05 2.287743e-05 2.036580e-16 2.287743e-05 4.571958e-05 6.849124e-05 9.115729e-05 1.136828e-04 1.360330e-04 1.581734e-04 1.800700e-04 2.016889e-04 2.229968e-04 2.439609e-04 2.645488e-04 2.847287e-04 3.044697e-04 3.237412e-04 3.425135e-04 3.607576e-04 3.784455e-04 3.955499e-04 4.120444e-04 4.279035e-04 4.431028e-04 4.576189e-04 4.714293e-04 4.845129e-04 4.968494e-04 5.084198e-04 5.192062e-04 5.291920e-04 5.383619e-04 5.467016e-04 5.541984e-04 5.608407e-04 5.666181e-04 5.715219e-04 5.755445e-04 5.786796e-04 5.809224e-04 5.822695e-04 5.827187e-04 
