8.706352e-04 8.599163e-04 8.280233e-04 7.757417e-04 7.043587e-04 6.156321e-04 5.117465e-04 3.952601e-04 2.690411e-04 1.361974e-04 1.759172e-16 1.361974e-04 2.690411e-04 3.952601e-04 5.117465e-04 6.156321e-04 7.043587e-04 7.757417e-04 8.280233e-04 8.599163e-04 8.706352e-04 
8.599163e-04 8.493293e-04 8.178290e-04 7.661910e-04 6.956869e-04 6.080526e-04 5.054461e-04 3.903938e-04 2.657287e-04 1.345205e-04 8.525430e-17 1.345205e-04 2.657287e-04 3.903938e-04 5.054461e-04 6.080526e-04 6.956869e-04 7.661910e-04 8.178290e-04 8.493293e-04 8.599163e-04 
8.280233e-04 8.178290e-04 7.874970e-04 7.377742e-04 6.698849e-04 5.855009e-04 4.866999e-04 3.759147e-04 2.558733e-04 1.295314e-04 2.144378e-17 1.295314e-04 2.558733e-04 3.759147e-04 4.866999e-04 5.855009e-04 6.698849e-04 7.377742e-04 7.874970e-04 8.178290e-04 8.280233e-04 
7.757417e-04 7.661910e-04 7.377742e-04 6.911909e-04 6.275882e-04 5.485322e-04 4.559695e-04 3.521793e-04 2.397174e-04 1.213527e-04 4.216694e-16 1.213527e-04 2.397174e-04 3.521793e-04 4.559695e-04 5.485322e-04 6.275882e-04 6.911909e-04 7.377742e-04 7.661910e-04 7.757417e-04 
7.043587e-04 6.956869e-04 6.698849e-04 6.275882e-04 5.698381e-04 4.980568e-04 4.140116e-04 3.197722e-04 2.176588e-04 1.101860e-04 1.158705e-17 1.101860e-04 2.176588e-04 3.197722e-04 4.140116e-04 4.980568e-04 5.698381e-04 6.275882e-04 6.698849e-04 6.956869e-04 7.043587e-04 
6.156321e-04 6.080526e-04 5.855009e-04 5.485322e-04 4.980568e-04 4.353176e-04 3.618595e-04 2.794911e-04 1.902408e-04 9.630607e-05 1.442226e-16 9.630607e-05 1.902408e-04 2.794911e-04 3.618595e-04 4.353176e-04 4.980568e-04 5.485322e-04 5.855009e-04 6.080526e-04 6.156321e-04 
5.117465e-04 5.054461e-04 4.866999e-04 4.559695e-04 4.140116e-04 3.618595e-04 3.007971e-04 2.323281e-04 1.581384e-04 8.005480e-05 1.189744e-16 8.005480e-05 1.581384e-04 2.323281e-04 3.007971e-04 3.618595e-04 4.140116e-04 4.559695e-04 4.866999e-04 5.054461e-04 5.117465e-04 
3.952601e-04 3.903938e-04 3.759147e-04 3.521793e-04 3.197722e-04 2.794911e-04 2.323281e-04 1.794443e-04 1.221421e-04 6.183231e-05 7.237204e-17 6.183231e-05 1.221421e-04 1.794443e-04 2.323281e-04 2.794911e-04 3.197722e-04 3.521793e-04 3.759147e-04 3.903938e-04 3.952601e-04 
2.690411e-04 2.657287e-04 2.558733e-04 2.397174e-04 2.176588e-04 1.902408e-04 1.581384e-04 1.221421e-04 8.313827e-05 4.208730e-05 6.004893e-17 4.208730e-05 8.313827e-05 1.221421e-04 1.581384e-04 1.902408e-04 2.176588e-04 2.397174e-04 2.558733e-04 2.657287e-04 2.690411e-04 
1.361974e-04 1.345205e-04 1.295314e-04 1.213527e-04 1.101860e-04 9.630607e-05 8.005480e-05 6.183231e-05 4.208730e-05 2.130596e-05 1.289752e-16 2.130596e-05 4.208730e-05 6.183231e-05 8.005480e-05 9.630607e-05 1.101860e-04 1.213527e-04 1.295314e-04 1.345205e-04 1.361974e-04 
1.181587e-16 9.336667e-17 8.072680e-17 7.795299e-17 6.268249e-17 6.570923e-17 7.720917e-17 7.806567e-17 7.488450e-17 6.798662e-17 6.255099e-17 6.038329e-17 7.132510e-17 5.971439e-17 6.859512e-17 6.176900e-17 7.196533e-17 6.858952e-17 9.591667e-17 1.153998e-16 8.676835e-17 
1.361974e-04 1.345205e-04 1.295314e-04 1.213527e-04 1.101860e-04 9.630607e-05 8.005480e-05 6.183231e-05 4.208730e-05 2.130596e-05 1.312333e-16 2.130596e-05 4.208730e-05 6.183231e-05 8.005480e-05 9.630607e-05 1.101860e-04 1.213527e-04 1.295314e-04 1.345205e-04 1.361974e-04 
2.690411e-04 2.657287e-04 2.558733e-04 2.397174e-04 2.176588e-04 1.902408e-04 1.581384e-04 1.221421e-04 8.313827e-05 4.208730e-05 1.134234e-16 4.208730e-05 8.313827e-05 1.221421e-04 1.581384e-04 1.902408e-04 2.176588e-04 2.397174e-04 2.558733e-04 2.657287e-04 2.690411e-04 
3.952601e-04 3.903938e-04 3.759147e-04 3.521793e-04 3.197722e-04 2.794911e-04 2.323281e-04 1.794443e-04 1.221421e-04 6.183231e-05 4.808591e-17 6.183231e-05 1.221421e-04 1.794443e-04 2.323281e-04 2.794911e-04 3.197722e-04 3.521793e-04 3.759147e-04 3.903938e-04 3.952601e-04 
5.117465e-04 5.054461e-04 4.866999e-04 4.559695e-04 4.140116e-04 3.618595e-04 3.007971e-04 2.323281e-04 1.581384e-04 8.005480e-05 1.447035e-16 8.005480e-05 1.581384e-04 2.323281e-04 3.007971e-04 3.618595e-04 4.140116e-04 4.559695e-04 4.866999e-04 5.054461e-04 5.117465e-04 
6.156321e-04 6.080526e-04 5.855009e-04 5.485322e-04 4.980568e-04 4.353176e-04 3.618595e-04 2.794911e-04 1.902408e-04 9.630607e-05 3.320034e-17 9.630607e-05 1.902408e-04 2.794911e-04 3.618595e-04 4.353176e-04 4.980568e-04 5.485322e-04 5.855009e-04 6.080526e-04 6.156321e-04 
7.043587e-04 6.956869e-04 6.698849e-04 6.275882e-04 5.698381e-04 4.980568e-04 4.140116e-04 3.197722e-04 2.176588e-04 1.101860e-04 1.295482e-16 1.101860e-04 2.176588e-04 3.197722e-04 4.140116e-04 4.980568e-04 5.698381e-04 6.275882e-04 6.698849e-04 6.956869e-04 7.043587e-04 
7.757417e-04 7.661910e-04 7.377742e-04 6.911909e-04 6.275882e-04 5.485322e-04 4.559695e-04 3.521793e-04 2.397174e-04 1.213527e-04 1.542588e-16 1.213527e-04 2.397174e-04 3.521793e-04 4.559695e-04 5.485322e-04 6.275882e-04 6.911909e-04 7.377742e-04 7.661910e-04 7.757417e-04 
8.280233e-04 8.178290e-04 7.874970e-04 7.377742e-04 6.698849e-04 5.855009e-04 4.866999e-04 3.759147e-04 2.558733e-04 1.295314e-04 7.001603e-17 1.295314e-04 2.558733e-04 3.759147e-04 4.866999e-04 5.855009e-04 6.698849e-04 7.377742e-04 7.874970e-04 8.178290e-04 8.280233e-04 
8.599163e-04 8.493293e-04 8.178290e-04 7.661910e-04 6.956869e-04 6.080526e-04 5.054461e-04 3.903938e-04 2.657287e-04 1.345205e-04 8.821805e-17 1.345205e-04 2.657287e-04 3.903938e-04 5.054461e-04 6.080526e-04 6.956869e-04 7.661910e-04 8.178290e-04 8.493293e-04 8.599163e-04 
8.706352e-04 8.599163e-04 8.280233e-04 7.757417e-04 7.043587e-04 6.156321e-04 5.117465e-04 3.952601e-04 2.690411e-04 1.361974e-04 6.000522e-17 1.361974e-04 2.690411e-04 3.952601e-04 5.117465e-04 6.156321e-04 7.043587e-04 7.757417e-04 8.280233e-04 8.599163e-04 8.706352e-04 
