6.065307e-01 5.990633e-01 5.768449e-01 5.404228e-01 4.906936e-01 4.288819e-01 3.565098e-01 2.753592e-01 1.874283e-01 9.488230e-02 3.713929e-17 -9.488230e-02 -1.874283e-01 -2.753592e-01 -3.565098e-01 -4.288819e-01 -4.906936e-01 -5.404228e-01 -5.768449e-01 -5.990633e-01 -6.065307e-01 
5.990633e-01 5.916878e-01 5.697430e-01 5.337693e-01 4.846524e-01 4.236017e-01 3.521205e-01 2.719690e-01 1.851207e-01 9.371414e-02 3.668205e-17 -9.371414e-02 -1.851207e-01 -2.719690e-01 -3.521205e-01 -4.236017e-01 -4.846524e-01 -5.337693e-01 -5.697430e-01 -5.916878e-01 -5.990633e-01 
5.768449e-01 5.697430e-01 5.486121e-01 5.139726e-01 4.666774e-01 4.078910e-01 3.390609e-01 2.618821e-01 1.782549e-01 9.023843e-02 3.532157e-17 -9.023843e-02 -1.782549e-01 -2.618821e-01 -3.390609e-01 -4.078910e-01 -4.666774e-01 -5.139726e-01 -5.486121e-01 -5.697430e-01 -5.768449e-01 
5.404228e-01 5.337693e-01 5.139726e-01 4.815202e-01 4.372112e-01 3.821366e-01 3.176525e-01 2.453468e-01 1.669998e-01 8.454075e-02 3.309135e-17 -8.454075e-02 -1.669998e-01 -2.453468e-01 -3.176525e-01 -3.821366e-01 -4.372112e-01 -4.815202e-01 -5.139726e-01 -5.337693e-01 -5.404228e-01 
4.906936e-01 4.846524e-01 4.666774e-01 4.372112e-01 3.969795e-01 3.469728e-01 2.884225e-01 2.227702e-01 1.516327e-01 7.676139e-02 3.004632e-17 -7.676139e-02 -1.516327e-01 -2.227702e-01 -2.884225e-01 -3.469728e-01 -3.969795e-01 -4.372112e-01 -4.666774e-01 -4.846524e-01 -4.906936e-01 
4.288819e-01 4.236017e-01 4.078910e-01 3.821366e-01 3.469728e-01 3.032653e-01 2.520905e-01 1.947083e-01 1.325318e-01 6.709192e-02 2.626144e-17 -6.709192e-02 -1.325318e-01 -1.947083e-01 -2.520905e-01 -3.032653e-01 -3.469728e-01 -3.821366e-01 -4.078910e-01 -4.236017e-01 -4.288819e-01 
3.565098e-01 3.521205e-01 3.390609e-01 3.176525e-01 2.884225e-01 2.520905e-01 2.095512e-01 1.618521e-01 1.101676e-01 5.577042e-02 2.182993e-17 -5.577042e-02 -1.101676e-01 -1.618521e-01 -2.095512e-01 -2.520905e-01 -2.884225e-01 -3.176525e-01 -3.390609e-01 -3.521205e-01 -3.565098e-01 
2.753592e-01 2.719690e-01 2.618821e-01 2.453468e-01 2.227702e-01 1.947083e-01 1.618521e-01 1.250104e-01 8.509066e-02 4.307566e-02 1.686089e-17 -4.307566e-02 -8.509066e-02 -1.250104e-01 -1.618521e-01 -1.947083e-01 -2.227702e-01 -2.453468e-01 -2.618821e-01 -2.719690e-01 -2.753592e-01 
1.874283e-01 1.851207e-01 1.782549e-01 1.669998e-01 1.516327e-01 1.325318e-01 1.101676e-01 8.509066e-02 5.791852e-02 2.932024e-02 1.147667e-17 -2.932024e-02 -5.791852e-02 -8.509066e-02 -1.101676e-01 -1.325318e-01 -1.516327e-01 -1.669998e-01 -1.782549e-01 -1.851207e-01 -1.874283e-01 
9.488230e-02 9.371414e-02 9.023843e-02 8.454075e-02 7.676139e-02 6.709192e-02 5.577042e-02 4.307566e-02 2.932024e-02 1.484286e-02 5.809865e-18 -1.484286e-02 -2.932024e-02 -4.307566e-02 -5.577042e-02 -6.709192e-02 -7.676139e-02 -8.454075e-02 -9.023843e-02 -9.371414e-02 -9.488230e-02 
3.713929e-17 3.668205e-17 3.532157e-17 3.309135e-17 3.004632e-17 2.626144e-17 2.182993e-17 1.686089e-17 1.147667e-17 5.809865e-18 2.274126e-33 -5.809865e-18 -1.147667e-17 -1.686089e-17 -2.182993e-17 -2.626144e-17 -3.004632e-17 -3.309135e-17 -3.532157e-17 -3.668205e-17 -3.713929e-17 
-9.488230e-02 -9.371414e-02 -9.023843e-02 -8.454075e-02 -7.676139e-02 -6.709192e-02 -5.577042e-02 -4.307566e-02 -2.932024e-02 -1.484286e-02 -5.809865e-18 1.484286e-02 2.932024e-02 4.307566e-02 5.577042e-02 6.709192e-02 7.676139e-02 8.454075e-02 9.023843e-02 9.371414e-02 9.488230e-02 
-1.874283e-01 -1.851207e-01 -1.782549e-01 -1.669998e-01 -1.516327e-01 -1.325318e-01 -1.101676e-01 -8.509066e-02 -5.791852e-02 -2.932024e-02 -1.147667e-17 2.932024e-02 5.791852e-02 8.509066e-02 1.101676e-01 1.325318e-01 1.516327e-01 1.669998e-01 1.782549e-01 1.851207e-01 1.874283e-01 
-2.753592e-01 -2.719690e-01 -2.618821e-01 -2.453468e-01 -2.227702e-01 -1.947083e-01 -1.618521e-01 -1.250104e-01 -8.509066e-02 -4.307566e-02 -1.686089e-17 4.307566e-02 8.509066e-02 1.250104e-01 1.618521e-01 1.947083e-01 2.227702e-01 2.453468e-01 2.618821e-01 2.719690e-01 2.753592e-01 
-3.565098e-01 -3.521205e-01 -3.390609e-01 -3.176525e-01 -2.884225e-01 -2.520905e-01 -2.095512e-01 -1.618521e-01 -1.101676e-01 -5.577042e-02 -2.182993e-17 5.577042e-02 1.101676e-01 1.618521e-01 2.095512e-01 2.520905e-01 2.884225e-01 3.176525e-01 3.390609e-01 3.521205e-01 3.565098e-01 
-4.288819e-01 -4.236017e-01 -4.078910e-01 -3.821366e-01 -3.469728e-01 -3.032653e-01 -2.520905e-01 -1.947083e-01 -1.325318e-01 -6.709192e-02 -2.626144e-17 6.709192e-02 1.325318e-01 1.947083e-01 2.520905e-01 3.032653e-01 3.469728e-01 3.821366e-01 4.078910e-01 4.236017e-01 4.288819e-01 
-4.906936e-01 -4.846524e-01 -4.666774e-01 -4.372112e-01 -3.969795e-01 -3.469728e-01 -2.884225e-01 -2.227702e-01 -1.516327e-01 -7.676139e-02 -3.004632e-17 7.676139e-02 1.516327e-01 2.227702e-01 2.884225e-01 3.469728e-01 3.969795e-01 4.372112e-01 4.666774e-01 4.846524e-01 4.906936e-01 
-5.404228e-01 -5.337693e-01 -5.139726e-01 -4.815202e-01 -4.372112e-01 -3.821366e-01 -3.176525e-01 -2.453468e-01 -1.669998e-01 -8.454075e-02 -3.309135e-17 8.454075e-02 1.669998e-01 2.453468e-01 3.176525e-01 3.821366e-01 4.372112e-01 4.815202e-01 5.139726e-01 5.337693e-01 5.404228e-01 
-5.768449e-01 -5.697430e-01 -5.486121e-01 -5.139726e-01 -4.666774e-01 -4.078910e-01 -3.390609e-01 -2.618821e-01 -1.782549e-01 -9.023843e-02 -3.532157e-17 9.023843e-02 1.782549e-01 2.618821e-01 3.390609e-01 4.078910e-01 4.666774e-01 5.139726e-01 5.486121e-01 5.697430e-01 5.768449e-01 
-5.990633e-01 -5.916878e-01 -5.697430e-01 -5.337693e-01 -4.846524e-01 -4.236017e-01 -3.521205e-01 -2.719690e-01 -1.851207e-01 -9.371414e-02 -3.668205e-17 9.371414e-02 1.851207e-01 2.719690e-01 3.521205e-01 4.236017e-01 4.846524e-01 5.337693e-01 5.697430e-01 5.916878e-01 5.990633e-01 
-6.065307e-01 -5.990633e-01 -5.768449e-01 -5.404228e-01 -4.906936e-01 -4.288819e-01 -3.565098e-01 -2.753592e-01 -1.874283e-01 -9.488230e-02 -3.713929e-17 9.488230e-02 1.874283e-01 2.753592e-01 3.565098e-01 4.288819e-01 4.906936e-01 5.404228e-01 5.768449e-01 5.990633e-01 6.065307e-01 
