6.065307e-01 6.046609e-01 5.990633e-01 5.897722e-01 5.768449e-01 5.603613e-01 5.404228e-01 5.171524e-01 4.906936e-01 4.612095e-01 4.288819e-01 3.939102e-01 3.565098e-01 3.169114e-01 2.753592e-01 2.321092e-01 1.874283e-01 1.415918e-01 9.488230e-02 4.758785e-02 3.713929e-17 -4.758785e-02 -9.488230e-02 -1.415918e-01 -1.874283e-01 -2.321092e-01 -2.753592e-01 -3.169114e-01 -3.565098e-01 -3.939102e-01 -4.288819e-01 -4.612095e-01 -4.906936e-01 -5.171524e-01 -5.404228e-01 -5.603613e-01 -5.768449e-01 -5.897722e-01 -5.990633e-01 -6.046609e-01 -6.065307e-01 
6.046609e-01 6.027970e-01 5.972165e-01 5.879541e-01 5.750667e-01 5.586339e-01 5.387568e-01 5.155582e-01 4.891810e-01 4.597878e-01 4.275598e-01 3.926959e-01 3.554108e-01 3.159345e-01 2.745103e-01 2.313937e-01 1.868505e-01 1.411553e-01 9.458981e-02 4.744115e-02 3.702480e-17 -4.744115e-02 -9.458981e-02 -1.411553e-01 -1.868505e-01 -2.313937e-01 -2.745103e-01 -3.159345e-01 -3.554108e-01 -3.926959e-01 -4.275598e-01 -4.597878e-01 -4.891810e-01 -5.155582e-01 -5.387568e-01 -5.586339e-01 -5.750667e-01 -5.879541e-01 -5.972165e-01 -6.027970e-01 -6.046609e-01 
5.990633e-01 5.972165e-01 5.916878e-01 5.825111e-01 5.697430e-01 5.534623e-01 5.337693e-01 5.107854e-01 4.846524e-01 4.555313e-01 4.236017e-01 3.890605e-01 3.521205e-01 3.130097e-01 2.719690e-01 2.292516e-01 1.851207e-01 1.398485e-01 9.371414e-02 4.700196e-02 3.668205e-17 -4.700196e-02 -9.371414e-02 -1.398485e-01 -1.851207e-01 -2.292516e-01 -2.719690e-01 -3.130097e-01 -3.521205e-01 -3.890605e-01 -4.236017e-01 -4.555313e-01 -4.846524e-01 -5.107854e-01 -5.337693e-01 -5.534623e-01 -5.697430e-01 -5.825111e-01 -5.916878e-01 -5.972165e-01 -5.990633e-01 
5.897722e-01 5.879541e-01 5.825111e-01 5.734767e-01 5.609067e-01 5.448784e-01 5.254909e-01 5.028634e-01 4.771357e-01 4.484663e-01 4.170319e-01 3.830264e-01 3.466594e-01 3.081551e-01 2.677510e-01 2.256960e-01 1.822496e-01 1.376796e-01 9.226069e-02 4.627299e-02 3.611313e-17 -4.627299e-02 -9.226069e-02 -1.376796e-01 -1.822496e-01 -2.256960e-01 -2.677510e-01 -3.081551e-01 -3.466594e-01 -3.830264e-01 -4.170319e-01 -4.484663e-01 -4.771357e-01 -5.028634e-01 -5.254909e-01 -5.448784e-01 -5.609067e-01 -5.734767e-01 -5.825111e-01 -5.879541e-01 -5.897722e-01 
5.768449e-01 5.750667e-01 5.697430e-01 5.609067e-01 5.486121e-01 5.329352e-01 5.139726e-01 4.918412e-01 4.666774e-01 4.386363e-01 4.078910e-01 3.746308e-01 3.390609e-01 3.014007e-01 2.618821e-01 2.207490e-01 1.782549e-01 1.346618e-01 9.023843e-02 4.525873e-02 3.532157e-17 -4.525873e-02 -9.023843e-02 -1.346618e-01 -1.782549e-01 -2.207490e-01 -2.618821e-01 -3.014007e-01 -3.390609e-01 -3.746308e-01 -4.078910e-01 -4.386363e-01 -4.666774e-01 -4.918412e-01 -5.139726e-01 -5.329352e-01 -5.486121e-01 -5.609067e-01 -5.697430e-01 -5.750667e-01 -5.768449e-01 
5.603613e-01 5.586339e-01 5.534623e-01 5.448784e-01 5.329352e-01 5.177063e-01 4.992855e-01 4.777865e-01 4.533418e-01 4.261020e-01 3.962352e-01 3.639255e-01 3.293721e-01 2.927880e-01 2.543987e-01 2.144410e-01 1.731612e-01 1.308137e-01 8.765981e-02 4.396544e-02 3.431223e-17 -4.396544e-02 -8.765981e-02 -1.308137e-01 -1.731612e-01 -2.144410e-01 -2.543987e-01 -2.927880e-01 -3.293721e-01 -3.639255e-01 -3.962352e-01 -4.261020e-01 -4.533418e-01 -4.777865e-01 -4.992855e-01 -5.177063e-01 -5.329352e-01 -5.448784e-01 -5.534623e-01 -5.586339e-01 -5.603613e-01 
5.404228e-01 5.387568e-01 5.337693e-01 5.254909e-01 5.139726e-01 4.992855e-01 4.815202e-01 4.607862e-01 4.372112e-01 4.109407e-01 3.821366e-01 3.509765e-01 3.176525e-01 2.823701e-01 2.453468e-01 2.068108e-01 1.669998e-01 1.261592e-01 8.454075e-02 4.240108e-02 3.309135e-17 -4.240108e-02 -8.454075e-02 -1.261592e-01 -1.669998e-01 -2.068108e-01 -2.453468e-01 -2.823701e-01 -3.176525e-01 -3.509765e-01 -3.821366e-01 -4.109407e-01 -4.372112e-01 -4.607862e-01 -4.815202e-01 -4.992855e-01 -5.139726e-01 -5.254909e-01 -5.337693e-01 -5.387568e-01 -5.404228e-01 
5.171524e-01 5.155582e-01 5.107854e-01 5.028634e-01 4.918412e-01 4.777865e-01 4.607862e-01 4.409449e-01 4.183851e-01 3.932458e-01 3.656820e-01 3.358636e-01 3.039746e-01 2.702114e-01 2.347823e-01 1.979057e-01 1.598089e-01 1.207268e-01 8.090046e-02 4.057531e-02 3.166645e-17 -4.057531e-02 -8.090046e-02 -1.207268e-01 -1.598089e-01 -1.979057e-01 -2.347823e-01 -2.702114e-01 -3.039746e-01 -3.358636e-01 -3.656820e-01 -3.932458e-01 -4.183851e-01 -4.409449e-01 -4.607862e-01 -4.777865e-01 -4.918412e-01 -5.028634e-01 -5.107854e-01 -5.155582e-01 -5.171524e-01 
4.906936e-01 4.891810e-01 4.846524e-01 4.771357e-01 4.666774e-01 4.533418e-01 4.372112e-01 4.183851e-01 3.969795e-01 3.731263e-01 3.469728e-01 3.186800e-01 2.884225e-01 2.563867e-01 2.227702e-01 1.877803e-01 1.516327e-01 1.145501e-01 7.676139e-02 3.849938e-02 3.004632e-17 -3.849938e-02 -7.676139e-02 -1.145501e-01 -1.516327e-01 -1.877803e-01 -2.227702e-01 -2.563867e-01 -2.884225e-01 -3.186800e-01 -3.469728e-01 -3.731263e-01 -3.969795e-01 -4.183851e-01 -4.372112e-01 -4.533418e-01 -4.666774e-01 -4.771357e-01 -4.846524e-01 -4.891810e-01 -4.906936e-01 
4.612095e-01 4.597878e-01 4.555313e-01 4.484663e-01 4.386363e-01 4.261020e-01 4.109407e-01 3.932458e-01 3.731263e-01 3.507065e-01 3.261244e-01 2.995316e-01 2.710922e-01 2.409813e-01 2.093847e-01 1.764972e-01 1.425216e-01 1.076672e-01 7.214907e-02 3.618608e-02 2.824094e-17 -3.618608e-02 -7.214907e-02 -1.076672e-01 -1.425216e-01 -1.764972e-01 -2.093847e-01 -2.409813e-01 -2.710922e-01 -2.995316e-01 -3.261244e-01 -3.507065e-01 -3.731263e-01 -3.932458e-01 -4.109407e-01 -4.261020e-01 -4.386363e-01 -4.484663e-01 -4.555313e-01 -4.597878e-01 -4.612095e-01 
4.288819e-01 4.275598e-01 4.236017e-01 4.170319e-01 4.078910e-01 3.962352e-01 3.821366e-01 3.656820e-01 3.469728e-01 3.261244e-01 3.032653e-01 2.785365e-01 2.520905e-01 2.240902e-01 1.947083e-01 1.641260e-01 1.325318e-01 1.001205e-01 6.709192e-02 3.364969e-02 2.626144e-17 -3.364969e-02 -6.709192e-02 -1.001205e-01 -1.325318e-01 -1.641260e-01 -1.947083e-01 -2.240902e-01 -2.520905e-01 -2.785365e-01 -3.032653e-01 -3.261244e-01 -3.469728e-01 -3.656820e-01 -3.821366e-01 -3.962352e-01 -4.078910e-01 -4.170319e-01 -4.236017e-01 -4.275598e-01 -4.288819e-01 
3.939102e-01 3.926959e-01 3.890605e-01 3.830264e-01 3.746308e-01 3.639255e-01 3.509765e-01 3.358636e-01 3.186800e-01 2.995316e-01 2.785365e-01 2.558242e-01 2.315346e-01 2.058175e-01 1.788315e-01 1.507429e-01 1.217249e-01 9.195650e-02 6.162112e-02 3.090583e-02 2.412004e-17 -3.090583e-02 -6.162112e-02 -9.195650e-02 -1.217249e-01 -1.507429e-01 -1.788315e-01 -2.058175e-01 -2.315346e-01 -2.558242e-01 -2.785365e-01 -2.995316e-01 -3.186800e-01 -3.358636e-01 -3.509765e-01 -3.639255e-01 -3.746308e-01 -3.830264e-01 -3.890605e-01 -3.926959e-01 -3.939102e-01 
3.565098e-01 3.554108e-01 3.521205e-01 3.466594e-01 3.390609e-01 3.293721e-01 3.176525e-01 3.039746e-01 2.884225e-01 2.710922e-01 2.520905e-01 2.315346e-01 2.095512e-01 1.862758e-01 1.618521e-01 1.364304e-01 1.101676e-01 8.322555e-02 5.577042e-02 2.797143e-02 2.182993e-17 -2.797143e-02 -5.577042e-02 -8.322555e-02 -1.101676e-01 -1.364304e-01 -1.618521e-01 -1.862758e-01 -2.095512e-01 -2.315346e-01 -2.520905e-01 -2.710922e-01 -2.884225e-01 -3.039746e-01 -3.176525e-01 -3.293721e-01 -3.390609e-01 -3.466594e-01 -3.521205e-01 -3.554108e-01 -3.565098e-01 
3.169114e-01 3.159345e-01 3.130097e-01 3.081551e-01 3.014007e-01 2.927880e-01 2.823701e-01 2.702114e-01 2.563867e-01 2.409813e-01 2.240902e-01 2.058175e-01 1.862758e-01 1.655858e-01 1.438748e-01 1.212767e-01 9.793101e-02 7.398150e-02 4.957587e-02 2.486458e-02 1.940523e-17 -2.486458e-02 -4.957587e-02 -7.398150e-02 -9.793101e-02 -1.212767e-01 -1.438748e-01 -1.655858e-01 -1.862758e-01 -2.058175e-01 -2.240902e-01 -2.409813e-01 -2.563867e-01 -2.702114e-01 -2.823701e-01 -2.927880e-01 -3.014007e-01 -3.081551e-01 -3.130097e-01 -3.159345e-01 -3.169114e-01 
2.753592e-01 2.745103e-01 2.719690e-01 2.677510e-01 2.618821e-01 2.543987e-01 2.453468e-01 2.347823e-01 2.227702e-01 2.093847e-01 1.947083e-01 1.788315e-01 1.618521e-01 1.438748e-01 1.250104e-01 1.053754e-01 8.509066e-02 6.428132e-02 4.307566e-02 2.160443e-02 1.686089e-17 -2.160443e-02 -4.307566e-02 -6.428132e-02 -8.509066e-02 -1.053754e-01 -1.250104e-01 -1.438748e-01 -1.618521e-01 -1.788315e-01 -1.947083e-01 -2.093847e-01 -2.227702e-01 -2.347823e-01 -2.453468e-01 -2.543987e-01 -2.618821e-01 -2.677510e-01 -2.719690e-01 -2.745103e-01 -2.753592e-01 
2.321092e-01 2.313937e-01 2.292516e-01 2.256960e-01 2.207490e-01 2.144410e-01 2.068108e-01 1.979057e-01 1.877803e-01 1.764972e-01 1.641260e-01 1.507429e-01 1.364304e-01 1.212767e-01 1.053754e-01 8.882436e-02 7.172570e-02 5.418482e-02 3.630988e-02 1.821108e-02 1.421259e-17 -1.821108e-02 -3.630988e-02 -5.418482e-02 -7.172570e-02 -8.882436e-02 -1.053754e-01 -1.212767e-01 -1.364304e-01 -1.507429e-01 -1.641260e-01 -1.764972e-01 -1.877803e-01 -1.979057e-01 -2.068108e-01 -2.144410e-01 -2.207490e-01 -2.256960e-01 -2.292516e-01 -2.313937e-01 -2.321092e-01 
1.874283e-01 1.868505e-01 1.851207e-01 1.822496e-01 1.782549e-01 1.731612e-01 1.669998e-01 1.598089e-01 1.516327e-01 1.425216e-01 1.325318e-01 1.217249e-01 1.101676e-01 9.793101e-02 8.509066e-02 7.172570e-02 5.791852e-02 4.375426e-02 2.932024e-02 1.470545e-02 1.147667e-17 -1.470545e-02 -2.932024e-02 -4.375426e-02 -5.791852e-02 -7.172570e-02 -8.509066e-02 -9.793101e-02 -1.101676e-01 -1.217249e-01 -1.325318e-01 -1.425216e-01 -1.516327e-01 -1.598089e-01 -1.669998e-01 -1.731612e-01 -1.782549e-01 -1.822496e-01 -1.851207e-01 -1.868505e-01 -1.874283e-01 
1.415918e-01 1.411553e-01 1.398485e-01 1.376796e-01 1.346618e-01 1.308137e-01 1.261592e-01 1.207268e-01 1.145501e-01 1.076672e-01 1.001205e-01 9.195650e-02 8.322555e-02 7.398150e-02 6.428132e-02 5.418482e-02 4.375426e-02 3.305394e-02 2.214983e-02 1.110916e-02 8.669995e-18 -1.110916e-02 -2.214983e-02 -3.305394e-02 -4.375426e-02 -5.418482e-02 -6.428132e-02 -7.398150e-02 -8.322555e-02 -9.195650e-02 -1.001205e-01 -1.076672e-01 -1.145501e-01 -1.207268e-01 -1.261592e-01 -1.308137e-01 -1.346618e-01 -1.376796e-01 -1.398485e-01 -1.411553e-01 -1.415918e-01 
9.488230e-02 9.458981e-02 9.371414e-02 9.226069e-02 9.023843e-02 8.765981e-02 8.454075e-02 8.090046e-02 7.676139e-02 7.214907e-02 6.709192e-02 6.162112e-02 5.577042e-02 4.957587e-02 4.307566e-02 3.630988e-02 2.932024e-02 2.214983e-02 1.484286e-02 7.444379e-03 5.809865e-18 -7.444379e-03 -1.484286e-02 -2.214983e-02 -2.932024e-02 -3.630988e-02 -4.307566e-02 -4.957587e-02 -5.577042e-02 -6.162112e-02 -6.709192e-02 -7.214907e-02 -7.676139e-02 -8.090046e-02 -8.454075e-02 -8.765981e-02 -9.023843e-02 -9.226069e-02 -9.371414e-02 -9.458981e-02 -9.488230e-02 
4.758785e-02 4.744115e-02 4.700196e-02 4.627299e-02 4.525873e-02 4.396544e-02 4.240108e-02 4.057531e-02 3.849938e-02 3.618608e-02 3.364969e-02 3.090583e-02 2.797143e-02 2.486458e-02 2.160443e-02 1.821108e-02 1.470545e-02 1.110916e-02 7.444379e-03 3.733699e-03 2.913915e-18 -3.733699e-03 -7.444379e-03 -1.110916e-02 -1.470545e-02 -1.821108e-02 -2.160443e-02 -2.486458e-02 -2.797143e-02 -3.090583e-02 -3.364969e-02 -3.618608e-02 -3.849938e-02 -4.057531e-02 -4.240108e-02 -4.396544e-02 -4.525873e-02 -4.627299e-02 -4.700196e-02 -4.744115e-02 -4.758785e-02 
3.713929e-17 3.702480e-17 3.668205e-17 3.611313e-17 3.532157e-17 3.431223e-17 3.309135e-17 3.166645e-17 3.004632e-17 2.824094e-17 2.626144e-17 2.412004e-17 2.182993e-17 1.940523e-17 1.686089e-17 1.421259e-17 1.147667e-17 8.669995e-18 5.809865e-18 2.913915e-18 2.274126e-33 -2.913915e-18 -5.809865e-18 -8.669995e-18 -1.147667e-17 -1.421259e-17 -1.686089e-17 -1.940523e-17 -2.182993e-17 -2.412004e-17 -2.626144e-17 -2.824094e-17 -3.004632e-17 -3.166645e-17 -3.309135e-17 -3.431223e-17 -3.532157e-17 -3.611313e-17 -3.668205e-17 -3.702480e-17 -3.713929e-17 
-4.758785e-02 -4.744115e-02 -4.700196e-02 -4.627299e-02 -4.525873e-02 -4.396544e-02 -4.240108e-02 -4.057531e-02 -3.849938e-02 -3.618608e-02 -3.364969e-02 -3.090583e-02 -2.797143e-02 -2.486458e-02 -2.160443e-02 -1.821108e-02 -1.470545e-02 -1.110916e-02 -7.444379e-03 -3.733699e-03 -2.913915e-18 3.733699e-03 7.444379e-03 1.110916e-02 1.470545e-02 1.821108e-02 2.160443e-02 2.486458e-02 2.797143e-02 3.090583e-02 3.364969e-02 3.618608e-02 3.849938e-02 4.057531e-02 4.240108e-02 4.396544e-02 4.525873e-02 4.627299e-02 4.700196e-02 4.744115e-02 4.758785e-02 
-9.488230e-02 -9.458981e-02 -9.371414e-02 -9.226069e-02 -9.023843e-02 -8.765981e-02 -8.454075e-02 -8.090046e-02 -7.676139e-02 -7.214907e-02 -6.709192e-02 -6.162112e-02 -5.577042e-02 -4.957587e-02 -4.307566e-02 -3.630988e-02 -2.932024e-02 -2.214983e-02 -1.484286e-02 -7.444379e-03 -5.809865e-18 7.444379e-03 1.484286e-02 2.214983e-02 2.932024e-02 3.630988e-02 4.307566e-02 4.957587e-02 5.577042e-02 6.162112e-02 6.709192e-02 7.214907e-02 7.676139e-02 8.090046e-02 8.454075e-02 8.765981e-02 9.023843e-02 9.226069e-02 9.371414e-02 9.458981e-02 9.488230e-02 
-1.415918e-01 -1.411553e-01 -1.398485e-01 -1.376796e-01 -1.346618e-01 -1.308137e-01 -1.261592e-01 -1.207268e-01 -1.145501e-01 -1.076672e-01 -1.001205e-01 -9.195650e-02 -8.322555e-02 -7.398150e-02 -6.428132e-02 -5.418482e-02 -4.375426e-02 -3.305394e-02 -2.214983e-02 -1.110916e-02 -8.669995e-18 1.110916e-02 2.214983e-02 3.305394e-02 4.375426e-02 5.418482e-02 6.428132e-02 7.398150e-02 8.322555e-02 9.195650e-02 1.001205e-01 1.076672e-01 1.145501e-01 1.207268e-01 1.261592e-01 1.308137e-01 1.346618e-01 1.376796e-01 1.398485e-01 1.411553e-01 1.415918e-01 
-1.874283e-01 -1.868505e-01 -1.851207e-01 -1.822496e-01 -1.782549e-01 -1.731612e-01 -1.669998e-01 -1.598089e-01 -1.516327e-01 -1.425216e-01 -1.325318e-01 -1.217249e-01 -1.101676e-01 -9.793101e-02 -8.509066e-02 -7.172570e-02 -5.791852e-02 -4.375426e-02 -2.932024e-02 -1.470545e-02 -1.147667e-17 1.470545e-02 2.932024e-02 4.375426e-02 5.791852e-02 7.172570e-02 8.509066e-02 9.793101e-02 1.101676e-01 1.217249e-01 1.325318e-01 1.425216e-01 1.516327e-01 1.598089e-01 1.669998e-01 1.731612e-01 1.782549e-01 1.822496e-01 1.851207e-01 1.868505e-01 1.874283e-01 
-2.321092e-01 -2.313937e-01 -2.292516e-01 -2.256960e-01 -2.207490e-01 -2.144410e-01 -2.068108e-01 -1.979057e-01 -1.877803e-01 -1.764972e-01 -1.641260e-01 -1.507429e-01 -1.364304e-01 -1.212767e-01 -1.053754e-01 -8.882436e-02 -7.172570e-02 -5.418482e-02 -3.630988e-02 -1.821108e-02 -1.421259e-17 1.821108e-02 3.630988e-02 5.418482e-02 7.172570e-02 8.882436e-02 1.053754e-01 1.212767e-01 1.364304e-01 1.507429e-01 1.641260e-01 1.764972e-01 1.877803e-01 1.979057e-01 2.068108e-01 2.144410e-01 2.207490e-01 2.256960e-01 2.292516e-01 2.313937e-01 2.321092e-01 
-2.753592e-01 -2.745103e-01 -2.719690e-01 -2.677510e-01 -2.618821e-01 -2.543987e-01 -2.453468e-01 -2.347823e-01 -2.227702e-01 -2.093847e-01 -1.947083e-01 -1.788315e-01 -1.618521e-01 -1.438748e-01 -1.250104e-01 -1.053754e-01 -8.509066e-02 -6.428132e-02 -4.307566e-02 -2.160443e-02 -1.686089e-17 2.160443e-02 4.307566e-02 6.428132e-02 8.509066e-02 1.053754e-01 1.250104e-01 1.438748e-01 1.618521e-01 1.788315e-01 1.947083e-01 2.093847e-01 2.227702e-01 2.347823e-01 2.453468e-01 2.543987e-01 2.618821e-01 2.677510e-01 2.719690e-01 2.745103e-01 2.753592e-01 
-3.169114e-01 -3.159345e-01 -3.130097e-01 -3.081551e-01 -3.014007e-01 -2.927880e-01 -2.823701e-01 -2.702114e-01 -2.563867e-01 -2.409813e-01 -2.240902e-01 -2.058175e-01 -1.862758e-01 -1.655858e-01 -1.438748e-01 -1.212767e-01 -9.793101e-02 -7.398150e-02 -4.957587e-02 -2.486458e-02 -1.940523e-17 2.486458e-02 4.957587e-02 7.398150e-02 9.793101e-02 1.212767e-01 1.438748e-01 1.655858e-01 1.862758e-01 2.058175e-01 2.240902e-01 2.409813e-01 2.563867e-01 2.702114e-01 2.823701e-01 2.927880e-01 3.014007e-01 3.081551e-01 3.130097e-01 3.159345e-01 3.169114e-01 
-3.565098e-01 -3.554108e-01 -3.521205e-01 -3.466594e-01 -3.390609e-01 -3.293721e-01 -3.176525e-01 -3.039746e-01 -2.884225e-01 -2.710922e-01 -2.520905e-01 -2.315346e-01 -2.095512e-01 -1.862758e-01 -1.618521e-01 -1.364304e-01 -1.101676e-01 -8.322555e-02 -5.577042e-02 -2.797143e-02 -2.182993e-17 2.797143e-02 5.577042e-02 8.322555e-02 1.101676e-01 1.364304e-01 1.618521e-01 1.862758e-01 2.095512e-01 2.315346e-01 2.520905e-01 2.710922e-01 2.884225e-01 3.039746e-01 3.176525e-01 3.293721e-01 3.390609e-01 3.466594e-01 3.521205e-01 3.554108e-01 3.565098e-01 
-3.939102e-01 -3.926959e-01 -3.890605e-01 -3.830264e-01 -3.746308e-01 -3.639255e-01 -3.509765e-01 -3.358636e-01 -3.186800e-01 -2.995316e-01 -2.785365e-01 -2.558242e-01 -2.315346e-01 -2.058175e-01 -1.788315e-01 -1.507429e-01 -1.217249e-01 -9.195650e-02 -6.162112e-02 -3.090583e-02 -2.412004e-17 3.090583e-02 6.162112e-02 9.195650e-02 1.217249e-01 1.507429e-01 1.788315e-01 2.058175e-01 2.315346e-01 2.558242e-01 2.785365e-01 2.995316e-01 3.186800e-01 3.358636e-01 3.509765e-01 3.639255e-01 3.746308e-01 3.830264e-01 3.890605e-01 3.926959e-01 3.939102e-01 
-4.288819e-01 -4.275598e-01 -4.236017e-01 -4.170319e-01 -4.078910e-01 -3.962352e-01 -3.821366e-01 -3.656820e-01 -3.469728e-01 -3.261244e-01 -3.032653e-01 -2.785365e-01 -2.520905e-01 -2.240902e-01 -1.947083e-01 -1.641260e-01 -1.325318e-01 -1.001205e-01 -6.709192e-02 -3.364969e-02 -2.626144e-17 3.364969e-02 6.709192e-02 1.001205e-01 1.325318e-01 1.641260e-01 1.947083e-01 2.240902e-01 2.520905e-01 2.785365e-01 3.032653e-01 3.261244e-01 3.469728e-01 3.656820e-01 3.821366e-01 3.962352e-01 4.078910e-01 4.170319e-01 4.236017e-01 4.275598e-01 4.288819e-01 
-4.612095e-01 -4.597878e-01 -4.555313e-01 -4.484663e-01 -4.386363e-01 -4.261020e-01 -4.109407e-01 -3.932458e-01 -3.731263e-01 -3.507065e-01 -3.261244e-01 -2.995316e-01 -2.710922e-01 -2.409813e-01 -2.093847e-01 -1.764972e-01 -1.425216e-01 -1.076672e-01 -7.214907e-02 -3.618608e-02 -2.824094e-17 3.618608e-02 7.214907e-02 1.076672e-01 1.425216e-01 1.764972e-01 2.093847e-01 2.409813e-01 2.710922e-01 2.995316e-01 3.261244e-01 3.507065e-01 3.731263e-01 3.932458e-01 4.109407e-01 4.261020e-01 4.386363e-01 4.484663e-01 4.555313e-01 4.597878e-01 4.612095e-01 
-4.906936e-01 -4.891810e-01 -4.846524e-01 -4.771357e-01 -4.666774e-01 -4.533418e-01 -4.372112e-01 -4.183851e-01 -3.969795e-01 -3.731263e-01 -3.469728e-01 -3.186800e-01 -2.884225e-01 -2.563867e-01 -2.227702e-01 -1.877803e-01 -1.516327e-01 -1.145501e-01 -7.676139e-02 -3.849938e-02 -3.004632e-17 3.849938e-02 7.676139e-02 1.145501e-01 1.516327e-01 1.877803e-01 2.227702e-01 2.563867e-01 2.884225e-01 3.186800e-01 3.469728e-01 3.731263e-01 3.969795e-01 4.183851e-01 4.372112e-01 4.533418e-01 4.666774e-01 4.771357e-01 4.846524e-01 4.891810e-01 4.906936e-01 
-5.171524e-01 -5.155582e-01 -5.107854e-01 -5.028634e-01 -4.918412e-01 -4.777865e-01 -4.607862e-01 -4.409449e-01 -4.183851e-01 -3.932458e-01 -3.656820e-01 -3.358636e-01 -3.039746e-01 -2.702114e-01 -2.347823e-01 -1.979057e-01 -1.598089e-01 -1.207268e-01 -8.090046e-02 -4.057531e-02 -3.166645e-17 4.057531e-02 8.090046e-02 1.207268e-01 1.598089e-01 1.979057e-01 2.347823e-01 2.702114e-01 3.039746e-01 3.358636e-01 3.656820e-01 3.932458e-01 4.183851e-01 4.409449e-01 4.607862e-01 4.777865e-01 4.918412e-01 5.028634e-01 5.107854e-01 5.155582e-01 5.171524e-01 
-5.404228e-01 -5.387568e-01 -5.337693e-01 -5.254909e-01 -5.139726e-01 -4.992855e-01 -4.815202e-01 -4.607862e-01 -4.372112e-01 -4.109407e-01 -3.821366e-01 -3.509765e-01 -3.176525e-01 -2.823701e-01 -2.453468e-01 -2.068108e-01 -1.669998e-01 -1.261592e-01 -8.454075e-02 -4.240108e-02 -3.309135e-17 4.240108e-02 8.454075e-02 1.261592e-01 1.669998e-01 2.068108e-01 2.453468e-01 2.823701e-01 3.176525e-01 3.509765e-01 3.821366e-01 4.109407e-01 4.372112e-01 4.607862e-01 4.815202e-01 4.992855e-01 5.139726e-01 5.254909e-01 5.337693e-01 5.387568e-01 5.404228e-01 
-5.603613e-01 -5.586339e-01 -5.534623e-01 -5.448784e-01 -5.329352e-01 -5.177063e-01 -4.992855e-01 -4.777865e-01 -4.533418e-01 -4.261020e-01 -3.962352e-01 -3.639255e-01 -3.293721e-01 -2.927880e-01 -2.543987e-01 -2.144410e-01 -1.731612e-01 -1.308137e-01 -8.765981e-02 -4.396544e-02 -3.431223e-17 4.396544e-02 8.765981e-02 1.308137e-01 1.731612e-01 2.144410e-01 2.543987e-01 2.927880e-01 3.293721e-01 3.639255e-01 3.962352e-01 4.261020e-01 4.533418e-01 4.777865e-01 4.992855e-01 5.177063e-01 5.329352e-01 5.448784e-01 5.534623e-01 5.586339e-01 5.603613e-01 
-5.768449e-01 -5.750667e-01 -5.697430e-01 -5.609067e-01 -5.486121e-01 -5.329352e-01 -5.139726e-01 -4.918412e-01 -4.666774e-01 -4.386363e-01 -4.078910e-01 -3.746308e-01 -3.390609e-01 -3.014007e-01 -2.618821e-01 -2.207490e-01 -1.782549e-01 -1.346618e-01 -9.023843e-02 -4.525873e-02 -3.532157e-17 4.525873e-02 9.023843e-02 1.346618e-01 1.782549e-01 2.207490e-01 2.618821e-01 3.014007e-01 3.390609e-01 3.746308e-01 4.078910e-01 4.386363e-01 4.666774e-01 4.918412e-01 5.139726e-01 5.329352e-01 5.486121e-01 5.609067e-01 5.697430e-01 5.750667e-01 5.768449e-01 
-5.897722e-01 -5.879541e-01 -5.825111e-01 -5.734767e-01 -5.609067e-01 -5.448784e-01 -5.254909e-01 -5.028634e-01 -4.771357e-01 -4.484663e-01 -4.170319e-01 -3.830264e-01 -3.466594e-01 -3.081551e-01 -2.677510e-01 -2.256960e-01 -1.822496e-01 -1.376796e-01 -9.226069e-02 -4.627299e-02 -3.611313e-17 4.627299e-02 9.226069e-02 1.376796e-01 1.822496e-01 2.256960e-01 2.677510e-01 3.081551e-01 3.466594e-01 3.830264e-01 4.170319e-01 4.484663e-01 4.771357e-01 5.028634e-01 5.254909e-01 5.448784e-01 5.609067e-01 5.734767e-01 5.825111e-01 5.879541e-01 5.897722e-01 
-5.990633e-01 -5.972165e-01 -5.916878e-01 -5.825111e-01 -5.697430e-01 -5.534623e-01 -5.337693e-01 -5.107854e-01 -4.846524e-01 -4.555313e-01 -4.236017e-01 -3.890605e-01 -3.521205e-01 -3.130097e-01 -2.719690e-01 -2.292516e-01 -1.851207e-01 -1.398485e-01 -9.371414e-02 -4.700196e-02 -3.668205e-17 4.700196e-02 9.371414e-02 1.398485e-01 1.851207e-01 2.292516e-01 2.719690e-01 3.130097e-01 3.521205e-01 3.890605e-01 4.236017e-01 4.555313e-01 4.846524e-01 5.107854e-01 5.337693e-01 5.534623e-01 5.697430e-01 5.825111e-01 5.916878e-01 5.972165e-01 5.990633e-01 
-6.046609e-01 -6.027970e-01 -5.972165e-01 -5.879541e-01 -5.750667e-01 -5.586339e-01 -5.387568e-01 -5.155582e-01 -4.891810e-01 -4.597878e-01 -4.275598e-01 -3.926959e-01 -3.554108e-01 -3.159345e-01 -2.745103e-01 -2.313937e-01 -1.868505e-01 -1.411553e-01 -9.458981e-02 -4.744115e-02 -3.702480e-17 4.744115e-02 9.458981e-02 1.411553e-01 1.868505e-01 2.313937e-01 2.745103e-01 3.159345e-01 3.554108e-01 3.926959e-01 4.275598e-01 4.597878e-01 4.891810e-01 5.155582e-01 5.387568e-01 5.586339e-01 5.750667e-01 5.879541e-01 5.972165e-01 6.027970e-01 6.046609e-01 
-6.065307e-01 -6.046609e-01 -5.990633e-01 -5.897722e-01 -5.768449e-01 -5.603613e-01 -5.404228e-01 -5.171524e-01 -4.906936e-01 -4.612095e-01 -4.288819e-01 -3.939102e-01 -3.565098e-01 -3.169114e-01 -2.753592e-01 -2.321092e-01 -1.874283e-01 -1.415918e-01 -9.488230e-02 -4.758785e-02 -3.713929e-17 4.758785e-02 9.488230e-02 1.415918e-01 1.874283e-01 2.321092e-01 2.753592e-01 3.169114e-01 3.565098e-01 3.939102e-01 4.288819e-01 4.612095e-01 4.906936e-01 5.171524e-01 5.404228e-01 5.603613e-01 5.768449e-01 5.897722e-01 5.990633e-01 6.046609e-01 6.065307e-01 
