6.067481e-01 6.048776e-01 5.992780e-01 5.899836e-01 5.770517e-01 5.605621e-01 5.406165e-01 5.173378e-01 4.908695e-01 4.613748e-01 4.290357e-01 3.940513e-01 3.566376e-01 3.170250e-01 2.754579e-01 2.321924e-01 1.874955e-01 1.416425e-01 9.491631e-02 4.760490e-02 1.054712e-15 -4.760490e-02 -9.491631e-02 -1.416425e-01 -1.874955e-01 -2.321924e-01 -2.754579e-01 -3.170250e-01 -3.566376e-01 -3.940513e-01 -4.290357e-01 -4.613748e-01 -4.908695e-01 -5.173378e-01 -5.406165e-01 -5.605621e-01 -5.770517e-01 -5.899836e-01 -5.992780e-01 -6.048776e-01 -6.067481e-01 
6.048776e-01 6.030130e-01 5.974306e-01 5.881648e-01 5.752728e-01 5.588341e-01 5.389499e-01 5.157430e-01 4.893563e-01 4.599526e-01 4.277131e-01 3.928366e-01 3.555382e-01 3.160477e-01 2.746087e-01 2.314767e-01 1.869175e-01 1.412059e-01 9.462371e-02 4.745815e-02 1.179612e-16 -4.745815e-02 -9.462371e-02 -1.412059e-01 -1.869175e-01 -2.314767e-01 -2.746087e-01 -3.160477e-01 -3.555382e-01 -3.928366e-01 -4.277131e-01 -4.599526e-01 -4.893563e-01 -5.157430e-01 -5.389499e-01 -5.588341e-01 -5.752728e-01 -5.881648e-01 -5.974306e-01 -6.030130e-01 -6.048776e-01 
5.992780e-01 5.974306e-01 5.918999e-01 5.827199e-01 5.699472e-01 5.536607e-01 5.339606e-01 5.109685e-01 4.848261e-01 4.556945e-01 4.237535e-01 3.891999e-01 3.522468e-01 3.131219e-01 2.720665e-01 2.293338e-01 1.851871e-01 1.398987e-01 9.374773e-02 4.701881e-02 6.938894e-16 -4.701881e-02 -9.374773e-02 -1.398987e-01 -1.851871e-01 -2.293338e-01 -2.720665e-01 -3.131219e-01 -3.522468e-01 -3.891999e-01 -4.237535e-01 -4.556945e-01 -4.848261e-01 -5.109685e-01 -5.339606e-01 -5.536607e-01 -5.699472e-01 -5.827199e-01 -5.918999e-01 -5.974306e-01 -5.992780e-01 
5.899836e-01 5.881648e-01 5.827199e-01 5.736823e-01 5.611077e-01 5.450737e-01 5.256792e-01 5.030437e-01 4.773067e-01 4.486270e-01 4.171814e-01 3.831637e-01 3.467836e-01 3.082656e-01 2.678469e-01 2.257769e-01 1.823149e-01 1.377289e-01 9.229376e-02 4.628958e-02 2.844947e-16 -4.628958e-02 -9.229376e-02 -1.377289e-01 -1.823149e-01 -2.257769e-01 -2.678469e-01 -3.082656e-01 -3.467836e-01 -3.831637e-01 -4.171814e-01 -4.486270e-01 -4.773067e-01 -5.030437e-01 -5.256792e-01 -5.450737e-01 -5.611077e-01 -5.736823e-01 -5.827199e-01 -5.881648e-01 -5.899836e-01 
5.770517e-01 5.752728e-01 5.699472e-01 5.611077e-01 5.488088e-01 5.331262e-01 5.141568e-01 4.920174e-01 4.668446e-01 4.387935e-01 4.080372e-01 3.747651e-01 3.391825e-01 3.015087e-01 2.619760e-01 2.208281e-01 1.783188e-01 1.347100e-01 9.027077e-02 4.527495e-02 7.077672e-16 -4.527495e-02 -9.027077e-02 -1.347100e-01 -1.783188e-01 -2.208281e-01 -2.619760e-01 -3.015087e-01 -3.391825e-01 -3.747651e-01 -4.080372e-01 -4.387935e-01 -4.668446e-01 -4.920174e-01 -5.141568e-01 -5.331262e-01 -5.488088e-01 -5.611077e-01 -5.699472e-01 -5.752728e-01 -5.770517e-01 
5.605621e-01 5.588341e-01 5.536607e-01 5.450737e-01 5.331262e-01 5.178919e-01 4.994645e-01 4.779578e-01 4.535043e-01 4.262548e-01 3.963773e-01 3.640560e-01 3.294901e-01 2.928929e-01 2.544899e-01 2.145178e-01 1.732232e-01 1.308606e-01 8.769123e-02 4.398120e-02 6.314393e-16 -4.398120e-02 -8.769123e-02 -1.308606e-01 -1.732232e-01 -2.145178e-01 -2.544899e-01 -2.928929e-01 -3.294901e-01 -3.640560e-01 -3.963773e-01 -4.262548e-01 -4.535043e-01 -4.779578e-01 -4.994645e-01 -5.178919e-01 -5.331262e-01 -5.450737e-01 -5.536607e-01 -5.588341e-01 -5.605621e-01 
5.406165e-01 5.389499e-01 5.339606e-01 5.256792e-01 5.141568e-01 4.994645e-01 4.816928e-01 4.609513e-01 4.373679e-01 4.110880e-01 3.822736e-01 3.511023e-01 3.177664e-01 2.824713e-01 2.454347e-01 2.068850e-01 1.670597e-01 1.262044e-01 8.457105e-02 4.241628e-02 3.122502e-17 -4.241628e-02 -8.457105e-02 -1.262044e-01 -1.670597e-01 -2.068850e-01 -2.454347e-01 -2.824713e-01 -3.177664e-01 -3.511023e-01 -3.822736e-01 -4.110880e-01 -4.373679e-01 -4.609513e-01 -4.816928e-01 -4.994645e-01 -5.141568e-01 -5.256792e-01 -5.339606e-01 -5.389499e-01 -5.406165e-01 
5.173378e-01 5.157430e-01 5.109685e-01 5.030437e-01 4.920174e-01 4.779578e-01 4.609513e-01 4.411030e-01 4.185350e-01 3.933867e-01 3.658130e-01 3.359840e-01 3.040835e-01 2.703082e-01 2.348664e-01 1.979766e-01 1.598662e-01 1.207701e-01 8.092946e-02 4.058985e-02 9.506285e-16 -4.058985e-02 -8.092946e-02 -1.207701e-01 -1.598662e-01 -1.979766e-01 -2.348664e-01 -2.703082e-01 -3.040835e-01 -3.359840e-01 -3.658130e-01 -3.933867e-01 -4.185350e-01 -4.411030e-01 -4.609513e-01 -4.779578e-01 -4.920174e-01 -5.030437e-01 -5.109685e-01 -5.157430e-01 -5.173378e-01 
4.908695e-01 4.893563e-01 4.848261e-01 4.773067e-01 4.668446e-01 4.535043e-01 4.373679e-01 4.185350e-01 3.971218e-01 3.732601e-01 3.470971e-01 3.187942e-01 2.885258e-01 2.564786e-01 2.228501e-01 1.878476e-01 1.516870e-01 1.145912e-01 7.678891e-02 3.851318e-02 -1.873501e-16 -3.851318e-02 -7.678891e-02 -1.145912e-01 -1.516870e-01 -1.878476e-01 -2.228501e-01 -2.564786e-01 -2.885258e-01 -3.187942e-01 -3.470971e-01 -3.732601e-01 -3.971218e-01 -4.185350e-01 -4.373679e-01 -4.535043e-01 -4.668446e-01 -4.773067e-01 -4.848261e-01 -4.893563e-01 -4.908695e-01 
4.613748e-01 4.599526e-01 4.556945e-01 4.486270e-01 4.387935e-01 4.262548e-01 4.110880e-01 3.933867e-01 3.732601e-01 3.508322e-01 3.262413e-01 2.996390e-01 2.711893e-01 2.410677e-01 2.094598e-01 1.765605e-01 1.425727e-01 1.077058e-01 7.217493e-02 3.619905e-02 8.985868e-16 -3.619905e-02 -7.217493e-02 -1.077058e-01 -1.425727e-01 -1.765605e-01 -2.094598e-01 -2.410677e-01 -2.711893e-01 -2.996390e-01 -3.262413e-01 -3.508322e-01 -3.732601e-01 -3.933867e-01 -4.110880e-01 -4.262548e-01 -4.387935e-01 -4.486270e-01 -4.556945e-01 -4.599526e-01 -4.613748e-01 
4.290357e-01 4.277131e-01 4.237535e-01 4.171814e-01 4.080372e-01 3.963773e-01 3.822736e-01 3.658130e-01 3.470971e-01 3.262413e-01 3.033740e-01 2.786364e-01 2.521808e-01 2.241705e-01 1.947781e-01 1.641848e-01 1.325793e-01 1.001564e-01 6.711596e-02 3.366175e-02 4.336809e-16 -3.366175e-02 -6.711596e-02 -1.001564e-01 -1.325793e-01 -1.641848e-01 -1.947781e-01 -2.241705e-01 -2.521808e-01 -2.786364e-01 -3.033740e-01 -3.262413e-01 -3.470971e-01 -3.658130e-01 -3.822736e-01 -3.963773e-01 -4.080372e-01 -4.171814e-01 -4.237535e-01 -4.277131e-01 -4.290357e-01 
3.940513e-01 3.928366e-01 3.891999e-01 3.831637e-01 3.747651e-01 3.640560e-01 3.511023e-01 3.359840e-01 3.187942e-01 2.996390e-01 2.786364e-01 2.559159e-01 2.316176e-01 2.058913e-01 1.788956e-01 1.507969e-01 1.217686e-01 9.198946e-02 6.164321e-02 3.091691e-02 3.816392e-16 -3.091691e-02 -6.164321e-02 -9.198946e-02 -1.217686e-01 -1.507969e-01 -1.788956e-01 -2.058913e-01 -2.316176e-01 -2.559159e-01 -2.786364e-01 -2.996390e-01 -3.187942e-01 -3.359840e-01 -3.511023e-01 -3.640560e-01 -3.747651e-01 -3.831637e-01 -3.891999e-01 -3.928366e-01 -3.940513e-01 
3.566376e-01 3.555382e-01 3.522468e-01 3.467836e-01 3.391825e-01 3.294901e-01 3.177664e-01 3.040835e-01 2.885258e-01 2.711893e-01 2.521808e-01 2.316176e-01 2.096263e-01 1.863426e-01 1.619101e-01 1.364793e-01 1.102071e-01 8.325538e-02 5.579041e-02 2.798146e-02 3.504141e-16 -2.798146e-02 -5.579041e-02 -8.325538e-02 -1.102071e-01 -1.364793e-01 -1.619101e-01 -1.863426e-01 -2.096263e-01 -2.316176e-01 -2.521808e-01 -2.711893e-01 -2.885258e-01 -3.040835e-01 -3.177664e-01 -3.294901e-01 -3.391825e-01 -3.467836e-01 -3.522468e-01 -3.555382e-01 -3.566376e-01 
3.170250e-01 3.160477e-01 3.131219e-01 3.082656e-01 3.015087e-01 2.928929e-01 2.824713e-01 2.703082e-01 2.564786e-01 2.410677e-01 2.241705e-01 2.058913e-01 1.863426e-01 1.656451e-01 1.439263e-01 1.213202e-01 9.796611e-02 7.400801e-02 4.959363e-02 2.487349e-02 3.781697e-16 -2.487349e-02 -4.959363e-02 -7.400801e-02 -9.796611e-02 -1.213202e-01 -1.439263e-01 -1.656451e-01 -1.863426e-01 -2.058913e-01 -2.241705e-01 -2.410677e-01 -2.564786e-01 -2.703082e-01 -2.824713e-01 -2.928929e-01 -3.015087e-01 -3.082656e-01 -3.131219e-01 -3.160477e-01 -3.170250e-01 
2.754579e-01 2.746087e-01 2.720665e-01 2.678469e-01 2.619760e-01 2.544899e-01 2.454347e-01 2.348664e-01 2.228501e-01 2.094598e-01 1.947781e-01 1.788956e-01 1.619101e-01 1.439263e-01 1.250552e-01 1.054132e-01 8.512116e-02 6.430436e-02 4.309110e-02 2.161217e-02 2.012279e-16 -2.161217e-02 -4.309110e-02 -6.430436e-02 -8.512116e-02 -1.054132e-01 -1.250552e-01 -1.439263e-01 -1.619101e-01 -1.788956e-01 -1.947781e-01 -2.094598e-01 -2.228501e-01 -2.348664e-01 -2.454347e-01 -2.544899e-01 -2.619760e-01 -2.678469e-01 -2.720665e-01 -2.746087e-01 -2.754579e-01 
2.321924e-01 2.314767e-01 2.293338e-01 2.257769e-01 2.208281e-01 2.145178e-01 2.068850e-01 1.979766e-01 1.878476e-01 1.765605e-01 1.641848e-01 1.507969e-01 1.364793e-01 1.213202e-01 1.054132e-01 8.885619e-02 7.175141e-02 5.420425e-02 3.632290e-02 1.821761e-02 1.856154e-16 -1.821761e-02 -3.632290e-02 -5.420425e-02 -7.175141e-02 -8.885619e-02 -1.054132e-01 -1.213202e-01 -1.364793e-01 -1.507969e-01 -1.641848e-01 -1.765605e-01 -1.878476e-01 -1.979766e-01 -2.068850e-01 -2.145178e-01 -2.208281e-01 -2.257769e-01 -2.293338e-01 -2.314767e-01 -2.321924e-01 
1.874955e-01 1.869175e-01 1.851871e-01 1.823149e-01 1.783188e-01 1.732232e-01 1.670597e-01 1.598662e-01 1.516870e-01 1.425727e-01 1.325793e-01 1.217686e-01 1.102071e-01 9.796611e-02 8.512116e-02 7.175141e-02 5.793928e-02 4.376995e-02 2.933075e-02 1.471072e-02 4.302114e-16 -1.471072e-02 -2.933075e-02 -4.376995e-02 -5.793928e-02 -7.175141e-02 -8.512116e-02 -9.796611e-02 -1.102071e-01 -1.217686e-01 -1.325793e-01 -1.425727e-01 -1.516870e-01 -1.598662e-01 -1.670597e-01 -1.732232e-01 -1.783188e-01 -1.823149e-01 -1.851871e-01 -1.869175e-01 -1.874955e-01 
1.416425e-01 1.412059e-01 1.398987e-01 1.377289e-01 1.347100e-01 1.308606e-01 1.262044e-01 1.207701e-01 1.145912e-01 1.077058e-01 1.001564e-01 9.198946e-02 8.325538e-02 7.400801e-02 6.430436e-02 5.420425e-02 4.376995e-02 3.306579e-02 2.215777e-02 1.111314e-02 2.584738e-16 -1.111314e-02 -2.215777e-02 -3.306579e-02 -4.376995e-02 -5.420425e-02 -6.430436e-02 -7.400801e-02 -8.325538e-02 -9.198946e-02 -1.001564e-01 -1.077058e-01 -1.145912e-01 -1.207701e-01 -1.262044e-01 -1.308606e-01 -1.347100e-01 -1.377289e-01 -1.398987e-01 -1.412059e-01 -1.416425e-01 
9.491631e-02 9.462371e-02 9.374773e-02 9.229376e-02 9.027077e-02 8.769123e-02 8.457105e-02 8.092946e-02 7.678891e-02 7.217493e-02 6.711596e-02 6.164321e-02 5.579041e-02 4.959363e-02 4.309110e-02 3.632290e-02 2.933075e-02 2.215777e-02 1.484818e-02 7.447048e-03 1.543904e-16 -7.447048e-03 -1.484818e-02 -2.215777e-02 -2.933075e-02 -3.632290e-02 -4.309110e-02 -4.959363e-02 -5.579041e-02 -6.164321e-02 -6.711596e-02 -7.217493e-02 -7.678891e-02 -8.092946e-02 -8.457105e-02 -8.769123e-02 -9.027077e-02 -9.229376e-02 -9.374773e-02 -9.462371e-02 -9.491631e-02 
4.760490e-02 4.745815e-02 4.701881e-02 4.628958e-02 4.527495e-02 4.398120e-02 4.241628e-02 4.058985e-02 3.851318e-02 3.619905e-02 3.366175e-02 3.091691e-02 2.798146e-02 2.487349e-02 2.161217e-02 1.821761e-02 1.471072e-02 1.111314e-02 7.447048e-03 3.735038e-03 2.094679e-16 -3.735038e-03 -7.447048e-03 -1.111314e-02 -1.471072e-02 -1.821761e-02 -2.161217e-02 -2.487349e-02 -2.798146e-02 -3.091691e-02 -3.366175e-02 -3.619905e-02 -3.851318e-02 -4.058985e-02 -4.241628e-02 -4.398120e-02 -4.527495e-02 -4.628958e-02 -4.701881e-02 -4.745815e-02 -4.760490e-02 
4.863740e-16 4.521885e-16 4.683394e-16 4.198722e-16 4.296227e-16 4.319617e-16 4.160327e-16 4.024617e-16 4.065615e-16 3.788010e-16 3.830388e-16 3.531083e-16 3.304506e-16 3.072757e-16 3.034988e-16 2.715875e-16 2.583420e-16 2.263872e-16 2.003163e-16 1.775557e-16 1.530875e-16 1.258339e-16 1.063405e-16 8.505926e-17 6.267100e-17 4.668426e-17 2.720573e-17 2.318575e-18 -1.655833e-17 -2.573317e-17 -5.940329e-17 -7.095060e-17 -9.481332e-17 -1.111521e-16 -9.937745e-17 -1.138063e-16 -1.003561e-16 -1.187323e-16 -1.152521e-16 -1.228675e-16 -1.145804e-16 
-4.760490e-02 -4.745815e-02 -4.701881e-02 -4.628958e-02 -4.527495e-02 -4.398120e-02 -4.241628e-02 -4.058985e-02 -3.851318e-02 -3.619905e-02 -3.366175e-02 -3.091691e-02 -2.798146e-02 -2.487349e-02 -2.161217e-02 -1.821761e-02 -1.471072e-02 -1.111314e-02 -7.447048e-03 -3.735038e-03 1.175275e-16 3.735038e-03 7.447048e-03 1.111314e-02 1.471072e-02 1.821761e-02 2.161217e-02 2.487349e-02 2.798146e-02 3.091691e-02 3.366175e-02 3.619905e-02 3.851318e-02 4.058985e-02 4.241628e-02 4.398120e-02 4.527495e-02 4.628958e-02 4.701881e-02 4.745815e-02 4.760490e-02 
-9.491631e-02 -9.462371e-02 -9.374773e-02 -9.229376e-02 -9.027077e-02 -8.769123e-02 -8.457105e-02 -8.092946e-02 -7.678891e-02 -7.217493e-02 -6.711596e-02 -6.164321e-02 -5.579041e-02 -4.959363e-02 -4.309110e-02 -3.632290e-02 -2.933075e-02 -2.215777e-02 -1.484818e-02 -7.447048e-03 8.847090e-17 7.447048e-03 1.484818e-02 2.215777e-02 2.933075e-02 3.632290e-02 4.309110e-02 4.959363e-02 5.579041e-02 6.164321e-02 6.711596e-02 7.217493e-02 7.678891e-02 8.092946e-02 8.457105e-02 8.769123e-02 9.027077e-02 9.229376e-02 9.374773e-02 9.462371e-02 9.491631e-02 
-1.416425e-01 -1.412059e-01 -1.398987e-01 -1.377289e-01 -1.347100e-01 -1.308606e-01 -1.262044e-01 -1.207701e-01 -1.145912e-01 -1.077058e-01 -1.001564e-01 -9.198946e-02 -8.325538e-02 -7.400801e-02 -6.430436e-02 -5.420425e-02 -4.376995e-02 -3.306579e-02 -2.215777e-02 -1.111314e-02 1.092876e-16 1.111314e-02 2.215777e-02 3.306579e-02 4.376995e-02 5.420425e-02 6.430436e-02 7.400801e-02 8.325538e-02 9.198946e-02 1.001564e-01 1.077058e-01 1.145912e-01 1.207701e-01 1.262044e-01 1.308606e-01 1.347100e-01 1.377289e-01 1.398987e-01 1.412059e-01 1.416425e-01 
-1.874955e-01 -1.869175e-01 -1.851871e-01 -1.823149e-01 -1.783188e-01 -1.732232e-01 -1.670597e-01 -1.598662e-01 -1.516870e-01 -1.425727e-01 -1.325793e-01 -1.217686e-01 -1.102071e-01 -9.796611e-02 -8.512116e-02 -7.175141e-02 -5.793928e-02 -4.376995e-02 -2.933075e-02 -1.471072e-02 7.285839e-17 1.471072e-02 2.933075e-02 4.376995e-02 5.793928e-02 7.175141e-02 8.512116e-02 9.796611e-02 1.102071e-01 1.217686e-01 1.325793e-01 1.425727e-01 1.516870e-01 1.598662e-01 1.670597e-01 1.732232e-01 1.783188e-01 1.823149e-01 1.851871e-01 1.869175e-01 1.874955e-01 
-2.321924e-01 -2.314767e-01 -2.293338e-01 -2.257769e-01 -2.208281e-01 -2.145178e-01 -2.068850e-01 -1.979766e-01 -1.878476e-01 -1.765605e-01 -1.641848e-01 -1.507969e-01 -1.364793e-01 -1.213202e-01 -1.054132e-01 -8.885619e-02 -7.175141e-02 -5.420425e-02 -3.632290e-02 -1.821761e-02 -1.249001e-16 1.821761e-02 3.632290e-02 5.420425e-02 7.175141e-02 8.885619e-02 1.054132e-01 1.213202e-01 1.364793e-01 1.507969e-01 1.641848e-01 1.765605e-01 1.878476e-01 1.979766e-01 2.068850e-01 2.145178e-01 2.208281e-01 2.257769e-01 2.293338e-01 2.314767e-01 2.321924e-01 
-2.754579e-01 -2.746087e-01 -2.720665e-01 -2.678469e-01 -2.619760e-01 -2.544899e-01 -2.454347e-01 -2.348664e-01 -2.228501e-01 -2.094598e-01 -1.947781e-01 -1.788956e-01 -1.619101e-01 -1.439263e-01 -1.250552e-01 -1.054132e-01 -8.512116e-02 -6.430436e-02 -4.309110e-02 -2.161217e-02 1.769418e-16 2.161217e-02 4.309110e-02 6.430436e-02 8.512116e-02 1.054132e-01 1.250552e-01 1.439263e-01 1.619101e-01 1.788956e-01 1.947781e-01 2.094598e-01 2.228501e-01 2.348664e-01 2.454347e-01 2.544899e-01 2.619760e-01 2.678469e-01 2.720665e-01 2.746087e-01 2.754579e-01 
-3.170250e-01 -3.160477e-01 -3.131219e-01 -3.082656e-01 -3.015087e-01 -2.928929e-01 -2.824713e-01 -2.703082e-01 -2.564786e-01 -2.410677e-01 -2.241705e-01 -2.058913e-01 -1.863426e-01 -1.656451e-01 -1.439263e-01 -1.213202e-01 -9.796611e-02 -7.400801e-02 -4.959363e-02 -2.487349e-02 1.214306e-16 2.487349e-02 4.959363e-02 7.400801e-02 9.796611e-02 1.213202e-01 1.439263e-01 1.656451e-01 1.863426e-01 2.058913e-01 2.241705e-01 2.410677e-01 2.564786e-01 2.703082e-01 2.824713e-01 2.928929e-01 3.015087e-01 3.082656e-01 3.131219e-01 3.160477e-01 3.170250e-01 
-3.566376e-01 -3.555382e-01 -3.522468e-01 -3.467836e-01 -3.391825e-01 -3.294901e-01 -3.177664e-01 -3.040835e-01 -2.885258e-01 -2.711893e-01 -2.521808e-01 -2.316176e-01 -2.096263e-01 -1.863426e-01 -1.619101e-01 -1.364793e-01 -1.102071e-01 -8.325538e-02 -5.579041e-02 -2.798146e-02 -2.983724e-16 2.798146e-02 5.579041e-02 8.325538e-02 1.102071e-01 1.364793e-01 1.619101e-01 1.863426e-01 2.096263e-01 2.316176e-01 2.521808e-01 2.711893e-01 2.885258e-01 3.040835e-01 3.177664e-01 3.294901e-01 3.391825e-01 3.467836e-01 3.522468e-01 3.555382e-01 3.566376e-01 
-3.940513e-01 -3.928366e-01 -3.891999e-01 -3.831637e-01 -3.747651e-01 -3.640560e-01 -3.511023e-01 -3.359840e-01 -3.187942e-01 -2.996390e-01 -2.786364e-01 -2.559159e-01 -2.316176e-01 -2.058913e-01 -1.788956e-01 -1.507969e-01 -1.217686e-01 -9.198946e-02 -6.164321e-02 -3.091691e-02 1.006140e-16 3.091691e-02 6.164321e-02 9.198946e-02 1.217686e-01 1.507969e-01 1.788956e-01 2.058913e-01 2.316176e-01 2.559159e-01 2.786364e-01 2.996390e-01 3.187942e-01 3.359840e-01 3.511023e-01 3.640560e-01 3.747651e-01 3.831637e-01 3.891999e-01 3.928366e-01 3.940513e-01 
-4.290357e-01 -4.277131e-01 -4.237535e-01 -4.171814e-01 -4.080372e-01 -3.963773e-01 -3.822736e-01 -3.658130e-01 -3.470971e-01 -3.262413e-01 -3.033740e-01 -2.786364e-01 -2.521808e-01 -2.241705e-01 -1.947781e-01 -1.641848e-01 -1.325793e-01 -1.001564e-01 -6.711596e-02 -3.366175e-02 -3.018419e-16 3.366175e-02 6.711596e-02 1.001564e-01 1.325793e-01 1.641848e-01 1.947781e-01 2.241705e-01 2.521808e-01 2.786364e-01 3.033740e-01 3.262413e-01 3.470971e-01 3.658130e-01 3.822736e-01 3.963773e-01 4.080372e-01 4.171814e-01 4.237535e-01 4.277131e-01 4.290357e-01 
-4.613748e-01 -4.599526e-01 -4.556945e-01 -4.486270e-01 -4.387935e-01 -4.262548e-01 -4.110880e-01 -3.933867e-01 -3.732601e-01 -3.508322e-01 -3.262413e-01 -2.996390e-01 -2.711893e-01 -2.410677e-01 -2.094598e-01 -1.765605e-01 -1.425727e-01 -1.077058e-01 -7.217493e-02 -3.619905e-02 2.949030e-16 3.619905e-02 7.217493e-02 1.077058e-01 1.425727e-01 1.765605e-01 2.094598e-01 2.410677e-01 2.711893e-01 2.996390e-01 3.262413e-01 3.508322e-01 3.732601e-01 3.933867e-01 4.110880e-01 4.262548e-01 4.387935e-01 4.486270e-01 4.556945e-01 4.599526e-01 4.613748e-01 
-4.908695e-01 -4.893563e-01 -4.848261e-01 -4.773067e-01 -4.668446e-01 -4.535043e-01 -4.373679e-01 -4.185350e-01 -3.971218e-01 -3.732601e-01 -3.470971e-01 -3.187942e-01 -2.885258e-01 -2.564786e-01 -2.228501e-01 -1.878476e-01 -1.516870e-01 -1.145912e-01 -7.678891e-02 -3.851318e-02 -3.920475e-16 3.851318e-02 7.678891e-02 1.145912e-01 1.516870e-01 1.878476e-01 2.228501e-01 2.564786e-01 2.885258e-01 3.187942e-01 3.470971e-01 3.732601e-01 3.971218e-01 4.185350e-01 4.373679e-01 4.535043e-01 4.668446e-01 4.773067e-01 4.848261e-01 4.893563e-01 4.908695e-01 
-5.173378e-01 -5.157430e-01 -5.109685e-01 -5.030437e-01 -4.920174e-01 -4.779578e-01 -4.609513e-01 -4.411030e-01 -4.185350e-01 -3.933867e-01 -3.658130e-01 -3.359840e-01 -3.040835e-01 -2.703082e-01 -2.348664e-01 -1.979766e-01 -1.598662e-01 -1.207701e-01 -8.092946e-02 -4.058985e-02 -2.289835e-16 4.058985e-02 8.092946e-02 1.207701e-01 1.598662e-01 1.979766e-01 2.348664e-01 2.703082e-01 3.040835e-01 3.359840e-01 3.658130e-01 3.933867e-01 4.185350e-01 4.411030e-01 4.609513e-01 4.779578e-01 4.920174e-01 5.030437e-01 5.109685e-01 5.157430e-01 5.173378e-01 
-5.406165e-01 -5.389499e-01 -5.339606e-01 -5.256792e-01 -5.141568e-01 -4.994645e-01 -4.816928e-01 -4.609513e-01 -4.373679e-01 -4.110880e-01 -3.822736e-01 -3.511023e-01 -3.177664e-01 -2.824713e-01 -2.454347e-01 -2.068850e-01 -1.670597e-01 -1.262044e-01 -8.457105e-02 -4.241628e-02 9.020562e-17 4.241628e-02 8.457105e-02 1.262044e-01 1.670597e-01 2.068850e-01 2.454347e-01 2.824713e-01 3.177664e-01 3.511023e-01 3.822736e-01 4.110880e-01 4.373679e-01 4.609513e-01 4.816928e-01 4.994645e-01 5.141568e-01 5.256792e-01 5.339606e-01 5.389499e-01 5.406165e-01 
-5.605621e-01 -5.588341e-01 -5.536607e-01 -5.450737e-01 -5.331262e-01 -5.178919e-01 -4.994645e-01 -4.779578e-01 -4.535043e-01 -4.262548e-01 -3.963773e-01 -3.640560e-01 -3.294901e-01 -2.928929e-01 -2.544899e-01 -2.145178e-01 -1.732232e-01 -1.308606e-01 -8.769123e-02 -4.398120e-02 -2.983724e-16 4.398120e-02 8.769123e-02 1.308606e-01 1.732232e-01 2.145178e-01 2.544899e-01 2.928929e-01 3.294901e-01 3.640560e-01 3.963773e-01 4.262548e-01 4.535043e-01 4.779578e-01 4.994645e-01 5.178919e-01 5.331262e-01 5.450737e-01 5.536607e-01 5.588341e-01 5.605621e-01 
-5.770517e-01 -5.752728e-01 -5.699472e-01 -5.611077e-01 -5.488088e-01 -5.331262e-01 -5.141568e-01 -4.920174e-01 -4.668446e-01 -4.387935e-01 -4.080372e-01 -3.747651e-01 -3.391825e-01 -3.015087e-01 -2.619760e-01 -2.208281e-01 -1.783188e-01 -1.347100e-01 -9.027077e-02 -4.527495e-02 -1.387779e-16 4.527495e-02 9.027077e-02 1.347100e-01 1.783188e-01 2.208281e-01 2.619760e-01 3.015087e-01 3.391825e-01 3.747651e-01 4.080372e-01 4.387935e-01 4.668446e-01 4.920174e-01 5.141568e-01 5.331262e-01 5.488088e-01 5.611077e-01 5.699472e-01 5.752728e-01 5.770517e-01 
-5.899836e-01 -5.881648e-01 -5.827199e-01 -5.736823e-01 -5.611077e-01 -5.450737e-01 -5.256792e-01 -5.030437e-01 -4.773067e-01 -4.486270e-01 -4.171814e-01 -3.831637e-01 -3.467836e-01 -3.082656e-01 -2.678469e-01 -2.257769e-01 -1.823149e-01 -1.377289e-01 -9.229376e-02 -4.628958e-02 -3.955170e-16 4.628958e-02 9.229376e-02 1.377289e-01 1.823149e-01 2.257769e-01 2.678469e-01 3.082656e-01 3.467836e-01 3.831637e-01 4.171814e-01 4.486270e-01 4.773067e-01 5.030437e-01 5.256792e-01 5.450737e-01 5.611077e-01 5.736823e-01 5.827199e-01 5.881648e-01 5.899836e-01 
-5.992780e-01 -5.974306e-01 -5.918999e-01 -5.827199e-01 -5.699472e-01 -5.536607e-01 -5.339606e-01 -5.109685e-01 -4.848261e-01 -4.556945e-01 -4.237535e-01 -3.891999e-01 -3.522468e-01 -3.131219e-01 -2.720665e-01 -2.293338e-01 -1.851871e-01 -1.398987e-01 -9.374773e-02 -4.701881e-02 3.747003e-16 4.701881e-02 9.374773e-02 1.398987e-01 1.851871e-01 2.293338e-01 2.720665e-01 3.131219e-01 3.522468e-01 3.891999e-01 4.237535e-01 4.556945e-01 4.848261e-01 5.109685e-01 5.339606e-01 5.536607e-01 5.699472e-01 5.827199e-01 5.918999e-01 5.974306e-01 5.992780e-01 
-6.048776e-01 -6.030130e-01 -5.974306e-01 -5.881648e-01 -5.752728e-01 -5.588341e-01 -5.389499e-01 -5.157430e-01 -4.893563e-01 -4.599526e-01 -4.277131e-01 -3.928366e-01 -3.555382e-01 -3.160477e-01 -2.746087e-01 -2.314767e-01 -1.869175e-01 -1.412059e-01 -9.462371e-02 -4.745815e-02 -7.008283e-16 4.745815e-02 9.462371e-02 1.412059e-01 1.869175e-01 2.314767e-01 2.746087e-01 3.160477e-01 3.555382e-01 3.928366e-01 4.277131e-01 4.599526e-01 4.893563e-01 5.157430e-01 5.389499e-01 5.588341e-01 5.752728e-01 5.881648e-01 5.974306e-01 6.030130e-01 6.048776e-01 
-6.067481e-01 -6.048776e-01 -5.992780e-01 -5.899836e-01 -5.770517e-01 -5.605621e-01 -5.406165e-01 -5.173378e-01 -4.908695e-01 -4.613748e-01 -4.290357e-01 -3.940513e-01 -3.566376e-01 -3.170250e-01 -2.754579e-01 -2.321924e-01 -1.874955e-01 -1.416425e-01 -9.491631e-02 -4.760490e-02 3.469447e-16 4.760490e-02 9.491631e-02 1.416425e-01 1.874955e-01 2.321924e-01 2.754579e-01 3.170250e-01 3.566376e-01 3.940513e-01 4.290357e-01 4.613748e-01 4.908695e-01 5.173378e-01 5.406165e-01 5.605621e-01 5.770517e-01 5.899836e-01 5.992780e-01 6.048776e-01 6.067481e-01 
