5.077381e-01 4.966841e-01 4.747543e-01 4.422639e-01 3.998166e-01 3.482848e-01 2.887835e-01 2.226392e-01 1.513540e-01 7.656462e-02 7.077672e-16 -7.656462e-02 -1.513540e-01 -2.226392e-01 -2.887835e-01 -3.482848e-01 -3.998166e-01 -4.422639e-01 -4.747543e-01 -4.966841e-01 -5.077381e-01 
4.951852e-01 4.844693e-01 4.631199e-01 4.314510e-01 3.900564e-01 3.397909e-01 2.817451e-01 2.172151e-01 1.476674e-01 7.469991e-02 -2.206568e-15 -7.469991e-02 -1.476674e-01 -2.172151e-01 -2.817451e-01 -3.397909e-01 -3.900564e-01 -4.314510e-01 -4.631199e-01 -4.844693e-01 -4.951852e-01 
4.722097e-01 4.620338e-01 4.417004e-01 4.115132e-01 3.720416e-01 3.241035e-01 2.687406e-01 2.071906e-01 1.408531e-01 7.125300e-02 1.706968e-15 -7.125300e-02 -1.408531e-01 -2.071906e-01 -2.687406e-01 -3.241035e-01 -3.720416e-01 -4.115132e-01 -4.417004e-01 -4.620338e-01 -4.722097e-01 
4.390867e-01 4.296520e-01 4.107615e-01 3.826999e-01 3.459989e-01 3.014203e-01 2.499343e-01 1.926926e-01 1.309975e-01 6.626748e-02 2.498002e-16 -6.626748e-02 -1.309975e-01 -1.926926e-01 -2.499343e-01 -3.014203e-01 -3.459989e-01 -3.826999e-01 -4.107615e-01 -4.296520e-01 -4.390867e-01 
3.963768e-01 3.878770e-01 3.708344e-01 3.455076e-01 3.123777e-01 2.721336e-01 2.256516e-01 1.739720e-01 1.182711e-01 5.982966e-02 -6.661338e-16 -5.982966e-02 -1.182711e-01 -1.739720e-01 -2.256516e-01 -2.721336e-01 -3.123777e-01 -3.455076e-01 -3.708344e-01 -3.878770e-01 -3.963768e-01 
3.449065e-01 3.375207e-01 3.226974e-01 3.006626e-01 2.718356e-01 2.368162e-01 1.963676e-01 1.513953e-01 1.029230e-01 5.206560e-02 -8.534840e-16 -5.206560e-02 -1.029230e-01 -1.513953e-01 -1.963676e-01 -2.368162e-01 -2.718356e-01 -3.006626e-01 -3.226974e-01 -3.375207e-01 -3.449065e-01 
2.857422e-01 2.796291e-01 2.673522e-01 2.490991e-01 2.252176e-01 1.962048e-01 1.626932e-01 1.254334e-01 8.527343e-02 4.313727e-02 1.873501e-16 -4.313727e-02 -8.527343e-02 -1.254334e-01 -1.626932e-01 -1.962048e-01 -2.252176e-01 -2.490991e-01 -2.673522e-01 -2.796291e-01 -2.857422e-01 
2.201590e-01 2.154519e-01 2.059947e-01 1.919320e-01 1.735321e-01 1.511780e-01 1.253573e-01 9.664823e-02 6.570450e-02 3.323796e-02 -2.324529e-16 -3.323796e-02 -6.570450e-02 -9.664823e-02 -1.253573e-01 -1.511780e-01 -1.735321e-01 -1.919320e-01 -2.059947e-01 -2.154519e-01 -2.201590e-01 
1.496049e-01 1.464076e-01 1.399819e-01 1.304263e-01 1.179231e-01 1.027327e-01 8.518648e-02 6.567733e-02 4.464955e-02 2.258689e-02 1.249001e-16 -2.258689e-02 -4.464955e-02 -6.567733e-02 -8.518648e-02 -1.027327e-01 -1.179231e-01 -1.304263e-01 -1.399819e-01 -1.464076e-01 -1.496049e-01 
7.566129e-02 7.404461e-02 7.079512e-02 6.596261e-02 5.963927e-02 5.195686e-02 4.308291e-02 3.321622e-02 2.258146e-02 1.142330e-02 5.273559e-16 -1.142330e-02 -2.258146e-02 -3.321622e-02 -4.308291e-02 -5.195686e-02 -5.963927e-02 -6.596261e-02 -7.079512e-02 -7.404461e-02 -7.566129e-02 
-9.877384e-17 -1.209781e-16 -1.066948e-16 -1.083240e-16 -1.299805e-16 -1.264670e-16 -1.265797e-16 -1.103141e-16 -9.423316e-17 -6.865948e-17 -4.550363e-17 -2.404823e-17 2.723999e-18 2.705510e-17 4.199536e-17 6.412311e-17 7.433613e-17 1.110019e-16 1.347193e-16 2.046083e-16 2.047101e-16 
-7.566129e-02 -7.404461e-02 -7.079512e-02 -6.596261e-02 -5.963927e-02 -5.195686e-02 -4.308291e-02 -3.321622e-02 -2.258146e-02 -1.142330e-02 1.006140e-16 1.142330e-02 2.258146e-02 3.321622e-02 4.308291e-02 5.195686e-02 5.963927e-02 6.596261e-02 7.079512e-02 7.404461e-02 7.566129e-02 
-1.496049e-01 -1.464076e-01 -1.399819e-01 -1.304263e-01 -1.179231e-01 -1.027327e-01 -8.518648e-02 -6.567733e-02 -4.464955e-02 -2.258689e-02 7.285839e-17 2.258689e-02 4.464955e-02 6.567733e-02 8.518648e-02 1.027327e-01 1.179231e-01 1.304263e-01 1.399819e-01 1.464076e-01 1.496049e-01 
-2.201590e-01 -2.154519e-01 -2.059947e-01 -1.919320e-01 -1.735321e-01 -1.511780e-01 -1.253573e-01 -9.664823e-02 -6.570450e-02 -3.323796e-02 1.387779e-17 3.323796e-02 6.570450e-02 9.664823e-02 1.253573e-01 1.511780e-01 1.735321e-01 1.919320e-01 2.059947e-01 2.154519e-01 2.201590e-01 
-2.857422e-01 -2.796291e-01 -2.673522e-01 -2.490991e-01 -2.252176e-01 -1.962048e-01 -1.626932e-01 -1.254334e-01 -8.527343e-02 -4.313727e-02 -8.951173e-16 4.313727e-02 8.527343e-02 1.254334e-01 1.626932e-01 1.962048e-01 2.252176e-01 2.490991e-01 2.673522e-01 2.796291e-01 2.857422e-01 
-3.449065e-01 -3.375207e-01 -3.226974e-01 -3.006626e-01 -2.718356e-01 -2.368162e-01 -1.963676e-01 -1.513953e-01 -1.029230e-01 -5.206560e-02 9.506285e-16 5.206560e-02 1.029230e-01 1.513953e-01 1.963676e-01 2.368162e-01 2.718356e-01 3.006626e-01 3.226974e-01 3.375207e-01 3.449065e-01 
-3.963768e-01 -3.878770e-01 -3.708344e-01 -3.455076e-01 -3.123777e-01 -2.721336e-01 -2.256516e-01 -1.739720e-01 -1.182711e-01 -5.982966e-02 2.289835e-16 5.982966e-02 1.182711e-01 1.739720e-01 2.256516e-01 2.721336e-01 3.123777e-01 3.455076e-01 3.708344e-01 3.878770e-01 3.963768e-01 
-4.390867e-01 -4.296520e-01 -4.107615e-01 -3.826999e-01 -3.459989e-01 -3.014203e-01 -2.499343e-01 -1.926926e-01 -1.309975e-01 -6.626748e-02 -6.938894e-18 6.626748e-02 1.309975e-01 1.926926e-01 2.499343e-01 3.014203e-01 3.459989e-01 3.826999e-01 4.107615e-01 4.296520e-01 4.390867e-01 
-4.722097e-01 -4.620338e-01 -4.417004e-01 -4.115132e-01 -3.720416e-01 -3.241035e-01 -2.687406e-01 -2.071906e-01 -1.408531e-01 -7.125300e-02 -2.775558e-17 7.125300e-02 1.408531e-01 2.071906e-01 2.687406e-01 3.241035e-01 3.720416e-01 4.115132e-01 4.417004e-01 4.620338e-01 4.722097e-01 
-4.951852e-01 -4.844693e-01 -4.631199e-01 -4.314510e-01 -3.900564e-01 -3.397909e-01 -2.817451e-01 -2.172151e-01 -1.476674e-01 -7.469991e-02 -4.024558e-16 7.469991e-02 1.476674e-01 2.172151e-01 2.817451e-01 3.397909e-01 3.900564e-01 4.314510e-01 4.631199e-01 4.844693e-01 4.951852e-01 
-5.077381e-01 -4.966841e-01 -4.747543e-01 -4.422639e-01 -3.998166e-01 -3.482848e-01 -2.887835e-01 -2.226392e-01 -1.513540e-01 -7.656462e-02 3.053113e-16 7.656462e-02 1.513540e-01 2.226392e-01 2.887835e-01 3.482848e-01 3.998166e-01 4.422639e-01 4.747543e-01 4.966841e-01 5.077381e-01 
