6.074013e-01 5.999232e-01 5.776730e-01 5.411985e-01 4.913980e-01 4.294976e-01 3.570215e-01 2.757544e-01 1.876973e-01 9.501850e-02 -1.387779e-16 -9.501850e-02 -1.876973e-01 -2.757544e-01 -3.570215e-01 -4.294976e-01 -4.913980e-01 -5.411985e-01 -5.776730e-01 -5.999232e-01 -6.074013e-01 
5.999232e-01 5.925371e-01 5.705608e-01 5.345355e-01 4.853480e-01 4.242097e-01 3.526260e-01 2.723594e-01 1.853865e-01 9.384866e-02 -4.857226e-17 -9.384866e-02 -1.853865e-01 -2.723594e-01 -3.526260e-01 -4.242097e-01 -4.853480e-01 -5.345355e-01 -5.705608e-01 -5.925371e-01 -5.999232e-01 
5.776730e-01 5.705608e-01 5.493996e-01 5.147104e-01 4.673472e-01 4.084765e-01 3.395476e-01 2.622580e-01 1.785108e-01 9.036796e-02 1.387779e-17 -9.036796e-02 -1.785108e-01 -2.622580e-01 -3.395476e-01 -4.084765e-01 -4.673472e-01 -5.147104e-01 -5.493996e-01 -5.705608e-01 -5.776730e-01 
5.411985e-01 5.345355e-01 5.147104e-01 4.822114e-01 4.378388e-01 3.826851e-01 3.181085e-01 2.456990e-01 1.672395e-01 8.466210e-02 -3.885781e-16 -8.466210e-02 -1.672395e-01 -2.456990e-01 -3.181085e-01 -3.826851e-01 -4.378388e-01 -4.822114e-01 -5.147104e-01 -5.345355e-01 -5.411985e-01 
4.913980e-01 4.853480e-01 4.673472e-01 4.378388e-01 3.975493e-01 3.474708e-01 2.888365e-01 2.230900e-01 1.518503e-01 7.687158e-02 4.163336e-17 -7.687158e-02 -1.518503e-01 -2.230900e-01 -2.888365e-01 -3.474708e-01 -3.975493e-01 -4.378388e-01 -4.673472e-01 -4.853480e-01 -4.913980e-01 
4.294976e-01 4.242097e-01 4.084765e-01 3.826851e-01 3.474708e-01 3.037006e-01 2.524523e-01 1.949878e-01 1.327220e-01 6.718822e-02 -1.179612e-16 -6.718822e-02 -1.327220e-01 -1.949878e-01 -2.524523e-01 -3.037006e-01 -3.474708e-01 -3.826851e-01 -4.084765e-01 -4.242097e-01 -4.294976e-01 
3.570215e-01 3.526260e-01 3.395476e-01 3.181085e-01 2.888365e-01 2.524523e-01 2.098520e-01 1.620844e-01 1.103257e-01 5.585047e-02 -9.714451e-17 -5.585047e-02 -1.103257e-01 -1.620844e-01 -2.098520e-01 -2.524523e-01 -2.888365e-01 -3.181085e-01 -3.395476e-01 -3.526260e-01 -3.570215e-01 
2.757544e-01 2.723594e-01 2.622580e-01 2.456990e-01 2.230900e-01 1.949878e-01 1.620844e-01 1.251899e-01 8.521280e-02 4.313749e-02 -5.551115e-17 -4.313749e-02 -8.521280e-02 -1.251899e-01 -1.620844e-01 -1.949878e-01 -2.230900e-01 -2.456990e-01 -2.622580e-01 -2.723594e-01 -2.757544e-01 
1.876973e-01 1.853865e-01 1.785108e-01 1.672395e-01 1.518503e-01 1.327220e-01 1.103257e-01 8.521280e-02 5.800166e-02 2.936233e-02 -4.857226e-17 -2.936233e-02 -5.800166e-02 -8.521280e-02 -1.103257e-01 -1.327220e-01 -1.518503e-01 -1.672395e-01 -1.785108e-01 -1.853865e-01 -1.876973e-01 
9.501850e-02 9.384866e-02 9.036796e-02 8.466210e-02 7.687158e-02 6.718822e-02 5.585047e-02 4.313749e-02 2.936233e-02 1.486417e-02 -1.231654e-16 -1.486417e-02 -2.936233e-02 -4.313749e-02 -5.585047e-02 -6.718822e-02 -7.687158e-02 -8.466210e-02 -9.036796e-02 -9.384866e-02 -9.501850e-02 
-8.101942e-17 -5.668463e-17 -4.540524e-17 -4.486164e-17 -3.263617e-17 -3.944778e-17 -5.537924e-17 -6.120478e-17 -6.340783e-17 -6.217676e-17 -6.255099e-17 -6.619315e-17 -8.280177e-17 -7.657527e-17 -9.042505e-17 -8.803045e-17 -1.020116e-16 -1.016809e-16 -1.312382e-16 -1.520818e-16 -1.239076e-16 
-9.501850e-02 -9.384866e-02 -9.036796e-02 -8.466210e-02 -7.687158e-02 -6.718822e-02 -5.585047e-02 -4.313749e-02 -2.936233e-02 -1.486417e-02 -1.370432e-16 1.486417e-02 2.936233e-02 4.313749e-02 5.585047e-02 6.718822e-02 7.687158e-02 8.466210e-02 9.036796e-02 9.384866e-02 9.501850e-02 
-1.876973e-01 -1.853865e-01 -1.785108e-01 -1.672395e-01 -1.518503e-01 -1.327220e-01 -1.103257e-01 -8.521280e-02 -5.800166e-02 -2.936233e-02 -1.249001e-16 2.936233e-02 5.800166e-02 8.521280e-02 1.103257e-01 1.327220e-01 1.518503e-01 1.672395e-01 1.785108e-01 1.853865e-01 1.876973e-01 
-2.757544e-01 -2.723594e-01 -2.622580e-01 -2.456990e-01 -2.230900e-01 -1.949878e-01 -1.620844e-01 -1.251899e-01 -8.521280e-02 -4.313749e-02 3.122502e-17 4.313749e-02 8.521280e-02 1.251899e-01 1.620844e-01 1.949878e-01 2.230900e-01 2.456990e-01 2.622580e-01 2.723594e-01 2.757544e-01 
-3.570215e-01 -3.526260e-01 -3.395476e-01 -3.181085e-01 -2.888365e-01 -2.524523e-01 -2.098520e-01 -1.620844e-01 -1.103257e-01 -5.585047e-02 -1.665335e-16 5.585047e-02 1.103257e-01 1.620844e-01 2.098520e-01 2.524523e-01 2.888365e-01 3.181085e-01 3.395476e-01 3.526260e-01 3.570215e-01 
-4.294976e-01 -4.242097e-01 -4.084765e-01 -3.826851e-01 -3.474708e-01 -3.037006e-01 -2.524523e-01 -1.949878e-01 -1.327220e-01 -6.718822e-02 6.938894e-18 6.718822e-02 1.327220e-01 1.949878e-01 2.524523e-01 3.037006e-01 3.474708e-01 3.826851e-01 4.084765e-01 4.242097e-01 4.294976e-01 
-4.913980e-01 -4.853480e-01 -4.673472e-01 -4.378388e-01 -3.975493e-01 -3.474708e-01 -2.888365e-01 -2.230900e-01 -1.518503e-01 -7.687158e-02 -1.595946e-16 7.687158e-02 1.518503e-01 2.230900e-01 2.888365e-01 3.474708e-01 3.975493e-01 4.378388e-01 4.673472e-01 4.853480e-01 4.913980e-01 
-5.411985e-01 -5.345355e-01 -5.147104e-01 -4.822114e-01 -4.378388e-01 -3.826851e-01 -3.181085e-01 -2.456990e-01 -1.672395e-01 -8.466210e-02 -1.873501e-16 8.466210e-02 1.672395e-01 2.456990e-01 3.181085e-01 3.826851e-01 4.378388e-01 4.822114e-01 5.147104e-01 5.345355e-01 5.411985e-01 
-5.776730e-01 -5.705608e-01 -5.493996e-01 -5.147104e-01 -4.673472e-01 -4.084765e-01 -3.395476e-01 -2.622580e-01 -1.785108e-01 -9.036796e-02 3.469447e-17 9.036796e-02 1.785108e-01 2.622580e-01 3.395476e-01 4.084765e-01 4.673472e-01 5.147104e-01 5.493996e-01 5.705608e-01 5.776730e-01 
-5.999232e-01 -5.925371e-01 -5.705608e-01 -5.345355e-01 -4.853480e-01 -4.242097e-01 -3.526260e-01 -2.723594e-01 -1.853865e-01 -9.384866e-02 -1.249001e-16 9.384866e-02 1.853865e-01 2.723594e-01 3.526260e-01 4.242097e-01 4.853480e-01 5.345355e-01 5.705608e-01 5.925371e-01 5.999232e-01 
-6.074013e-01 -5.999232e-01 -5.776730e-01 -5.411985e-01 -4.913980e-01 -4.294976e-01 -3.570215e-01 -2.757544e-01 -1.876973e-01 -9.501850e-02 -9.714451e-17 9.501850e-02 1.876973e-01 2.757544e-01 3.570215e-01 4.294976e-01 4.913980e-01 5.411985e-01 5.776730e-01 5.999232e-01 6.074013e-01 
