6.074013e-01 5.999232e-01 5.776730e-01 5.411985e-01 4.913980e-01 4.294976e-01 3.570215e-01 2.757544e-01 1.876973e-01 9.501850e-02 1.387779e-17 -9.501850e-02 -1.876973e-01 -2.757544e-01 -3.570215e-01 -4.294976e-01 -4.913980e-01 -5.411985e-01 -5.776730e-01 -5.999232e-01 -6.074013e-01 
5.999232e-01 5.925371e-01 5.705608e-01 5.345355e-01 4.853480e-01 4.242097e-01 3.526260e-01 2.723594e-01 1.853865e-01 9.384866e-02 6.938894e-18 -9.384866e-02 -1.853865e-01 -2.723594e-01 -3.526260e-01 -4.242097e-01 -4.853480e-01 -5.345355e-01 -5.705608e-01 -5.925371e-01 -5.999232e-01 
5.776730e-01 5.705608e-01 5.493996e-01 5.147104e-01 4.673472e-01 4.084765e-01 3.395476e-01 2.622580e-01 1.785108e-01 9.036796e-02 -4.857226e-17 -9.036796e-02 -1.785108e-01 -2.622580e-01 -3.395476e-01 -4.084765e-01 -4.673472e-01 -5.147104e-01 -5.493996e-01 -5.705608e-01 -5.776730e-01 
5.411985e-01 5.345355e-01 5.147104e-01 4.822114e-01 4.378388e-01 3.826851e-01 3.181085e-01 2.456990e-01 1.672395e-01 8.466210e-02 2.567391e-16 -8.466210e-02 -1.672395e-01 -2.456990e-01 -3.181085e-01 -3.826851e-01 -4.378388e-01 -4.822114e-01 -5.147104e-01 -5.345355e-01 -5.411985e-01 
4.913980e-01 4.853480e-01 4.673472e-01 4.378388e-01 3.975493e-01 3.474708e-01 2.888365e-01 2.230900e-01 1.518503e-01 7.687158e-02 -6.245005e-17 -7.687158e-02 -1.518503e-01 -2.230900e-01 -2.888365e-01 -3.474708e-01 -3.975493e-01 -4.378388e-01 -4.673472e-01 -4.853480e-01 -4.913980e-01 
4.294976e-01 4.242097e-01 4.084765e-01 3.826851e-01 3.474708e-01 3.037006e-01 2.524523e-01 1.949878e-01 1.327220e-01 6.718822e-02 7.632783e-17 -6.718822e-02 -1.327220e-01 -1.949878e-01 -2.524523e-01 -3.037006e-01 -3.474708e-01 -3.826851e-01 -4.084765e-01 -4.242097e-01 -4.294976e-01 
3.570215e-01 3.526260e-01 3.395476e-01 3.181085e-01 2.888365e-01 2.524523e-01 2.098520e-01 1.620844e-01 1.103257e-01 5.585047e-02 1.387779e-17 -5.585047e-02 -1.103257e-01 -1.620844e-01 -2.098520e-01 -2.524523e-01 -2.888365e-01 -3.181085e-01 -3.395476e-01 -3.526260e-01 -3.570215e-01 
2.757544e-01 2.723594e-01 2.622580e-01 2.456990e-01 2.230900e-01 1.949878e-01 1.620844e-01 1.251899e-01 8.521280e-02 4.313749e-02 -3.122502e-17 -4.313749e-02 -8.521280e-02 -1.251899e-01 -1.620844e-01 -1.949878e-01 -2.230900e-01 -2.456990e-01 -2.622580e-01 -2.723594e-01 -2.757544e-01 
1.876973e-01 1.853865e-01 1.785108e-01 1.672395e-01 1.518503e-01 1.327220e-01 1.103257e-01 8.521280e-02 5.800166e-02 2.936233e-02 7.632783e-17 -2.936233e-02 -5.800166e-02 -8.521280e-02 -1.103257e-01 -1.327220e-01 -1.518503e-01 -1.672395e-01 -1.785108e-01 -1.853865e-01 -1.876973e-01 
9.501850e-02 9.384866e-02 9.036796e-02 8.466210e-02 7.687158e-02 6.718822e-02 5.585047e-02 4.313749e-02 2.936233e-02 1.486417e-02 5.204170e-18 -1.486417e-02 -2.936233e-02 -4.313749e-02 -5.585047e-02 -6.718822e-02 -7.687158e-02 -8.466210e-02 -9.036796e-02 -9.384866e-02 -9.501850e-02 
7.127899e-17 8.863917e-17 6.649755e-17 5.600069e-17 4.405148e-17 5.060718e-17 2.164510e-17 7.091581e-18 -6.833520e-18 -2.821410e-17 -3.885634e-17 -5.509532e-17 -5.987674e-17 -7.054472e-17 -7.787840e-17 -6.645839e-17 -4.489530e-17 -5.310811e-17 -7.039228e-17 -5.569125e-17 -6.151221e-17 
-9.501850e-02 -9.384866e-02 -9.036796e-02 -8.466210e-02 -7.687158e-02 -6.718822e-02 -5.585047e-02 -4.313749e-02 -2.936233e-02 -1.486417e-02 3.469447e-18 1.486417e-02 2.936233e-02 4.313749e-02 5.585047e-02 6.718822e-02 7.687158e-02 8.466210e-02 9.036796e-02 9.384866e-02 9.501850e-02 
-1.876973e-01 -1.853865e-01 -1.785108e-01 -1.672395e-01 -1.518503e-01 -1.327220e-01 -1.103257e-01 -8.521280e-02 -5.800166e-02 -2.936233e-02 7.979728e-17 2.936233e-02 5.800166e-02 8.521280e-02 1.103257e-01 1.327220e-01 1.518503e-01 1.672395e-01 1.785108e-01 1.853865e-01 1.876973e-01 
-2.757544e-01 -2.723594e-01 -2.622580e-01 -2.456990e-01 -2.230900e-01 -1.949878e-01 -1.620844e-01 -1.251899e-01 -8.521280e-02 -4.313749e-02 -1.075529e-16 4.313749e-02 8.521280e-02 1.251899e-01 1.620844e-01 1.949878e-01 2.230900e-01 2.456990e-01 2.622580e-01 2.723594e-01 2.757544e-01 
-3.570215e-01 -3.526260e-01 -3.395476e-01 -3.181085e-01 -2.888365e-01 -2.524523e-01 -2.098520e-01 -1.620844e-01 -1.103257e-01 -5.585047e-02 2.081668e-17 5.585047e-02 1.103257e-01 1.620844e-01 2.098520e-01 2.524523e-01 2.888365e-01 3.181085e-01 3.395476e-01 3.526260e-01 3.570215e-01 
-4.294976e-01 -4.242097e-01 -4.084765e-01 -3.826851e-01 -3.474708e-01 -3.037006e-01 -2.524523e-01 -1.949878e-01 -1.327220e-01 -6.718822e-02 1.110223e-16 6.718822e-02 1.327220e-01 1.949878e-01 2.524523e-01 3.037006e-01 3.474708e-01 3.826851e-01 4.084765e-01 4.242097e-01 4.294976e-01 
-4.913980e-01 -4.853480e-01 -4.673472e-01 -4.378388e-01 -3.975493e-01 -3.474708e-01 -2.888365e-01 -2.230900e-01 -1.518503e-01 -7.687158e-02 -2.775558e-17 7.687158e-02 1.518503e-01 2.230900e-01 2.888365e-01 3.474708e-01 3.975493e-01 4.378388e-01 4.673472e-01 4.853480e-01 4.913980e-01 
-5.411985e-01 -5.345355e-01 -5.147104e-01 -4.822114e-01 -4.378388e-01 -3.826851e-01 -3.181085e-01 -2.456990e-01 -1.672395e-01 -8.466210e-02 -4.857226e-17 8.466210e-02 1.672395e-01 2.456990e-01 3.181085e-01 3.826851e-01 4.378388e-01 4.822114e-01 5.147104e-01 5.345355e-01 5.411985e-01 
-5.776730e-01 -5.705608e-01 -5.493996e-01 -5.147104e-01 -4.673472e-01 -4.084765e-01 -3.395476e-01 -2.622580e-01 -1.785108e-01 -9.036796e-02 -1.387779e-16 9.036796e-02 1.785108e-01 2.622580e-01 3.395476e-01 4.084765e-01 4.673472e-01 5.147104e-01 5.493996e-01 5.705608e-01 5.776730e-01 
-5.999232e-01 -5.925371e-01 -5.705608e-01 -5.345355e-01 -4.853480e-01 -4.242097e-01 -3.526260e-01 -2.723594e-01 -1.853865e-01 -9.384866e-02 1.734723e-16 9.384866e-02 1.853865e-01 2.723594e-01 3.526260e-01 4.242097e-01 4.853480e-01 5.345355e-01 5.705608e-01 5.925371e-01 5.999232e-01 
-6.074013e-01 -5.999232e-01 -5.776730e-01 -5.411985e-01 -4.913980e-01 -4.294976e-01 -3.570215e-01 -2.757544e-01 -1.876973e-01 -9.501850e-02 -2.012279e-16 9.501850e-02 1.876973e-01 2.757544e-01 3.570215e-01 4.294976e-01 4.913980e-01 5.411985e-01 5.776730e-01 5.999232e-01 6.074013e-01 
