2.151268e-03 2.123106e-03 2.039278e-03 1.901730e-03 1.713622e-03 1.479228e-03 1.203798e-03 8.934296e-04 5.549091e-04 1.955678e-04 1.768572e-04 5.543222e-04 9.285200e-04 1.290864e-03 1.632448e-03 1.944053e-03 2.216298e-03 2.440002e-03 2.606792e-03 2.709863e-03 2.744747e-03 
2.123106e-03 2.095302e-03 2.012536e-03 1.876726e-03 1.690989e-03 1.459537e-03 1.187556e-03 8.810605e-04 5.467561e-04 1.918867e-04 1.758971e-04 5.486366e-04 9.181088e-04 1.275815e-03 1.612945e-03 1.920398e-03 2.188927e-03 2.409505e-03 2.573917e-03 2.675497e-03 2.709872e-03 
2.039278e-03 2.012536e-03 1.932927e-03 1.802286e-03 1.623599e-03 1.400903e-03 1.139176e-03 8.442037e-04 5.224399e-04 1.808701e-04 1.731152e-04 5.318135e-04 8.872565e-04 1.231210e-03 1.555158e-03 1.850341e-03 2.107913e-03 2.319294e-03 2.476721e-03 2.573924e-03 2.606808e-03 
1.901730e-03 1.876726e-03 1.802286e-03 1.680111e-03 1.512970e-03 1.304620e-03 1.059698e-03 7.836071e-04 4.823904e-04 1.626037e-04 1.687956e-04 5.045355e-04 8.370779e-04 1.158635e-03 1.461182e-03 1.736518e-03 1.976435e-03 2.173051e-03 2.319299e-03 2.409517e-03 2.440022e-03 
1.713622e-03 1.690989e-03 1.623599e-03 1.512970e-03 1.361584e-03 1.172810e-03 9.508245e-04 7.005053e-04 4.273261e-04 1.372485e-04 1.633754e-04 4.678798e-04 7.693379e-04 1.060595e-03 1.334309e-03 1.583037e-03 1.799410e-03 1.976437e-03 2.107920e-03 2.188940e-03 2.216319e-03 
1.479228e-03 1.459537e-03 1.400903e-03 1.304620e-03 1.172810e-03 1.008368e-03 8.148919e-04 5.966020e-04 3.582565e-04 1.050640e-04 1.573957e-04 4.232384e-04 6.863295e-04 9.403322e-04 1.178770e-03 1.395129e-03 1.583037e-03 1.736521e-03 1.850348e-03 1.920410e-03 1.944073e-03 
1.203798e-03 1.187556e-03 1.139176e-03 1.059698e-03 9.508245e-04 8.148919e-04 6.548174e-04 4.740446e-04 2.764809e-04 6.643461e-05 1.514451e-04 3.722232e-04 5.907311e-04 8.016228e-04 9.994494e-04 1.178769e-03 1.334309e-03 1.461184e-03 1.555163e-03 1.612955e-03 1.632463e-03 
8.934296e-04 8.810605e-04 8.442037e-04 7.836071e-04 7.005053e-04 5.966020e-04 4.740446e-04 3.353932e-04 1.835848e-04 2.189503e-05 1.461009e-04 3.165694e-04 4.854629e-04 6.485763e-04 8.016215e-04 9.403302e-04 1.060593e-03 1.158635e-03 1.231211e-03 1.275820e-03 1.290874e-03 
5.549091e-04 5.467561e-04 5.224399e-04 4.823904e-04 4.273261e-04 3.582565e-04 2.764809e-04 1.835848e-04 8.143187e-05 2.784791e-05 1.418753e-04 2.580445e-04 3.735557e-04 4.854608e-04 5.907276e-04 6.863249e-04 7.693330e-04 8.370734e-04 8.872533e-04 9.181078e-04 9.285223e-04 
1.955678e-04 1.918867e-04 1.808701e-04 1.626037e-04 1.372485e-04 1.050640e-04 6.643461e-05 2.189503e-05 2.784791e-05 8.189944e-05 1.391689e-04 1.983713e-04 2.580420e-04 3.165647e-04 3.722167e-04 4.232304e-04 4.678709e-04 5.045261e-04 5.318042e-04 5.486281e-04 5.543156e-04 
1.768572e-04 1.758971e-04 1.731152e-04 1.687956e-04 1.633754e-04 1.573957e-04 1.514451e-04 1.461009e-04 1.418753e-04 1.391689e-04 1.382367e-04 1.391662e-04 1.418700e-04 1.460932e-04 1.514351e-04 1.573836e-04 1.633615e-04 1.687803e-04 1.730988e-04 1.758800e-04 1.768404e-04 
5.543222e-04 5.486366e-04 5.318135e-04 5.045355e-04 4.678798e-04 4.232384e-04 3.722232e-04 3.165694e-04 2.580445e-04 1.983713e-04 1.391662e-04 8.189399e-05 2.783959e-05 2.190622e-05 6.644863e-05 1.050808e-04 1.372679e-04 1.626257e-04 1.808945e-04 1.919132e-04 1.955956e-04 
9.285200e-04 9.181088e-04 8.872565e-04 8.370779e-04 7.693379e-04 6.863295e-04 5.907311e-04 4.854629e-04 3.735557e-04 2.580420e-04 1.418700e-04 2.783959e-05 8.144345e-05 1.835997e-04 2.764994e-04 3.582786e-04 4.273518e-04 4.824197e-04 5.224730e-04 5.467928e-04 5.549487e-04 
1.290864e-03 1.275815e-03 1.231210e-03 1.158635e-03 1.060595e-03 9.403322e-04 8.016228e-04 6.485763e-04 4.854608e-04 3.165647e-04 1.460932e-04 2.190622e-05 1.835997e-04 3.354122e-04 4.740679e-04 5.966297e-04 7.005377e-04 7.836442e-04 8.442459e-04 8.811078e-04 8.934812e-04 
1.632448e-03 1.612945e-03 1.555158e-03 1.461182e-03 1.334309e-03 1.178770e-03 9.994494e-04 8.016215e-04 5.907276e-04 3.722167e-04 1.514351e-04 6.644863e-05 2.764994e-04 4.740679e-04 6.548458e-04 8.149256e-04 9.508639e-04 1.059743e-03 1.139228e-03 1.187614e-03 1.203862e-03 
1.944053e-03 1.920398e-03 1.850341e-03 1.736518e-03 1.583037e-03 1.395129e-03 1.178769e-03 9.403302e-04 6.863249e-04 4.232304e-04 1.573836e-04 1.050808e-04 3.582786e-04 5.966297e-04 8.149256e-04 1.008408e-03 1.172857e-03 1.304674e-03 1.400964e-03 1.459607e-03 1.479304e-03 
2.216298e-03 2.188927e-03 2.107913e-03 1.976435e-03 1.799410e-03 1.583037e-03 1.334309e-03 1.060593e-03 7.693330e-04 4.678709e-04 1.633615e-04 1.372679e-04 4.273518e-04 7.005377e-04 9.508639e-04 1.172857e-03 1.361638e-03 1.513033e-03 1.623670e-03 1.691069e-03 1.713711e-03 
2.440002e-03 2.409505e-03 2.319294e-03 2.173051e-03 1.976437e-03 1.736521e-03 1.461184e-03 1.158635e-03 8.370734e-04 5.045261e-04 1.687803e-04 1.626257e-04 4.824197e-04 7.836442e-04 1.059743e-03 1.304674e-03 1.513033e-03 1.680184e-03 1.802369e-03 1.876818e-03 1.901831e-03 
2.606792e-03 2.573917e-03 2.476721e-03 2.319299e-03 2.107920e-03 1.850348e-03 1.555163e-03 1.231211e-03 8.872533e-04 5.318042e-04 1.730988e-04 1.808945e-04 5.224730e-04 8.442459e-04 1.139228e-03 1.400964e-03 1.623670e-03 1.802369e-03 1.933020e-03 2.012640e-03 2.039392e-03 
2.709863e-03 2.675497e-03 2.573924e-03 2.409517e-03 2.188940e-03 1.920410e-03 1.612955e-03 1.275820e-03 9.181078e-04 5.486281e-04 1.758800e-04 1.919132e-04 5.467928e-04 8.811078e-04 1.187614e-03 1.459607e-03 1.691069e-03 1.876818e-03 2.012640e-03 2.095417e-03 2.123232e-03 
2.744747e-03 2.709872e-03 2.606808e-03 2.440022e-03 2.216319e-03 1.944073e-03 1.632463e-03 1.290874e-03 9.285223e-04 5.543156e-04 1.768404e-04 1.955956e-04 5.549487e-04 8.934812e-04 1.203862e-03 1.479304e-03 1.713711e-03 1.901831e-03 2.039392e-03 2.123232e-03 2.151403e-03 
