5.373979e-04 5.356412e-04 5.303813e-04 5.216492e-04 5.094959e-04 4.939926e-04 4.752292e-04 4.533143e-04 4.283739e-04 4.005508e-04 3.700032e-04 3.369037e-04 3.014387e-04 2.638064e-04 2.242166e-04 1.828887e-04 1.400507e-04 9.593848e-05 5.079410e-05 4.865242e-06 4.159576e-05 8.833248e-05 1.350848e-04 1.815890e-04 2.275778e-04 2.727806e-04 3.169229e-04 3.597267e-04 4.009111e-04 4.401933e-04 4.772898e-04 5.119194e-04 5.438058e-04 5.726820e-04 5.982944e-04 6.204085e-04 6.388137e-04 6.533290e-04 6.638076e-04 6.701414e-04 6.722638e-04 
5.356412e-04 5.338900e-04 5.286468e-04 5.199423e-04 5.078275e-04 4.923731e-04 4.736689e-04 4.518231e-04 4.269612e-04 3.992255e-04 3.687737e-04 3.357780e-04 3.004239e-04 2.629092e-04 2.234430e-04 1.822439e-04 1.395394e-04 9.556452e-05 5.056074e-05 4.774985e-06 4.154109e-05 8.813175e-05 1.347375e-04 1.810955e-04 2.269391e-04 2.719982e-04 3.159993e-04 3.586651e-04 3.997157e-04 4.388689e-04 4.758426e-04 5.103563e-04 5.421350e-04 5.709126e-04 5.964368e-04 6.184740e-04 6.368148e-04 6.512790e-04 6.617205e-04 6.680318e-04 6.701467e-04 
5.303813e-04 5.286468e-04 5.234534e-04 5.148316e-04 5.028319e-04 4.875241e-04 4.689971e-04 4.473580e-04 4.227311e-04 3.952572e-04 3.650923e-04 3.324070e-04 2.973850e-04 2.602224e-04 2.211260e-04 1.803127e-04 1.380077e-04 9.444410e-05 4.986117e-05 4.503791e-06 4.137849e-05 8.753199e-05 1.336993e-04 1.796196e-04 2.250284e-04 2.696579e-04 3.132366e-04 3.554898e-04 3.961400e-04 4.349080e-04 4.715143e-04 5.056817e-04 5.371384e-04 5.656216e-04 5.908823e-04 6.126902e-04 6.308386e-04 6.451502e-04 6.554811e-04 6.617253e-04 6.638176e-04 
5.216492e-04 5.199423e-04 5.148316e-04 5.063471e-04 4.945383e-04 4.794738e-04 4.612409e-04 4.399449e-04 4.157078e-04 3.886682e-04 3.589795e-04 3.268094e-04 2.923387e-04 2.557603e-04 2.172778e-04 1.771046e-04 1.354627e-04 9.258155e-05 4.869700e-05 4.050415e-06 4.111213e-05 8.654043e-05 1.319805e-04 1.771750e-04 2.218630e-04 2.657802e-04 3.086590e-04 3.502287e-04 3.902160e-04 4.283462e-04 4.643447e-04 4.979394e-04 5.288638e-04 5.568605e-04 5.816860e-04 6.031151e-04 6.209462e-04 6.350060e-04 6.451542e-04 6.512877e-04 6.533429e-04 
5.094959e-04 5.078275e-04 5.028319e-04 4.945383e-04 4.829949e-04 4.682687e-04 4.504449e-04 4.296261e-04 4.059314e-04 3.794959e-04 3.504696e-04 3.190163e-04 2.853125e-04 2.495468e-04 2.119182e-04 1.726356e-04 1.319160e-04 8.998418e-05 4.707096e-05 3.412879e-06 4.074887e-05 8.516892e-05 1.295982e-04 1.737841e-04 2.174708e-04 2.603990e-04 3.023064e-04 3.429278e-04 3.819960e-04 4.192424e-04 4.543992e-04 4.872014e-04 5.173895e-04 5.447138e-04 5.689380e-04 5.898441e-04 6.072371e-04 6.209495e-04 6.308459e-04 6.368267e-04 6.388307e-04 
4.939926e-04 4.923731e-04 4.875241e-04 4.794738e-04 4.682687e-04 4.539738e-04 4.366714e-04 4.164608e-04 3.934575e-04 3.677922e-04 3.396104e-04 3.090707e-04 2.763447e-04 2.416150e-04 2.050752e-04 1.669279e-04 1.273841e-04 8.666221e-05 4.498699e-05 2.588613e-06 4.029799e-05 8.343372e-05 1.265757e-04 1.694778e-04 2.118903e-04 2.535606e-04 2.942332e-04 3.336502e-04 3.715516e-04 4.076771e-04 4.417672e-04 4.735656e-04 5.028221e-04 5.292962e-04 5.527608e-04 5.730066e-04 5.898467e-04 6.031209e-04 6.126999e-04 6.184883e-04 6.204277e-04 
4.752292e-04 4.736689e-04 4.689971e-04 4.612409e-04 4.504449e-04 4.366714e-04 4.199995e-04 4.005243e-04 3.783569e-04 3.536231e-04 3.264624e-04 2.970278e-04 2.654842e-04 2.320076e-04 1.967843e-04 1.600098e-04 1.218878e-04 8.262894e-05 4.245038e-05 1.574643e-06 3.977100e-05 8.135510e-05 1.229425e-04 1.642946e-04 2.051698e-04 2.453234e-04 2.845081e-04 3.224748e-04 3.589726e-04 3.937508e-04 4.265600e-04 4.571543e-04 4.852943e-04 5.107505e-04 5.333063e-04 5.527628e-04 5.689426e-04 5.816937e-04 5.908938e-04 5.964527e-04 5.983151e-04 
4.533143e-04 4.518231e-04 4.473580e-04 4.399449e-04 4.296261e-04 4.164608e-04 4.005243e-04 3.819072e-04 3.607153e-04 3.370682e-04 3.110992e-04 2.829540e-04 2.527901e-04 2.207757e-04 1.870887e-04 1.519162e-04 1.154529e-04 7.790076e-05 3.946790e-05 3.678224e-07 3.918126e-05 7.895696e-05 1.187332e-04 1.582806e-04 1.973667e-04 2.357563e-04 2.732122e-04 3.094951e-04 3.443650e-04 3.775821e-04 4.089087e-04 4.381109e-04 4.649617e-04 4.892434e-04 5.107519e-04 5.292996e-04 5.447197e-04 5.568695e-04 5.656342e-04 5.709294e-04 5.727035e-04 
4.283739e-04 4.269612e-04 4.227311e-04 4.157078e-04 4.059314e-04 3.934575e-04 3.783569e-04 3.607153e-04 3.406321e-04 3.182205e-04 2.936063e-04 2.669271e-04 2.383318e-04 2.079797e-04 1.760392e-04 1.426876e-04 1.081097e-04 7.249721e-05 3.604798e-05 1.034908e-06 3.854365e-05 7.626631e-05 1.139873e-04 1.514879e-04 1.885462e-04 2.249383e-04 2.604378e-04 2.948173e-04 3.278489e-04 3.593053e-04 3.889616e-04 4.165975e-04 4.419991e-04 4.649627e-04 4.852968e-04 5.028265e-04 5.173962e-04 5.288735e-04 5.371515e-04 5.421522e-04 5.438274e-04 
4.005508e-04 3.992255e-04 3.952572e-04 3.886682e-04 3.794959e-04 3.677922e-04 3.536231e-04 3.370682e-04 3.182205e-04 2.971856e-04 2.740809e-04 2.490353e-04 2.221880e-04 1.936880e-04 1.636935e-04 1.323707e-04 9.989309e-05 6.644109e-05 3.220085e-05 2.636235e-06 3.787414e-05 7.331276e-05 1.087484e-04 1.439743e-04 1.787809e-04 2.129564e-04 2.462872e-04 2.785590e-04 3.095571e-04 3.390681e-04 3.668815e-04 3.927912e-04 4.165981e-04 4.381125e-04 4.571572e-04 4.735703e-04 4.872084e-04 4.979492e-04 5.056948e-04 5.103732e-04 5.119404e-04 
3.700032e-04 3.687737e-04 3.650923e-04 3.589795e-04 3.504696e-04 3.396104e-04 3.264624e-04 3.110992e-04 2.936063e-04 2.740809e-04 2.526316e-04 2.293773e-04 2.044466e-04 1.779776e-04 1.501167e-04 1.210179e-04 9.084269e-05 5.975853e-05 2.793877e-05 4.438175e-06 3.718939e-05 7.012796e-05 1.030635e-04 1.358025e-04 1.681490e-04 1.999050e-04 2.308710e-04 2.608467e-04 2.896324e-04 3.170295e-04 3.428429e-04 3.668818e-04 3.889624e-04 4.089104e-04 4.265630e-04 4.417719e-04 4.544061e-04 4.643541e-04 4.715268e-04 4.758586e-04 4.773097e-04 
3.369037e-04 3.357780e-04 3.324070e-04 3.268094e-04 3.190163e-04 3.090707e-04 2.970278e-04 2.829540e-04 2.669271e-04 2.490353e-04 2.293773e-04 2.080612e-04 1.852045e-04 1.609329e-04 1.353803e-04 1.086876e-04 8.100258e-05 5.247903e-05 2.327619e-05 6.441776e-06 3.650632e-05 6.674502e-05 9.698207e-05 1.270387e-04 1.567339e-04 1.858845e-04 2.143064e-04 2.418149e-04 2.682260e-04 2.933572e-04 3.170295e-04 3.390683e-04 3.593059e-04 3.775836e-04 3.937535e-04 4.076814e-04 4.192486e-04 4.283548e-04 4.349194e-04 4.388836e-04 4.402115e-04 
3.014387e-04 3.004239e-04 2.973850e-04 2.923387e-04 2.853125e-04 2.763447e-04 2.654842e-04 2.527901e-04 2.383318e-04 2.221880e-04 2.044466e-04 1.852045e-04 1.645667e-04 1.426460e-04 1.195625e-04 9.544329e-05 7.042134e-05 4.463553e-05 1.822989e-05 8.646825e-06 3.584168e-05 6.319798e-05 9.055577e-05 1.177523e-04 1.446225e-04 1.709998e-04 1.967162e-04 2.216039e-04 2.454955e-04 2.682256e-04 2.896319e-04 3.095568e-04 3.278491e-04 3.443659e-04 3.589746e-04 3.715550e-04 3.820011e-04 3.902233e-04 3.961498e-04 3.997284e-04 4.009271e-04 
2.638064e-04 2.629092e-04 2.602224e-04 2.557603e-04 2.495468e-04 2.416150e-04 2.320076e-04 2.207757e-04 2.079797e-04 1.936880e-04 1.779776e-04 1.609329e-04 1.426460e-04 1.232157e-04 1.027478e-04 8.135406e-05 5.915198e-05 3.626444e-05 1.281919e-05 1.105157e-05 3.521164e-05 5.952122e-05 8.383740e-05 1.080146e-04 1.319050e-04 1.553593e-04 1.782273e-04 2.003585e-04 2.216033e-04 2.418140e-04 2.608456e-04 2.785580e-04 2.948167e-04 3.094951e-04 3.224757e-04 3.336523e-04 3.429314e-04 3.502342e-04 3.554976e-04 3.586755e-04 3.597399e-04 
2.242166e-04 2.234430e-04 2.211260e-04 2.172778e-04 2.119182e-04 2.050752e-04 1.967843e-04 1.870887e-04 1.760392e-04 1.636935e-04 1.501167e-04 1.353803e-04 1.195625e-04 1.027478e-04 8.502639e-05 6.649404e-05 4.725182e-05 2.740567e-05 7.066033e-06 1.365246e-05 3.463142e-05 5.574900e-05 7.688041e-05 9.789826e-05 1.186731e-04 1.390740e-04 1.589692e-04 1.782265e-04 1.967149e-04 2.143046e-04 2.308690e-04 2.462853e-04 2.604361e-04 2.732109e-04 2.845076e-04 2.942337e-04 3.023081e-04 3.086624e-04 3.132419e-04 3.160068e-04 3.169330e-04 
1.828887e-04 1.822439e-04 1.803127e-04 1.771046e-04 1.726356e-04 1.669279e-04 1.600098e-04 1.519162e-04 1.426876e-04 1.323707e-04 1.210179e-04 1.086876e-04 9.544329e-05 8.135406e-05 6.649404e-05 5.094225e-05 3.478240e-05 1.810261e-05 9.951191e-07 1.644395e-05 3.411493e-05 5.191495e-05 6.973826e-05 8.747664e-05 1.050199e-04 1.222562e-04 1.390731e-04 1.553576e-04 1.709974e-04 1.858817e-04 1.999019e-04 2.129532e-04 2.249352e-04 2.357535e-04 2.453211e-04 2.535591e-04 2.603985e-04 2.657811e-04 2.696603e-04 2.720025e-04 2.727871e-04 
1.400507e-04 1.395394e-04 1.380077e-04 1.354627e-04 1.319160e-04 1.273841e-04 1.218878e-04 1.154529e-04 1.081097e-04 9.989309e-05 9.084269e-05 8.100258e-05 7.042134e-05 5.915198e-05 4.725182e-05 3.478240e-05 2.180932e-05 8.402096e-06 5.366019e-06 1.941824e-05 3.367450e-05 4.805166e-05 6.246388e-05 7.682290e-05 9.103848e-05 1.050188e-04 1.186711e-04 1.319021e-04 1.446190e-04 1.567298e-04 1.681446e-04 1.787762e-04 1.885415e-04 1.973620e-04 2.051655e-04 2.118865e-04 2.174678e-04 2.218610e-04 2.250277e-04 2.269398e-04 2.275803e-04 
9.593848e-05 9.556452e-05 9.444410e-05 9.258155e-05 8.998418e-05 8.666221e-05 8.262894e-05 7.790076e-05 7.249721e-05 6.644109e-05 5.975853e-05 5.247903e-05 4.463553e-05 3.626444e-05 2.740567e-05 1.810261e-05 8.402096e-06 1.645615e-06 1.198697e-05 2.256522e-05 3.332055e-05 4.419031e-05 5.510919e-05 6.600956e-05 7.682173e-05 8.747439e-05 9.789503e-05 1.080105e-04 1.177474e-04 1.270332e-04 1.357965e-04 1.439679e-04 1.514812e-04 1.582738e-04 1.642880e-04 1.694714e-04 1.737782e-04 1.771698e-04 1.796153e-04 1.810922e-04 1.815871e-04 
5.079410e-05 5.056074e-05 4.986117e-05 4.869700e-05 4.707096e-05 4.498699e-05 4.245038e-05 3.946790e-05 3.604798e-05 3.220085e-05 2.793877e-05 2.327619e-05 1.822989e-05 1.281919e-05 7.066033e-06 9.951191e-07 5.366019e-06 1.198697e-05 1.883444e-05 2.587225e-05 3.306143e-05 4.036031e-05 4.772468e-05 5.510795e-05 6.246145e-05 6.973471e-05 7.687582e-05 8.383185e-05 9.054935e-05 9.697489e-05 1.030556e-04 1.087401e-04 1.139785e-04 1.187241e-04 1.229333e-04 1.265665e-04 1.295891e-04 1.319718e-04 1.336911e-04 1.347300e-04 1.350782e-04 
4.865242e-06 4.774985e-06 4.503791e-06 4.050415e-06 3.412879e-06 2.588613e-06 1.574643e-06 3.678224e-07 1.034908e-06 2.636235e-06 4.438175e-06 6.441776e-06 8.646825e-06 1.105157e-05 1.365246e-05 1.644395e-05 1.941824e-05 2.256522e-05 2.587225e-05 2.932417e-05 3.290323e-05 3.658911e-05 4.035902e-05 4.418775e-05 4.804789e-05 5.191001e-05 5.574294e-05 5.951411e-05 6.318988e-05 6.673603e-05 7.011815e-05 7.330223e-05 7.625516e-05 7.894530e-05 8.134305e-05 8.342139e-05 8.515644e-05 8.652791e-05 8.751958e-05 8.811961e-05 8.832091e-05 
4.159576e-05 4.154109e-05 4.137849e-05 4.111213e-05 4.074887e-05 4.029799e-05 3.977100e-05 3.918126e-05 3.854365e-05 3.787414e-05 3.718939e-05 3.650632e-05 3.584168e-05 3.521164e-05 3.463142e-05 3.411493e-05 3.367450e-05 3.332055e-05 3.306143e-05 3.290323e-05 3.284964e-05 3.290191e-05 3.305880e-05 3.331662e-05 3.366930e-05 3.410849e-05 3.462377e-05 3.520283e-05 3.583176e-05 3.649536e-05 3.717744e-05 3.786128e-05 3.852996e-05 3.916682e-05 3.975590e-05 4.028232e-05 4.073272e-05 4.109559e-05 4.136165e-05 4.152410e-05 4.157893e-05 
8.833248e-05 8.813175e-05 8.753199e-05 8.654043e-05 8.516892e-05 8.343372e-05 8.135510e-05 7.895696e-05 7.626631e-05 7.331276e-05 7.012796e-05 6.674502e-05 6.319798e-05 5.952122e-05 5.574900e-05 5.191495e-05 4.805166e-05 4.419031e-05 4.036031e-05 3.658911e-05 3.290191e-05 2.932151e-05 2.586825e-05 2.255987e-05 1.941155e-05 1.643593e-05 1.364313e-05 1.104096e-05 8.634961e-06 6.428701e-06 4.423933e-06 2.620879e-06 1.018493e-06 3.852344e-07 1.592988e-06 2.607827e-06 3.432904e-06 4.071198e-06 4.525275e-06 4.797054e-06 4.887555e-06 
1.350848e-04 1.347375e-04 1.336993e-04 1.319805e-04 1.295982e-04 1.265757e-04 1.229425e-04 1.187332e-04 1.139873e-04 1.087484e-04 1.030635e-04 9.698207e-05 9.055577e-05 8.383740e-05 7.688041e-05 6.973826e-05 6.246388e-05 5.510919e-05 4.772468e-05 4.035902e-05 3.305880e-05 2.586825e-05 1.882904e-05 1.198016e-05 5.357776e-06 1.004794e-06 7.077138e-06 1.283172e-05 1.824383e-05 2.329151e-05 2.795545e-05 3.221886e-05 3.606728e-05 3.948846e-05 4.247216e-05 4.500994e-05 4.709506e-05 4.872223e-05 4.988750e-05 5.058808e-05 5.082209e-05 
1.815890e-04 1.810955e-04 1.796196e-04 1.771750e-04 1.737841e-04 1.694778e-04 1.642946e-04 1.582806e-04 1.514879e-04 1.439743e-04 1.358025e-04 1.270387e-04 1.177523e-04 1.080146e-04 9.789826e-05 8.747664e-05 7.682290e-05 6.600956e-05 5.510795e-05 4.418775e-05 3.331662e-05 2.255987e-05 1.198016e-05 1.637299e-06 8.411942e-06 1.811400e-05 2.741863e-05 3.627897e-05 4.465164e-05 5.249671e-05 5.977778e-05 6.646190e-05 7.251955e-05 7.792462e-05 8.265431e-05 8.668906e-05 9.001251e-05 9.261139e-05 9.447544e-05 9.559730e-05 9.597231e-05 
2.275778e-04 2.269391e-04 2.250284e-04 2.218630e-04 2.174708e-04 2.118903e-04 2.051698e-04 1.973667e-04 1.885462e-04 1.787809e-04 1.681490e-04 1.567339e-04 1.446225e-04 1.319050e-04 1.186731e-04 1.050199e-04 9.103848e-05 7.682173e-05 6.246145e-05 4.804789e-05 3.366930e-05 1.941155e-05 5.357776e-06 8.411942e-06 2.182081e-05 3.479558e-05 4.726671e-05 5.916861e-05 7.043973e-05 8.102274e-05 9.086463e-05 9.991681e-05 1.081352e-04 1.154802e-04 1.219169e-04 1.274150e-04 1.319488e-04 1.354973e-04 1.380442e-04 1.395777e-04 1.400905e-04 
2.727806e-04 2.719982e-04 2.696579e-04 2.657802e-04 2.603990e-04 2.535606e-04 2.453234e-04 2.357563e-04 2.249383e-04 2.129564e-04 1.999050e-04 1.858845e-04 1.709998e-04 1.553593e-04 1.390740e-04 1.222562e-04 1.050188e-04 8.747439e-05 6.973471e-05 5.191001e-05 3.410849e-05 1.643593e-05 1.004794e-06 1.811400e-05 3.479558e-05 5.095726e-05 6.651092e-05 8.137287e-05 9.546405e-05 1.087103e-04 1.210427e-04 1.323974e-04 1.427164e-04 1.519471e-04 1.600428e-04 1.669629e-04 1.726728e-04 1.771441e-04 1.803544e-04 1.822879e-04 1.829346e-04 
3.169229e-04 3.159993e-04 3.132366e-04 3.086590e-04 3.023064e-04 2.942332e-04 2.845081e-04 2.732122e-04 2.604378e-04 2.462872e-04 2.308710e-04 2.143064e-04 1.967162e-04 1.782273e-04 1.589692e-04 1.390731e-04 1.186711e-04 9.789503e-05 7.687582e-05 5.574294e-05 3.462377e-05 1.364313e-05 7.077138e-06 2.741863e-05 4.726671e-05 6.651092e-05 8.504533e-05 1.027689e-04 1.195858e-04 1.354057e-04 1.501443e-04 1.637234e-04 1.760714e-04 1.871233e-04 1.968213e-04 2.051146e-04 2.119601e-04 2.173223e-04 2.211732e-04 2.234928e-04 2.242687e-04 
3.597267e-04 3.586651e-04 3.554898e-04 3.502287e-04 3.429278e-04 3.336502e-04 3.224748e-04 3.094951e-04 2.948173e-04 2.785590e-04 2.608467e-04 2.418149e-04 2.216039e-04 2.003585e-04 1.782265e-04 1.553576e-04 1.319021e-04 1.080105e-04 8.383185e-05 5.951411e-05 3.520283e-05 1.104096e-05 1.283172e-05 3.627897e-05 5.916861e-05 8.137287e-05 1.027689e-04 1.232391e-04 1.426717e-04 1.609611e-04 1.780083e-04 1.937212e-04 2.080154e-04 2.208141e-04 2.320486e-04 2.416588e-04 2.495934e-04 2.558099e-04 2.602750e-04 2.629649e-04 2.638647e-04 
4.009111e-04 3.997157e-04 3.961400e-04 3.902160e-04 3.819960e-04 3.715516e-04 3.589726e-04 3.443650e-04 3.278489e-04 3.095571e-04 2.896324e-04 2.682260e-04 2.454955e-04 2.216033e-04 1.967149e-04 1.709974e-04 1.446190e-04 1.177474e-04 9.054935e-05 6.318988e-05 3.583176e-05 8.634961e-06 1.824383e-05 4.465164e-05 7.043973e-05 9.546405e-05 1.195858e-04 1.426717e-04 1.645950e-04 1.852355e-04 2.044803e-04 2.222245e-04 2.383712e-04 2.528324e-04 2.655294e-04 2.763929e-04 2.853639e-04 2.923934e-04 2.974432e-04 3.004854e-04 3.015031e-04 
4.401933e-04 4.388689e-04 4.349080e-04 4.283462e-04 4.192424e-04 4.076771e-04 3.937508e-04 3.775821e-04 3.593053e-04 3.390681e-04 3.170295e-04 2.933572e-04 2.682256e-04 2.418140e-04 2.143046e-04 1.858817e-04 1.567298e-04 1.270332e-04 9.697489e-05 6.673603e-05 3.649536e-05 6.428701e-06 2.329151e-05 5.249671e-05 8.102274e-05 1.087103e-04 1.354057e-04 1.609611e-04 1.852355e-04 2.080951e-04 2.294142e-04 2.490752e-04 2.669701e-04 2.830003e-04 2.970773e-04 3.091236e-04 3.190726e-04 3.268693e-04 3.324707e-04 3.358454e-04 3.369744e-04 
4.772898e-04 4.758426e-04 4.715143e-04 4.643447e-04 4.543992e-04 4.417672e-04 4.265600e-04 4.089087e-04 3.889616e-04 3.668815e-04 3.428429e-04 3.170295e-04 2.896319e-04 2.608456e-04 2.308690e-04 1.999019e-04 1.681446e-04 1.357965e-04 1.030556e-04 7.011815e-05 3.717744e-05 4.423933e-06 2.795545e-05 5.977778e-05 9.086463e-05 1.210427e-04 1.501443e-04 1.780083e-04 2.044803e-04 2.294142e-04 2.526718e-04 2.741244e-04 2.936531e-04 3.111495e-04 3.265163e-04 3.396679e-04 3.505309e-04 3.590447e-04 3.651616e-04 3.688471e-04 3.700801e-04 
5.119194e-04 5.103563e-04 5.056817e-04 4.979394e-04 4.872014e-04 4.735656e-04 4.571543e-04 4.381109e-04 4.165975e-04 3.927912e-04 3.668818e-04 3.390683e-04 3.095568e-04 2.785580e-04 2.462853e-04 2.129532e-04 1.787762e-04 1.439679e-04 1.087401e-04 7.330223e-05 3.786128e-05 2.620879e-06 3.221886e-05 6.646190e-05 9.991681e-05 1.323974e-04 1.637234e-04 1.937212e-04 2.222245e-04 2.490752e-04 2.741244e-04 2.972326e-04 3.182712e-04 3.371226e-04 3.536813e-04 3.678544e-04 3.795622e-04 3.887387e-04 3.953321e-04 3.993049e-04 4.006340e-04 
5.438058e-04 5.421350e-04 5.371384e-04 5.288638e-04 5.173895e-04 5.028221e-04 4.852943e-04 4.649617e-04 4.419991e-04 4.165981e-04 3.889624e-04 3.593059e-04 3.278491e-04 2.948167e-04 2.604361e-04 2.249352e-04 1.885415e-04 1.514812e-04 1.139785e-04 7.625516e-05 3.852996e-05 1.018493e-06 3.606728e-05 7.251955e-05 1.081352e-04 1.427164e-04 1.760714e-04 2.080154e-04 2.383712e-04 2.669701e-04 2.936531e-04 3.182712e-04 3.406867e-04 3.607739e-04 3.784197e-04 3.935244e-04 4.060027e-04 4.157837e-04 4.228117e-04 4.270465e-04 4.284633e-04 
5.726820e-04 5.709126e-04 5.656216e-04 5.568605e-04 5.447138e-04 5.292962e-04 5.107505e-04 4.892434e-04 4.649627e-04 4.381125e-04 4.089104e-04 3.775836e-04 3.443659e-04 3.094951e-04 2.732109e-04 2.357535e-04 1.973620e-04 1.582738e-04 1.187241e-04 7.894530e-05 3.916682e-05 3.852344e-07 3.948846e-05 7.792462e-05 1.154802e-04 1.519471e-04 1.871233e-04 2.208141e-04 2.528324e-04 2.830003e-04 3.111495e-04 3.371226e-04 3.607739e-04 3.819702e-04 4.005916e-04 4.165326e-04 4.297025e-04 4.400260e-04 4.474442e-04 4.519142e-04 4.534097e-04 
5.982944e-04 5.964368e-04 5.908823e-04 5.816860e-04 5.689380e-04 5.527608e-04 5.333063e-04 5.107519e-04 4.852968e-04 4.571572e-04 4.265630e-04 3.937535e-04 3.589746e-04 3.224757e-04 2.845076e-04 2.453211e-04 2.051655e-04 1.642880e-04 1.229333e-04 8.134305e-05 3.975590e-05 1.592988e-06 4.247216e-05 8.265431e-05 1.219169e-04 1.600428e-04 1.968213e-04 2.320486e-04 2.655294e-04 2.970773e-04 3.265163e-04 3.536813e-04 3.784197e-04 4.005916e-04 4.200714e-04 4.367481e-04 4.505265e-04 4.613275e-04 4.690889e-04 4.737659e-04 4.753307e-04 
6.204085e-04 6.184740e-04 6.126902e-04 6.031151e-04 5.898441e-04 5.730066e-04 5.527628e-04 5.292996e-04 5.028265e-04 4.735703e-04 4.417719e-04 4.076814e-04 3.715550e-04 3.336523e-04 2.942337e-04 2.535591e-04 2.118865e-04 1.694714e-04 1.265665e-04 8.342139e-05 4.028232e-05 2.607827e-06 4.500994e-05 8.668906e-05 1.274150e-04 1.669629e-04 2.051146e-04 2.416588e-04 2.763929e-04 3.091236e-04 3.396679e-04 3.678544e-04 3.935244e-04 4.165326e-04 4.367481e-04 4.540555e-04 4.683555e-04 4.795658e-04 4.876216e-04 4.924760e-04 4.941002e-04 
6.388137e-04 6.368148e-04 6.308386e-04 6.209462e-04 6.072371e-04 5.898467e-04 5.689426e-04 5.447197e-04 5.173962e-04 4.872084e-04 4.544061e-04 4.192486e-04 3.820011e-04 3.429314e-04 3.023081e-04 2.603985e-04 2.174678e-04 1.737782e-04 1.295891e-04 8.515644e-05 4.073272e-05 3.432904e-06 4.709506e-05 9.001251e-05 1.319488e-04 1.726728e-04 2.119601e-04 2.495934e-04 2.853639e-04 3.190726e-04 3.505309e-04 3.795622e-04 4.060027e-04 4.297025e-04 4.505265e-04 4.683555e-04 4.830870e-04 4.946358e-04 5.029351e-04 5.079363e-04 5.096096e-04 
6.533290e-04 6.512790e-04 6.451502e-04 6.350060e-04 6.209495e-04 6.031209e-04 5.816937e-04 5.568695e-04 5.288735e-04 4.979492e-04 4.643541e-04 4.283548e-04 3.902233e-04 3.502342e-04 3.086624e-04 2.657811e-04 2.218610e-04 1.771698e-04 1.319718e-04 8.652791e-05 4.109559e-05 4.071198e-06 4.872223e-05 9.261139e-05 1.354973e-04 1.771441e-04 2.173223e-04 2.558099e-04 2.923934e-04 3.268693e-04 3.590447e-04 3.887387e-04 4.157837e-04 4.400260e-04 4.613275e-04 4.795658e-04 4.946358e-04 5.064504e-04 5.149407e-04 5.200572e-04 5.217690e-04 
6.638076e-04 6.617205e-04 6.554811e-04 6.451542e-04 6.308459e-04 6.126999e-04 5.908938e-04 5.656342e-04 5.371515e-04 5.056948e-04 4.715268e-04 4.349194e-04 3.961498e-04 3.554976e-04 3.132419e-04 2.696603e-04 2.250277e-04 1.796153e-04 1.336911e-04 8.751958e-05 4.136165e-05 4.525275e-06 4.988750e-05 9.447544e-05 1.380442e-04 1.803544e-04 2.211732e-04 2.602750e-04 2.974432e-04 3.324707e-04 3.651616e-04 3.953321e-04 4.228117e-04 4.474442e-04 4.690889e-04 4.876216e-04 5.029351e-04 5.149407e-04 5.235685e-04 5.287678e-04 5.305073e-04 
6.701414e-04 6.680318e-04 6.617253e-04 6.512877e-04 6.368267e-04 6.184883e-04 5.964527e-04 5.709294e-04 5.421522e-04 5.103732e-04 4.758586e-04 4.388836e-04 3.997284e-04 3.586755e-04 3.160068e-04 2.720025e-04 2.269398e-04 1.810922e-04 1.347300e-04 8.811961e-05 4.152410e-05 4.797054e-06 5.058808e-05 9.559730e-05 1.395777e-04 1.822879e-04 2.234928e-04 2.629649e-04 3.004854e-04 3.358454e-04 3.688471e-04 3.993049e-04 4.270465e-04 4.519142e-04 4.737659e-04 4.924760e-04 5.079363e-04 5.200572e-04 5.287678e-04 5.340170e-04 5.357733e-04 
6.722638e-04 6.701467e-04 6.638176e-04 6.533429e-04 6.388307e-04 6.204277e-04 5.983151e-04 5.727035e-04 5.438274e-04 5.119404e-04 4.773097e-04 4.402115e-04 4.009271e-04 3.597399e-04 3.169330e-04 2.727871e-04 2.275803e-04 1.815871e-04 1.350782e-04 8.832091e-05 4.157893e-05 4.887555e-06 5.082209e-05 9.597231e-05 1.400905e-04 1.829346e-04 2.242687e-04 2.638647e-04 3.015031e-04 3.369744e-04 3.700801e-04 4.006340e-04 4.284633e-04 4.534097e-04 4.753307e-04 4.941002e-04 5.096096e-04 5.217690e-04 5.305073e-04 5.357733e-04 5.375352e-04 
