2.832592e-05 2.828910e-05 2.817836e-05 2.799295e-05 2.773158e-05 2.739246e-05 2.697335e-05 2.647151e-05 2.588377e-05 2.520654e-05 2.443585e-05 2.356736e-05 2.259641e-05 2.151808e-05 2.032720e-05 1.901841e-05 1.758622e-05 1.602504e-05 1.432927e-05 1.249330e-05 1.051161e-05 8.378841e-06 6.089794e-06 3.639549e-06 1.023493e-06 1.762609e-06 4.722564e-06 7.859690e-06 1.117677e-05 1.467598e-05 1.835887e-05 2.222630e-05 2.627839e-05 3.051452e-05 3.493324e-05 3.953229e-05 4.430856e-05 4.925804e-05 5.437587e-05 5.965626e-05 6.509254e-05 7.067712e-05 7.640153e-05 8.225640e-05 8.823149e-05 9.431574e-05 1.004972e-04 1.067633e-04 1.131004e-04 1.194944e-04 1.259305e-04 1.323932e-04 1.388664e-04 1.453335e-04 1.517777e-04 1.581814e-04 1.645269e-04 1.707962e-04 1.769712e-04 1.830336e-04 1.889651e-04 1.947476e-04 2.003630e-04 2.057933e-04 2.110212e-04 2.160296e-04 2.208017e-04 2.253217e-04 2.295742e-04 2.335445e-04 2.372188e-04 2.405844e-04 2.436294e-04 2.463429e-04 2.487151e-04 2.507377e-04 2.524032e-04 2.537057e-04 2.546403e-04 2.552036e-04 2.553935e-04 
2.828910e-05 2.825229e-05 2.814160e-05 2.795626e-05 2.769499e-05 2.735601e-05 2.693708e-05 2.643545e-05 2.584797e-05 2.517104e-05 2.440070e-05 2.353261e-05 2.256212e-05 2.148432e-05 2.029404e-05 1.898592e-05 1.755449e-05 1.599416e-05 1.429932e-05 1.246439e-05 1.048386e-05 8.352346e-06 6.064682e-06 3.615946e-06 1.001532e-06 1.782789e-06 4.740820e-06 7.875874e-06 1.119072e-05 1.468755e-05 1.836790e-05 2.223262e-05 2.628184e-05 3.051493e-05 3.493045e-05 3.952612e-05 4.429885e-05 4.924463e-05 5.435859e-05 5.963495e-05 6.506704e-05 7.064729e-05 7.636722e-05 8.221747e-05 8.818783e-05 9.426721e-05 1.004437e-04 1.067047e-04 1.130366e-04 1.194254e-04 1.258562e-04 1.323135e-04 1.387813e-04 1.452430e-04 1.516817e-04 1.580800e-04 1.644201e-04 1.706840e-04 1.768537e-04 1.829109e-04 1.888373e-04 1.946147e-04 2.002251e-04 2.056507e-04 2.108740e-04 2.158779e-04 2.206458e-04 2.251618e-04 2.294104e-04 2.333771e-04 2.370482e-04 2.404108e-04 2.434530e-04 2.461640e-04 2.485341e-04 2.505548e-04 2.522188e-04 2.535201e-04 2.544539e-04 2.550167e-04 2.552064e-04 
2.817836e-05 2.814160e-05 2.803104e-05 2.784592e-05 2.758497e-05 2.724642e-05 2.682801e-05 2.632703e-05 2.574031e-05 2.506429e-05 2.429500e-05 2.342813e-05 2.245904e-05 2.138283e-05 2.019434e-05 1.888826e-05 1.745910e-05 1.590131e-05 1.420930e-05 1.237749e-05 1.040041e-05 8.272690e-06 5.989180e-06 3.544977e-06 9.354950e-07 1.843481e-06 4.795735e-06 7.924567e-06 1.123274e-05 1.472241e-05 1.839513e-05 2.225173e-05 2.629233e-05 3.051630e-05 3.492219e-05 3.950775e-05 4.426985e-05 4.920451e-05 5.430687e-05 5.957115e-05 6.499070e-05 7.055796e-05 7.626446e-05 8.210088e-05 8.805702e-05 9.412181e-05 1.002834e-04 1.065291e-04 1.128456e-04 1.192187e-04 1.256335e-04 1.320747e-04 1.385263e-04 1.449718e-04 1.513942e-04 1.577762e-04 1.641000e-04 1.703479e-04 1.765017e-04 1.825431e-04 1.884541e-04 1.942164e-04 1.998121e-04 2.052233e-04 2.104328e-04 2.154234e-04 2.201786e-04 2.246825e-04 2.289197e-04 2.328758e-04 2.365369e-04 2.398904e-04 2.429244e-04 2.456280e-04 2.479917e-04 2.500069e-04 2.516664e-04 2.529641e-04 2.538953e-04 2.544566e-04 2.546458e-04 
2.799295e-05 2.795626e-05 2.784592e-05 2.766119e-05 2.740077e-05 2.706293e-05 2.664540e-05 2.614550e-05 2.556008e-05 2.488558e-05 2.411807e-05 2.325324e-05 2.228650e-05 2.121295e-05 2.002749e-05 1.872480e-05 1.729945e-05 1.574591e-05 1.405863e-05 1.223206e-05 1.026074e-05 8.139363e-06 5.862794e-06 3.426165e-06 8.249190e-07 1.945131e-06 4.887744e-06 8.006193e-06 1.130322e-05 1.478096e-05 1.844095e-05 2.228401e-05 2.631025e-05 3.051902e-05 3.490888e-05 3.947757e-05 4.422198e-05 4.913813e-05 5.422116e-05 5.946533e-05 6.486399e-05 7.040962e-05 7.609378e-05 8.190717e-05 8.783964e-05 9.388017e-05 1.000169e-04 1.062373e-04 1.125280e-04 1.188749e-04 1.252633e-04 1.316778e-04 1.381024e-04 1.445208e-04 1.509161e-04 1.572710e-04 1.635679e-04 1.697890e-04 1.759163e-04 1.819316e-04 1.878169e-04 1.935541e-04 1.991252e-04 2.045127e-04 2.096992e-04 2.146677e-04 2.194018e-04 2.238856e-04 2.281038e-04 2.320422e-04 2.356869e-04 2.390252e-04 2.420455e-04 2.447369e-04 2.470898e-04 2.490959e-04 2.507478e-04 2.520396e-04 2.529666e-04 2.535254e-04 2.537137e-04 
2.773158e-05 2.769499e-05 2.758497e-05 2.740077e-05 2.714113e-05 2.680429e-05 2.638803e-05 2.588966e-05 2.530608e-05 2.463374e-05 2.386874e-05 2.300681e-05 2.204338e-05 2.097361e-05 1.979241e-05 1.849452e-05 1.707455e-05 1.552701e-05 1.384638e-05 1.202718e-05 1.006398e-05 7.951519e-06 5.684708e-06 3.258720e-06 6.690383e-07 2.088484e-06 5.017568e-06 8.121455e-06 1.140285e-05 1.486388e-05 1.850603e-05 2.233012e-05 2.633625e-05 3.052375e-05 3.489117e-05 3.943627e-05 4.415592e-05 4.904617e-05 5.410218e-05 5.931823e-05 6.468770e-05 7.020309e-05 7.585602e-05 8.163724e-05 8.753664e-05 9.354327e-05 9.964537e-05 1.058304e-04 1.120851e-04 1.183955e-04 1.247468e-04 1.311240e-04 1.375110e-04 1.438917e-04 1.502491e-04 1.565662e-04 1.628255e-04 1.690093e-04 1.750996e-04 1.810784e-04 1.869279e-04 1.926300e-04 1.981670e-04 2.035214e-04 2.086758e-04 2.136135e-04 2.183181e-04 2.227739e-04 2.269657e-04 2.308793e-04 2.345011e-04 2.378183e-04 2.408195e-04 2.434938e-04 2.458319e-04 2.478252e-04 2.494666e-04 2.507501e-04 2.516712e-04 2.522264e-04 2.524135e-04 
2.739246e-05 2.735601e-05 2.724642e-05 2.706293e-05 2.680429e-05 2.646877e-05 2.605416e-05 2.555782e-05 2.497664e-05 2.430713e-05 2.354541e-05 2.268727e-05 2.172816e-05 2.066330e-05 1.948765e-05 1.819601e-05 1.678302e-05 1.524325e-05 1.357126e-05 1.176160e-05 9.808915e-06 7.707986e-06 5.453786e-06 3.041542e-06 4.667899e-07 2.274569e-06 5.186210e-06 8.271329e-06 1.153260e-05 1.497210e-05 1.859130e-05 2.239099e-05 2.637124e-05 3.053139e-05 3.486998e-05 3.938476e-05 4.407262e-05 4.892962e-05 5.395094e-05 5.913089e-05 6.446289e-05 6.993950e-05 7.555238e-05 8.129235e-05 8.714935e-05 9.311251e-05 9.917018e-05 1.053099e-04 1.115185e-04 1.177820e-04 1.240860e-04 1.304153e-04 1.367542e-04 1.430865e-04 1.493955e-04 1.556643e-04 1.618754e-04 1.680113e-04 1.740544e-04 1.799866e-04 1.857903e-04 1.914476e-04 1.969408e-04 2.022527e-04 2.073661e-04 2.122644e-04 2.169313e-04 2.213513e-04 2.255094e-04 2.293913e-04 2.329837e-04 2.362741e-04 2.392508e-04 2.419034e-04 2.442223e-04 2.461993e-04 2.478273e-04 2.491003e-04 2.500138e-04 2.505645e-04 2.507500e-04 
2.697335e-05 2.693708e-05 2.682801e-05 2.664540e-05 2.638803e-05 2.605416e-05 2.564163e-05 2.514781e-05 2.456964e-05 2.390365e-05 2.314603e-05 2.229260e-05 2.133888e-05 2.028012e-05 1.911136e-05 1.782744e-05 1.642310e-05 1.489295e-05 1.323162e-05 1.143373e-05 9.493999e-06 7.407271e-06 5.168587e-06 2.773238e-06 2.168226e-07 2.504698e-06 5.394942e-06 8.457057e-06 1.169366e-05 1.510681e-05 1.869792e-05 2.246776e-05 2.641639e-05 3.054311e-05 3.484648e-05 3.932424e-05 4.397329e-05 4.878971e-05 5.376871e-05 5.890464e-05 6.419098e-05 6.962031e-05 7.518439e-05 8.087409e-05 8.667945e-05 9.258970e-05 9.859326e-05 1.046778e-04 1.108303e-04 1.170369e-04 1.232833e-04 1.295544e-04 1.358347e-04 1.421082e-04 1.483583e-04 1.545683e-04 1.607209e-04 1.667987e-04 1.727843e-04 1.786599e-04 1.844079e-04 1.900107e-04 1.954509e-04 2.007112e-04 2.057748e-04 2.106252e-04 2.152464e-04 2.196229e-04 2.237400e-04 2.275836e-04 2.311404e-04 2.343980e-04 2.373451e-04 2.399712e-04 2.422670e-04 2.442242e-04 2.458358e-04 2.470961e-04 2.480005e-04 2.485456e-04 2.487293e-04 
2.647151e-05 2.643545e-05 2.632703e-05 2.614550e-05 2.588966e-05 2.555782e-05 2.514781e-05 2.465705e-05 2.408252e-05 2.342082e-05 2.266815e-05 2.182041e-05 2.087317e-05 1.982177e-05 1.866129e-05 1.738666e-05 1.599267e-05 1.447405e-05 1.282547e-05 1.104165e-05 9.117376e-06 7.047577e-06 4.827372e-06 2.452126e-06 8.249100e-08 2.780448e-06 5.645299e-06 8.680132e-06 1.188751e-05 1.526945e-05 1.882732e-05 2.256185e-05 2.647308e-05 3.056032e-05 3.482208e-05 3.925613e-05 4.385938e-05 4.862794e-05 5.355705e-05 5.864110e-05 6.387362e-05 6.924727e-05 7.475388e-05 8.038440e-05 8.612900e-05 9.197698e-05 9.791691e-05 1.039366e-04 1.100231e-04 1.161627e-04 1.223414e-04 1.285442e-04 1.347557e-04 1.409601e-04 1.471411e-04 1.532820e-04 1.593659e-04 1.653755e-04 1.712936e-04 1.771028e-04 1.827855e-04 1.883244e-04 1.937023e-04 1.989022e-04 2.039074e-04 2.087017e-04 2.132692e-04 2.175948e-04 2.216638e-04 2.254624e-04 2.289775e-04 2.321968e-04 2.351092e-04 2.377043e-04 2.399729e-04 2.419070e-04 2.434995e-04 2.447448e-04 2.456385e-04 2.461771e-04 2.463586e-04 
2.588377e-05 2.584797e-05 2.574031e-05 2.556008e-05 2.530608e-05 2.497664e-05 2.456964e-05 2.408252e-05 2.351233e-05 2.285570e-05 2.210890e-05 2.126789e-05 2.032831e-05 1.928557e-05 1.813484e-05 1.687112e-05 1.548930e-05 1.398417e-05 1.235051e-05 1.058312e-05 8.676888e-06 6.626820e-06 4.428126e-06 2.076255e-06 4.330406e-07 3.103652e-06 5.939062e-06 8.942290e-06 1.211585e-05 1.546168e-05 1.898112e-05 2.267488e-05 2.654295e-05 3.058462e-05 3.479842e-05 3.918211e-05 4.373261e-05 4.844607e-05 5.331776e-05 5.834213e-05 6.351277e-05 6.882242e-05 7.426300e-05 7.982557e-05 8.550038e-05 9.127689e-05 9.714380e-05 1.030890e-04 1.090998e-04 1.151628e-04 1.212638e-04 1.273882e-04 1.335209e-04 1.396462e-04 1.457479e-04 1.518098e-04 1.578150e-04 1.637467e-04 1.695876e-04 1.753207e-04 1.809287e-04 1.863945e-04 1.917011e-04 1.968319e-04 2.017704e-04 2.065005e-04 2.110068e-04 2.152741e-04 2.192882e-04 2.230354e-04 2.265028e-04 2.296784e-04 2.325511e-04 2.351107e-04 2.373483e-04 2.392559e-04 2.408267e-04 2.420549e-04 2.429363e-04 2.434675e-04 2.436466e-04 
2.520654e-05 2.517104e-05 2.506429e-05 2.488558e-05 2.463374e-05 2.430713e-05 2.390365e-05 2.342082e-05 2.285570e-05 2.220499e-05 2.146504e-05 2.063187e-05 1.970120e-05 1.866851e-05 1.752907e-05 1.627797e-05 1.491019e-05 1.342062e-05 1.180413e-05 1.005563e-05 8.170097e-06 6.142642e-06 3.968568e-06 1.643419e-06 8.369616e-07 3.476382e-06 6.278244e-06 9.245495e-06 1.238058e-05 1.568538e-05 1.916120e-05 2.280869e-05 2.662782e-05 3.061788e-05 3.477737e-05 3.910406e-05 4.359491e-05 4.824608e-05 5.305289e-05 5.800987e-05 6.311066e-05 6.834810e-05 7.371420e-05 7.920015e-05 8.479632e-05 9.049231e-05 9.627697e-05 1.021384e-04 1.080640e-04 1.140406e-04 1.200543e-04 1.260906e-04 1.321346e-04 1.381710e-04 1.441837e-04 1.501568e-04 1.560736e-04 1.619176e-04 1.676719e-04 1.733196e-04 1.788438e-04 1.842275e-04 1.894543e-04 1.945075e-04 1.993711e-04 2.040293e-04 2.084669e-04 2.126689e-04 2.166214e-04 2.203110e-04 2.237250e-04 2.268515e-04 2.296797e-04 2.321997e-04 2.344026e-04 2.362805e-04 2.378268e-04 2.390360e-04 2.399036e-04 2.404266e-04 2.406028e-04 
2.443585e-05 2.440070e-05 2.429500e-05 2.411807e-05 2.386874e-05 2.354541e-05 2.314603e-05 2.266815e-05 2.210890e-05 2.146504e-05 2.073299e-05 1.990883e-05 1.898840e-05 1.796724e-05 1.684073e-05 1.560405e-05 1.425228e-05 1.278042e-05 1.118345e-05 9.456385e-06 7.594306e-06 5.592435e-06 3.446178e-06 1.151182e-06 1.296616e-06 3.900929e-06 6.665073e-06 9.591918e-06 1.268383e-05 1.594265e-05 1.936961e-05 2.296533e-05 2.672975e-05 3.066213e-05 3.476098e-05 3.902408e-05 4.344841e-05 4.803017e-05 5.276474e-05 5.764668e-05 6.266976e-05 6.782690e-05 7.311022e-05 7.851103e-05 8.401985e-05 8.962645e-05 9.531984e-05 1.010883e-04 1.069195e-04 1.128003e-04 1.187172e-04 1.246559e-04 1.306017e-04 1.365395e-04 1.424538e-04 1.483285e-04 1.541476e-04 1.598947e-04 1.655531e-04 1.711064e-04 1.765378e-04 1.818310e-04 1.869694e-04 1.919370e-04 1.967179e-04 2.012967e-04 2.056583e-04 2.097883e-04 2.136728e-04 2.172988e-04 2.206538e-04 2.237262e-04 2.265054e-04 2.289816e-04 2.311461e-04 2.329914e-04 2.345107e-04 2.356987e-04 2.365512e-04 2.370651e-04 2.372382e-04 
2.356736e-05 2.353261e-05 2.342813e-05 2.325324e-05 2.300681e-05 2.268727e-05 2.229260e-05 2.182041e-05 2.126789e-05 2.063187e-05 1.990883e-05 1.909497e-05 1.818618e-05 1.717813e-05 1.606627e-05 1.484591e-05 1.351222e-05 1.206033e-05 1.048534e-05 8.782352e-06 6.946584e-06 4.973366e-06 2.858217e-06 5.968897e-07 1.814572e-06 4.379784e-06 7.101972e-06 9.983920e-06 1.302793e-05 1.623576e-05 1.960860e-05 2.314702e-05 2.685094e-05 3.071960e-05 3.475152e-05 3.894447e-05 4.329547e-05 4.780076e-05 5.245579e-05 5.725518e-05 6.219280e-05 6.726168e-05 7.245405e-05 7.776137e-05 8.317433e-05 8.868285e-05 9.427614e-05 9.994269e-05 1.056703e-04 1.114463e-04 1.172572e-04 1.230890e-04 1.289274e-04 1.347575e-04 1.405640e-04 1.463312e-04 1.520435e-04 1.576846e-04 1.632383e-04 1.686885e-04 1.740187e-04 1.792129e-04 1.842550e-04 1.891291e-04 1.938197e-04 1.983118e-04 2.025906e-04 2.066421e-04 2.104525e-04 2.140092e-04 2.172998e-04 2.203133e-04 2.230390e-04 2.254676e-04 2.275904e-04 2.294000e-04 2.308899e-04 2.320550e-04 2.328910e-04 2.333948e-04 2.335647e-04 
2.259641e-05 2.256212e-05 2.245904e-05 2.228650e-05 2.204338e-05 2.172816e-05 2.133888e-05 2.087317e-05 2.032831e-05 1.970120e-05 1.898840e-05 1.818618e-05 1.729055e-05 1.629727e-05 1.520190e-05 1.399986e-05 1.268644e-05 1.125690e-05 9.706427e-06 8.030284e-06 6.223789e-06 4.282399e-06 2.201748e-06 2.229551e-08 2.393579e-06 4.915615e-06 7.591535e-06 1.042404e-05 1.341534e-05 1.656714e-05 1.988057e-05 2.335616e-05 2.699380e-05 3.079271e-05 3.475142e-05 3.886770e-05 4.313863e-05 4.756047e-05 5.212874e-05 5.683818e-05 6.168271e-05 6.665550e-05 7.174893e-05 7.695460e-05 8.226336e-05 8.766534e-05 9.314993e-05 9.870587e-05 1.043212e-04 1.099834e-04 1.156794e-04 1.213954e-04 1.271175e-04 1.328308e-04 1.385206e-04 1.441716e-04 1.497682e-04 1.552947e-04 1.607353e-04 1.660740e-04 1.712948e-04 1.763821e-04 1.813200e-04 1.860932e-04 1.906864e-04 1.950850e-04 1.992745e-04 2.032411e-04 2.069716e-04 2.104534e-04 2.136748e-04 2.166246e-04 2.192928e-04 2.216699e-04 2.237477e-04 2.255188e-04 2.269772e-04 2.281174e-04 2.289356e-04 2.294288e-04 2.295950e-04 
2.151808e-05 2.148432e-05 2.138283e-05 2.121295e-05 2.097361e-05 2.066330e-05 2.028012e-05 1.982177e-05 1.928557e-05 1.866851e-05 1.796724e-05 1.717813e-05 1.629727e-05 1.532053e-05 1.424360e-05 1.306200e-05 1.177116e-05 1.036644e-05 8.843174e-06 7.196746e-06 5.422603e-06 3.516325e-06 1.473669e-06 7.093757e-07 3.036545e-06 5.511246e-06 8.136509e-06 1.091494e-05 1.384869e-05 1.693937e-05 2.018807e-05 2.359528e-05 2.716085e-05 3.088400e-05 3.476325e-05 3.879641e-05 4.298057e-05 4.731207e-05 5.178650e-05 5.639867e-05 6.114264e-05 6.601168e-05 7.099834e-05 7.609438e-05 8.129083e-05 8.657803e-05 9.194559e-05 9.738247e-05 1.028770e-04 1.084169e-04 1.139894e-04 1.195810e-04 1.251780e-04 1.307661e-04 1.363307e-04 1.418569e-04 1.473295e-04 1.527331e-04 1.580523e-04 1.632715e-04 1.683753e-04 1.733480e-04 1.781745e-04 1.828396e-04 1.873286e-04 1.916270e-04 1.957209e-04 1.995968e-04 2.032419e-04 2.066438e-04 2.097910e-04 2.126729e-04 2.152794e-04 2.176016e-04 2.196313e-04 2.213614e-04 2.227859e-04 2.238998e-04 2.246990e-04 2.251807e-04 2.253431e-04 
2.032720e-05 2.029404e-05 2.019434e-05 2.002749e-05 1.979241e-05 1.948765e-05 1.911136e-05 1.866129e-05 1.813484e-05 1.752907e-05 1.684073e-05 1.606627e-05 1.520190e-05 1.424360e-05 1.318716e-05 1.202825e-05 1.076240e-05 9.385118e-06 7.891866e-06 6.278151e-06 4.539556e-06 2.671791e-06 6.707404e-07 1.467487e-06 3.746509e-06 6.169625e-06 8.739764e-06 1.145944e-05 1.433072e-05 1.735516e-05 2.053379e-05 2.386704e-05 2.735476e-05 3.099615e-05 3.478974e-05 3.873336e-05 4.282415e-05 4.705850e-05 5.143209e-05 5.593984e-05 6.057590e-05 6.533372e-05 7.020597e-05 7.518461e-05 8.026087e-05 8.542529e-05 9.066773e-05 9.597740e-05 1.013429e-04 1.067522e-04 1.121929e-04 1.176518e-04 1.231155e-04 1.285701e-04 1.340013e-04 1.393946e-04 1.447352e-04 1.500081e-04 1.551983e-04 1.602905e-04 1.652696e-04 1.701206e-04 1.748287e-04 1.793790e-04 1.837573e-04 1.879495e-04 1.919419e-04 1.957216e-04 1.992759e-04 2.025930e-04 2.056617e-04 2.084715e-04 2.110127e-04 2.132766e-04 2.152553e-04 2.169420e-04 2.183306e-04 2.194164e-04 2.201955e-04 2.206651e-04 2.208234e-04 
1.901841e-05 1.898592e-05 1.888826e-05 1.872480e-05 1.849452e-05 1.819601e-05 1.782744e-05 1.738666e-05 1.687112e-05 1.627797e-05 1.560405e-05 1.484591e-05 1.399986e-05 1.306200e-05 1.202825e-05 1.089438e-05 9.656087e-06 8.308978e-06 6.848665e-06 5.270789e-06 3.571064e-06 1.745334e-06 2.103882e-07 2.299870e-06 4.526612e-06 6.893802e-06 9.404268e-06 1.206044e-05 1.486429e-05 1.781731e-05 2.092048e-05 2.417421e-05 2.757830e-05 3.113196e-05 3.483372e-05 3.868145e-05 4.267233e-05 4.680284e-05 5.106872e-05 5.546501e-05 5.998601e-05 6.462528e-05 6.937570e-05 7.422939e-05 7.917781e-05 8.421172e-05 8.932123e-05 9.449583e-05 9.972440e-05 1.049952e-04 1.102962e-04 1.156145e-04 1.209370e-04 1.262502e-04 1.315403e-04 1.367930e-04 1.419940e-04 1.471287e-04 1.521825e-04 1.571405e-04 1.619881e-04 1.667106e-04 1.712937e-04 1.757229e-04 1.799844e-04 1.840645e-04 1.879500e-04 1.916282e-04 1.950870e-04 1.983147e-04 2.013006e-04 2.040345e-04 2.065069e-04 2.087095e-04 2.106346e-04 2.122754e-04 2.136264e-04 2.146826e-04 2.154405e-04 2.158974e-04 2.160513e-04 
1.758622e-05 1.755449e-05 1.745910e-05 1.729945e-05 1.707455e-05 1.678302e-05 1.642310e-05 1.599267e-05 1.548930e-05 1.491019e-05 1.425228e-05 1.351222e-05 1.268644e-05 1.177116e-05 1.076240e-05 9.656087e-06 8.448020e-06 7.133960e-06 5.709650e-06 4.170866e-06 2.513462e-06 7.334115e-07 1.173141e-06 3.209839e-06 5.380065e-06 7.686896e-06 1.013306e-05 1.272089e-05 1.545229e-05 1.832870e-05 2.135101e-05 2.451962e-05 2.783432e-05 3.129430e-05 3.489811e-05 3.864366e-05 4.252820e-05 4.654826e-05 5.069970e-05 5.497766e-05 5.937658e-05 6.389021e-05 6.851156e-05 7.323300e-05 7.804618e-05 8.294213e-05 8.791121e-05 9.294319e-05 9.802725e-05 1.031520e-04 1.083057e-04 1.134758e-04 1.186497e-04 1.238141e-04 1.289556e-04 1.340605e-04 1.391147e-04 1.441042e-04 1.490146e-04 1.538317e-04 1.585413e-04 1.631290e-04 1.675809e-04 1.718831e-04 1.760222e-04 1.799848e-04 1.837583e-04 1.873302e-04 1.906889e-04 1.938231e-04 1.967223e-04 1.993766e-04 2.017771e-04 2.039155e-04 2.057845e-04 2.073774e-04 2.086889e-04 2.097143e-04 2.104500e-04 2.108935e-04 2.110430e-04 
1.602504e-05 1.599416e-05 1.590131e-05 1.574591e-05 1.552701e-05 1.524325e-05 1.489295e-05 1.447405e-05 1.398417e-05 1.342062e-05 1.278042e-05 1.206033e-05 1.125690e-05 1.036644e-05 9.385118e-06 8.308978e-06 7.133960e-06 5.855955e-06 4.470845e-06 2.974543e-06 1.363038e-06 3.675628e-07 2.220986e-06 4.200751e-06 6.310122e-06 8.552069e-06 1.092922e-05 1.344382e-05 1.609771e-05 1.889223e-05 2.182828e-05 2.490618e-05 2.812572e-05 3.148610e-05 3.498590e-05 3.862307e-05 4.239491e-05 4.629804e-05 5.032843e-05 5.448135e-05 5.875139e-05 6.313244e-05 6.761775e-05 7.219987e-05 7.687070e-05 8.162151e-05 8.644296e-05 9.132510e-05 9.625744e-05 1.012289e-04 1.062281e-04 1.112429e-04 1.162610e-04 1.212696e-04 1.262557e-04 1.312059e-04 1.361066e-04 1.409443e-04 1.457050e-04 1.503749e-04 1.549402e-04 1.593873e-04 1.637023e-04 1.678721e-04 1.718835e-04 1.757237e-04 1.793804e-04 1.828416e-04 1.860960e-04 1.891327e-04 1.919416e-04 1.945133e-04 1.968389e-04 1.989105e-04 2.007210e-04 2.022641e-04 2.035345e-04 2.045278e-04 2.052405e-04 2.056701e-04 2.058149e-04 
1.432927e-05 1.429932e-05 1.420930e-05 1.405863e-05 1.384638e-05 1.357126e-05 1.323162e-05 1.282547e-05 1.235051e-05 1.180413e-05 1.118345e-05 1.048534e-05 9.706427e-06 8.843174e-06 7.891866e-06 6.848665e-06 5.709650e-06 4.470845e-06 3.128270e-06 1.677971e-06 1.160744e-07 1.561182e-06 3.357397e-06 5.275967e-06 7.320045e-06 9.492492e-06 1.179584e-05 1.423226e-05 1.680349e-05 1.951086e-05 2.235519e-05 2.533679e-05 2.845545e-05 3.171036e-05 3.510014e-05 3.862279e-05 4.227568e-05 4.605554e-05 4.995842e-05 5.397975e-05 5.811427e-05 6.235606e-05 6.669857e-05 7.113456e-05 7.565620e-05 8.025502e-05 8.492195e-05 8.964738e-05 9.442113e-05 9.923252e-05 1.040704e-04 1.089231e-04 1.137788e-04 1.186250e-04 1.234491e-04 1.282382e-04 1.329793e-04 1.376590e-04 1.422640e-04 1.467809e-04 1.511964e-04 1.554973e-04 1.596703e-04 1.637026e-04 1.675815e-04 1.712947e-04 1.748303e-04 1.781767e-04 1.813230e-04 1.842588e-04 1.869742e-04 1.894602e-04 1.917082e-04 1.937107e-04 1.954607e-04 1.969522e-04 1.981801e-04 1.991402e-04 1.998290e-04 2.002442e-04 2.003841e-04 
1.249330e-05 1.246439e-05 1.237749e-05 1.223206e-05 1.202718e-05 1.176160e-05 1.143373e-05 1.104165e-05 1.058312e-05 1.005563e-05 9.456385e-06 8.782352e-06 8.030284e-06 7.196746e-06 6.278151e-06 5.270789e-06 4.170866e-06 2.974543e-06 1.677971e-06 2.773332e-07 1.231116e-06 2.851008e-06 4.585818e-06 6.438825e-06 8.413069e-06 1.051131e-05 1.273600e-05 1.508920e-05 1.757262e-05 2.018751e-05 2.293467e-05 2.581439e-05 2.882644e-05 3.197006e-05 3.524388e-05 3.864597e-05 4.217378e-05 4.582413e-05 4.959321e-05 5.347658e-05 5.746916e-05 6.156522e-05 6.575841e-05 7.004175e-05 7.440765e-05 7.884792e-05 8.335380e-05 8.791599e-05 9.252466e-05 9.716949e-05 1.018397e-04 1.065241e-04 1.112110e-04 1.158887e-04 1.205448e-04 1.251669e-04 1.297424e-04 1.342585e-04 1.387024e-04 1.430610e-04 1.473215e-04 1.514712e-04 1.554974e-04 1.593877e-04 1.631298e-04 1.667118e-04 1.701224e-04 1.733503e-04 1.763852e-04 1.792168e-04 1.818358e-04 1.842334e-04 1.864015e-04 1.883327e-04 1.900204e-04 1.914588e-04 1.926429e-04 1.935687e-04 1.942330e-04 1.946333e-04 1.947683e-04 
1.051161e-05 1.048386e-05 1.040041e-05 1.026074e-05 1.006398e-05 9.808915e-06 9.493999e-06 9.117376e-06 8.676888e-06 8.170097e-06 7.594306e-06 6.946584e-06 6.223789e-06 5.422603e-06 4.539556e-06 3.571064e-06 2.513462e-06 1.363038e-06 1.160744e-07 1.231116e-06 2.682151e-06 4.240537e-06 5.909631e-06 7.692597e-06 9.592373e-06 1.161162e-05 1.375270e-05 1.601762e-05 1.840801e-05 2.092509e-05 2.356961e-05 2.634187e-05 2.924164e-05 3.226818e-05 3.542018e-05 3.869576e-05 4.209246e-05 4.560723e-05 4.923637e-05 5.297561e-05 5.682004e-05 6.076413e-05 6.480176e-05 6.892619e-05 7.313010e-05 7.740559e-05 8.174423e-05 8.613702e-05 9.057451e-05 9.504672e-05 9.954329e-05 1.040534e-04 1.085659e-04 1.130693e-04 1.175518e-04 1.220015e-04 1.264062e-04 1.307536e-04 1.350312e-04 1.392266e-04 1.433276e-04 1.473216e-04 1.511967e-04 1.549407e-04 1.585421e-04 1.619893e-04 1.652714e-04 1.683776e-04 1.712979e-04 1.740226e-04 1.765426e-04 1.788495e-04 1.809355e-04 1.827936e-04 1.844173e-04 1.858012e-04 1.869404e-04 1.878311e-04 1.884701e-04 1.888553e-04 1.889852e-04 
8.378841e-06 8.352346e-06 8.272690e-06 8.139363e-06 7.951519e-06 7.707986e-06 7.407271e-06 7.047577e-06 6.626820e-06 6.142642e-06 5.592435e-06 4.973366e-06 4.282399e-06 3.516325e-06 2.671791e-06 1.745334e-06 7.334115e-07 3.675628e-07 1.561182e-06 2.851008e-06 4.240537e-06 5.733157e-06 7.332112e-06 9.040461e-06 1.086104e-05 1.279643e-05 1.484890e-05 1.702040e-05 1.931252e-05 2.172641e-05 2.426284e-05 2.692208e-05 2.970393e-05 3.260768e-05 3.563206e-05 3.877529e-05 4.203500e-05 4.540825e-05 4.889149e-05 5.248061e-05 5.617090e-05 5.995703e-05 6.383311e-05 6.779267e-05 7.182866e-05 7.593349e-05 8.009903e-05 8.431665e-05 8.857724e-05 9.287122e-05 9.718859e-05 1.015190e-04 1.058517e-04 1.101756e-04 1.144795e-04 1.187518e-04 1.229808e-04 1.271547e-04 1.312616e-04 1.352895e-04 1.392266e-04 1.430611e-04 1.467811e-04 1.503754e-04 1.538325e-04 1.571417e-04 1.602922e-04 1.632738e-04 1.660769e-04 1.686922e-04 1.711110e-04 1.733251e-04 1.753273e-04 1.771106e-04 1.786690e-04 1.799971e-04 1.810905e-04 1.819453e-04 1.825586e-04 1.829282e-04 1.830529e-04 
6.089794e-06 6.064682e-06 5.989180e-06 5.862794e-06 5.684708e-06 5.453786e-06 5.168587e-06 4.827372e-06 4.428126e-06 3.968568e-06 3.446178e-06 2.858217e-06 2.201748e-06 1.473669e-06 6.707404e-07 2.103882e-07 1.173141e-06 2.220986e-06 3.357397e-06 4.585818e-06 5.909631e-06 7.332112e-06 8.856401e-06 1.048546e-05 1.222203e-05 1.406861e-05 1.602741e-05 1.810032e-05 2.028888e-05 2.259423e-05 2.501711e-05 2.755780e-05 3.021613e-05 3.299143e-05 3.588251e-05 3.888766e-05 4.200461e-05 4.523056e-05 4.856213e-05 5.199536e-05 5.552574e-05 5.914818e-05 6.285701e-05 6.664604e-05 7.050850e-05 7.443711e-05 7.842408e-05 8.246113e-05 8.653950e-05 9.065002e-05 9.478311e-05 9.892879e-05 1.030768e-04 1.072165e-04 1.113371e-04 1.154275e-04 1.194766e-04 1.234728e-04 1.274050e-04 1.312615e-04 1.350311e-04 1.387024e-04 1.422641e-04 1.457054e-04 1.490153e-04 1.521835e-04 1.551998e-04 1.580544e-04 1.607380e-04 1.632418e-04 1.655574e-04 1.676771e-04 1.695938e-04 1.713010e-04 1.727929e-04 1.740643e-04 1.751110e-04 1.759292e-04 1.765163e-04 1.768702e-04 1.769895e-04 
3.639549e-06 3.615946e-06 3.544977e-06 3.426165e-06 3.258720e-06 3.041542e-06 2.773238e-06 2.452126e-06 2.076255e-06 1.643419e-06 1.151182e-06 5.968897e-07 2.229551e-08 7.093757e-07 1.467487e-06 2.299870e-06 3.209839e-06 4.200751e-06 5.275967e-06 6.438825e-06 7.692597e-06 9.040461e-06 1.048546e-05 1.203046e-05 1.367813e-05 1.543090e-05 1.729091e-05 1.926002e-05 2.133972e-05 2.353115e-05 2.583504e-05 2.825169e-05 3.078096e-05 3.342224e-05 3.617441e-05 3.903587e-05 4.200446e-05 4.507752e-05 4.825182e-05 5.152360e-05 5.488855e-05 5.834181e-05 6.187798e-05 6.549112e-05 6.917477e-05 7.292197e-05 7.672526e-05 8.057672e-05 8.446798e-05 8.839025e-05 9.233437e-05 9.629080e-05 1.002497e-04 1.042009e-04 1.081341e-04 1.120387e-04 1.159038e-04 1.197188e-04 1.234727e-04 1.271545e-04 1.307534e-04 1.342584e-04 1.376589e-04 1.409445e-04 1.441047e-04 1.471296e-04 1.500094e-04 1.527349e-04 1.552971e-04 1.576877e-04 1.598986e-04 1.619224e-04 1.637524e-04 1.653824e-04 1.668067e-04 1.680206e-04 1.690199e-04 1.698012e-04 1.703617e-04 1.706996e-04 1.708135e-04 
1.023493e-06 1.001532e-06 9.354950e-07 8.249190e-07 6.690383e-07 4.667899e-07 2.168226e-07 8.249100e-08 4.330406e-07 8.369616e-07 1.296616e-06 1.814572e-06 2.393579e-06 3.036545e-06 3.746509e-06 4.526612e-06 5.380065e-06 6.310122e-06 7.320045e-06 8.413069e-06 9.592373e-06 1.086104e-05 1.222203e-05 1.367813e-05 1.523194e-05 1.688583e-05 1.864191e-05 2.050197e-05 2.246751e-05 2.453964e-05 2.671912e-05 2.900628e-05 3.140102e-05 3.390279e-05 3.651058e-05 3.922286e-05 4.203763e-05 4.495236e-05 4.796401e-05 5.106900e-05 5.426325e-05 5.754213e-05 6.090050e-05 6.433271e-05 6.783261e-05 7.139355e-05 7.500843e-05 7.866969e-05 8.236935e-05 8.609902e-05 8.984994e-05 9.361303e-05 9.737887e-05 1.011378e-04 1.048799e-04 1.085951e-04 1.122731e-04 1.159037e-04 1.194762e-04 1.229804e-04 1.264058e-04 1.297421e-04 1.329790e-04 1.361066e-04 1.391149e-04 1.419946e-04 1.447362e-04 1.473309e-04 1.497702e-04 1.520461e-04 1.541510e-04 1.560779e-04 1.578202e-04 1.593720e-04 1.607281e-04 1.618839e-04 1.628353e-04 1.635792e-04 1.641128e-04 1.644345e-04 1.645430e-04 
1.762609e-06 1.782789e-06 1.843481e-06 1.945131e-06 2.088484e-06 2.274569e-06 2.504698e-06 2.780448e-06 3.103652e-06 3.476382e-06 3.900929e-06 4.379784e-06 4.915615e-06 5.511246e-06 6.169625e-06 6.893802e-06 7.686896e-06 8.552069e-06 9.492492e-06 1.051131e-05 1.161162e-05 1.279643e-05 1.406861e-05 1.543090e-05 1.688583e-05 1.843574e-05 2.008268e-05 2.182844e-05 2.367450e-05 2.562200e-05 2.767169e-05 2.982396e-05 3.207876e-05 3.443564e-05 3.689366e-05 3.945143e-05 4.210708e-05 4.485824e-05 4.770206e-05 5.063517e-05 5.365369e-05 5.675327e-05 5.992902e-05 6.317558e-05 6.648712e-05 6.985733e-05 7.327945e-05 7.674630e-05 8.025028e-05 8.378341e-05 8.733737e-05 9.090348e-05 9.447280e-05 9.803612e-05 1.015840e-04 1.051068e-04 1.085949e-04 1.120382e-04 1.154269e-04 1.187511e-04 1.220008e-04 1.251663e-04 1.282377e-04 1.312055e-04 1.340603e-04 1.367932e-04 1.393952e-04 1.418578e-04 1.441731e-04 1.463334e-04 1.483314e-04 1.501604e-04 1.518143e-04 1.532874e-04 1.545747e-04 1.556719e-04 1.565751e-04 1.572812e-04 1.577879e-04 1.580932e-04 1.581962e-04 
4.722564e-06 4.740820e-06 4.795735e-06 4.887744e-06 5.017568e-06 5.186210e-06 5.394942e-06 5.645299e-06 5.939062e-06 6.278244e-06 6.665073e-06 7.101972e-06 7.591535e-06 8.136509e-06 8.739764e-06 9.404268e-06 1.013306e-05 1.092922e-05 1.179584e-05 1.273600e-05 1.375270e-05 1.484890e-05 1.602741e-05 1.729091e-05 1.864191e-05 2.008268e-05 2.161527e-05 2.324147e-05 2.496276e-05 2.678029e-05 2.869486e-05 3.070691e-05 3.281647e-05 3.502317e-05 3.732618e-05 3.972425e-05 4.221566e-05 4.479821e-05 4.746924e-05 5.022559e-05 5.306364e-05 5.597926e-05 5.896787e-05 6.202440e-05 6.514333e-05 6.831870e-05 7.154410e-05 7.481272e-05 7.811737e-05 8.145048e-05 8.480412e-05 8.817010e-05 9.153989e-05 9.490476e-05 9.825575e-05 1.015837e-04 1.048794e-04 1.081333e-04 1.113362e-04 1.144785e-04 1.175508e-04 1.205438e-04 1.234481e-04 1.262549e-04 1.289550e-04 1.315400e-04 1.340014e-04 1.363311e-04 1.385216e-04 1.405655e-04 1.424559e-04 1.441866e-04 1.457516e-04 1.471456e-04 1.483639e-04 1.494022e-04 1.502569e-04 1.509252e-04 1.514046e-04 1.516936e-04 1.517911e-04 
7.859690e-06 7.875874e-06 7.924567e-06 8.006193e-06 8.121455e-06 8.271329e-06 8.457057e-06 8.680132e-06 8.942290e-06 9.245495e-06 9.591918e-06 9.983920e-06 1.042404e-05 1.091494e-05 1.145944e-05 1.206044e-05 1.272089e-05 1.344382e-05 1.423226e-05 1.508920e-05 1.601762e-05 1.702040e-05 1.810032e-05 1.926002e-05 2.050197e-05 2.182844e-05 2.324147e-05 2.474286e-05 2.633409e-05 2.801637e-05 2.979055e-05 3.165713e-05 3.361624e-05 3.566758e-05 3.781049e-05 4.004384e-05 4.236606e-05 4.477516e-05 4.726866e-05 4.984365e-05 5.249672e-05 5.522404e-05 5.802130e-05 6.088374e-05 6.380616e-05 6.678295e-05 6.980805e-05 7.287505e-05 7.597714e-05 7.910715e-05 8.225761e-05 8.542073e-05 8.858847e-05 9.175252e-05 9.490441e-05 9.803545e-05 1.011369e-04 1.041998e-04 1.072152e-04 1.101742e-04 1.130678e-04 1.158872e-04 1.186236e-04 1.212683e-04 1.238130e-04 1.262494e-04 1.285695e-04 1.307659e-04 1.328311e-04 1.347583e-04 1.365409e-04 1.381730e-04 1.396489e-04 1.409637e-04 1.421127e-04 1.430920e-04 1.438983e-04 1.445286e-04 1.449809e-04 1.452535e-04 1.453454e-04 
1.117677e-05 1.119072e-05 1.123274e-05 1.130322e-05 1.140285e-05 1.153260e-05 1.169366e-05 1.188751e-05 1.211585e-05 1.238058e-05 1.268383e-05 1.302793e-05 1.341534e-05 1.384869e-05 1.433072e-05 1.486429e-05 1.545229e-05 1.609771e-05 1.680349e-05 1.757262e-05 1.840801e-05 1.931252e-05 2.028888e-05 2.133972e-05 2.246751e-05 2.367450e-05 2.496276e-05 2.633409e-05 2.779004e-05 2.933184e-05 3.096043e-05 3.267638e-05 3.447992e-05 3.637088e-05 3.834873e-05 4.041249e-05 4.256079e-05 4.479180e-05 4.710328e-05 4.949254e-05 5.195644e-05 5.449141e-05 5.709343e-05 5.975805e-05 6.248042e-05 6.525526e-05 6.807689e-05 7.093926e-05 7.383597e-05 7.676027e-05 7.970510e-05 8.266312e-05 8.562672e-05 8.858806e-05 9.153913e-05 9.447172e-05 9.737752e-05 1.002481e-04 1.030750e-04 1.058498e-04 1.085639e-04 1.112091e-04 1.137768e-04 1.162591e-04 1.186479e-04 1.209355e-04 1.231143e-04 1.251771e-04 1.271170e-04 1.289274e-04 1.306022e-04 1.321358e-04 1.335227e-04 1.347582e-04 1.358381e-04 1.367586e-04 1.375164e-04 1.381088e-04 1.385339e-04 1.387902e-04 1.388765e-04 
1.467598e-05 1.468755e-05 1.472241e-05 1.478096e-05 1.486388e-05 1.497210e-05 1.510681e-05 1.526945e-05 1.546168e-05 1.568538e-05 1.594265e-05 1.623576e-05 1.656714e-05 1.693937e-05 1.735516e-05 1.781731e-05 1.832870e-05 1.889223e-05 1.951086e-05 2.018751e-05 2.092509e-05 2.172641e-05 2.259423e-05 2.353115e-05 2.453964e-05 2.562200e-05 2.678029e-05 2.801637e-05 2.933184e-05 3.072801e-05 3.220588e-05 3.376615e-05 3.540914e-05 3.713483e-05 3.894283e-05 4.083234e-05 4.280216e-05 4.485068e-05 4.697589e-05 4.917533e-05 5.144612e-05 5.378498e-05 5.618820e-05 5.865163e-05 6.117076e-05 6.374066e-05 6.635602e-05 6.901118e-05 7.170012e-05 7.441651e-05 7.715372e-05 7.990483e-05 8.266268e-05 8.541988e-05 8.816888e-05 9.090194e-05 9.361121e-05 9.628874e-05 9.892654e-05 1.015166e-04 1.040509e-04 1.065215e-04 1.089206e-04 1.112404e-04 1.134734e-04 1.156123e-04 1.176498e-04 1.195793e-04 1.213941e-04 1.230881e-04 1.246555e-04 1.260907e-04 1.273890e-04 1.285456e-04 1.295566e-04 1.304184e-04 1.311279e-04 1.316827e-04 1.320808e-04 1.323207e-04 1.324016e-04 
1.835887e-05 1.836790e-05 1.839513e-05 1.844095e-05 1.850603e-05 1.859130e-05 1.869792e-05 1.882732e-05 1.898112e-05 1.916120e-05 1.936961e-05 1.960860e-05 1.988057e-05 2.018807e-05 2.053379e-05 2.092048e-05 2.135101e-05 2.182828e-05 2.235519e-05 2.293467e-05 2.356961e-05 2.426284e-05 2.501711e-05 2.583504e-05 2.671912e-05 2.767169e-05 2.869486e-05 2.979055e-05 3.096043e-05 3.220588e-05 3.352803e-05 3.492767e-05 3.640527e-05 3.796096e-05 3.959449e-05 4.130526e-05 4.309227e-05 4.495414e-05 4.688906e-05 4.889486e-05 5.096891e-05 5.310823e-05 5.530940e-05 5.756861e-05 5.988167e-05 6.224401e-05 6.465070e-05 6.709646e-05 6.957566e-05 7.208238e-05 7.461040e-05 7.715324e-05 7.970418e-05 8.225627e-05 8.480241e-05 8.733532e-05 8.984760e-05 9.233178e-05 9.478030e-05 9.718562e-05 9.954019e-05 1.018365e-04 1.040672e-04 1.062249e-04 1.083026e-04 1.102932e-04 1.121901e-04 1.139868e-04 1.156772e-04 1.172553e-04 1.187157e-04 1.200533e-04 1.212634e-04 1.223416e-04 1.232842e-04 1.240877e-04 1.247493e-04 1.252667e-04 1.256379e-04 1.258616e-04 1.259370e-04 
2.222630e-05 2.223262e-05 2.225173e-05 2.228401e-05 2.233012e-05 2.239099e-05 2.246776e-05 2.256185e-05 2.267488e-05 2.280869e-05 2.296533e-05 2.314702e-05 2.335616e-05 2.359528e-05 2.386704e-05 2.417421e-05 2.451962e-05 2.490618e-05 2.533679e-05 2.581439e-05 2.634187e-05 2.692208e-05 2.755780e-05 2.825169e-05 2.900628e-05 2.982396e-05 3.070691e-05 3.165713e-05 3.267638e-05 3.376615e-05 3.492767e-05 3.616188e-05 3.746940e-05 3.885050e-05 4.030514e-05 4.183290e-05 4.343300e-05 4.510427e-05 4.684518e-05 4.865378e-05 5.052776e-05 5.246440e-05 5.446061e-05 5.651290e-05 5.861744e-05 6.076999e-05 6.296600e-05 6.520056e-05 6.746845e-05 6.976416e-05 7.208186e-05 7.441552e-05 7.675882e-05 7.910529e-05 8.144823e-05 8.378082e-05 8.609611e-05 8.838707e-05 9.064661e-05 9.286762e-05 9.504298e-05 9.716563e-05 9.922861e-05 1.012250e-04 1.031482e-04 1.049915e-04 1.067486e-04 1.084134e-04 1.099802e-04 1.114434e-04 1.127977e-04 1.140385e-04 1.151611e-04 1.161616e-04 1.170364e-04 1.177822e-04 1.183964e-04 1.188766e-04 1.192213e-04 1.194290e-04 1.194990e-04 
2.627839e-05 2.628184e-05 2.629233e-05 2.631025e-05 2.633625e-05 2.637124e-05 2.641639e-05 2.647308e-05 2.654295e-05 2.662782e-05 2.672975e-05 2.685094e-05 2.699380e-05 2.716085e-05 2.735476e-05 2.757830e-05 2.783432e-05 2.812572e-05 2.845545e-05 2.882644e-05 2.924164e-05 2.970393e-05 3.021613e-05 3.078096e-05 3.140102e-05 3.207876e-05 3.281647e-05 3.361624e-05 3.447992e-05 3.540914e-05 3.640527e-05 3.746940e-05 3.860229e-05 3.980443e-05 4.107595e-05 4.241664e-05 4.382595e-05 4.530295e-05 4.684636e-05 4.845451e-05 5.012537e-05 5.185653e-05 5.364520e-05 5.548824e-05 5.738214e-05 5.932304e-05 6.130674e-05 6.332873e-05 6.538416e-05 6.746791e-05 6.957460e-05 7.169857e-05 7.383397e-05 7.597470e-05 7.811454e-05 8.024709e-05 8.236583e-05 8.446417e-05 8.653544e-05 8.857296e-05 9.057005e-05 9.252007e-05 9.441644e-05 9.625270e-05 9.802251e-05 9.971970e-05 1.013383e-04 1.028725e-04 1.043169e-04 1.056663e-04 1.069157e-04 1.080606e-04 1.090969e-04 1.100205e-04 1.108283e-04 1.115171e-04 1.120844e-04 1.125280e-04 1.128464e-04 1.130382e-04 1.131029e-04 
3.051452e-05 3.051493e-05 3.051630e-05 3.051902e-05 3.052375e-05 3.053139e-05 3.054311e-05 3.056032e-05 3.058462e-05 3.061788e-05 3.066213e-05 3.071960e-05 3.079271e-05 3.088400e-05 3.099615e-05 3.113196e-05 3.129430e-05 3.148610e-05 3.171036e-05 3.197006e-05 3.226818e-05 3.260768e-05 3.299143e-05 3.342224e-05 3.390279e-05 3.443564e-05 3.502317e-05 3.566758e-05 3.637088e-05 3.713483e-05 3.796096e-05 3.885050e-05 3.980443e-05 4.082341e-05 4.190779e-05 4.305758e-05 4.427246e-05 4.555177e-05 4.689449e-05 4.829922e-05 4.976423e-05 5.128741e-05 5.286631e-05 5.449811e-05 5.617963e-05 5.790739e-05 5.967754e-05 6.148594e-05 6.332816e-05 6.519945e-05 6.709482e-05 6.900905e-05 7.093666e-05 7.287201e-05 7.480928e-05 7.674247e-05 7.866552e-05 8.057223e-05 8.245636e-05 8.431164e-05 8.613180e-05 8.791060e-05 8.964186e-05 9.131949e-05 9.293753e-05 9.449016e-05 9.597177e-05 9.737693e-05 9.870046e-05 9.993746e-05 1.010833e-04 1.021337e-04 1.030847e-04 1.039326e-04 1.046743e-04 1.053068e-04 1.058279e-04 1.062355e-04 1.065280e-04 1.067042e-04 1.067636e-04 
3.493324e-05 3.493045e-05 3.492219e-05 3.490888e-05 3.489117e-05 3.486998e-05 3.484648e-05 3.482208e-05 3.479842e-05 3.477737e-05 3.476098e-05 3.475152e-05 3.475142e-05 3.476325e-05 3.478974e-05 3.483372e-05 3.489811e-05 3.498590e-05 3.510014e-05 3.524388e-05 3.542018e-05 3.563206e-05 3.588251e-05 3.617441e-05 3.651058e-05 3.689366e-05 3.732618e-05 3.781049e-05 3.834873e-05 3.894283e-05 3.959449e-05 4.030514e-05 4.107595e-05 4.190779e-05 4.280123e-05 4.375653e-05 4.477362e-05 4.585208e-05 4.699119e-05 4.818983e-05 4.944657e-05 5.075961e-05 5.212683e-05 5.354573e-05 5.501350e-05 5.652699e-05 5.808273e-05 5.967695e-05 6.130558e-05 6.296429e-05 6.464846e-05 6.635327e-05 6.807366e-05 6.980437e-05 7.153999e-05 7.327495e-05 7.500356e-05 7.672004e-05 7.841856e-05 8.009323e-05 8.173819e-05 8.334756e-05 8.491554e-05 8.643641e-05 8.790457e-05 8.931454e-05 9.066102e-05 9.193891e-05 9.314333e-05 9.426965e-05 9.531351e-05 9.627085e-05 9.713794e-05 9.791136e-05 9.858808e-05 9.916541e-05 9.964106e-05 1.000132e-04 1.002802e-04 1.004411e-04 1.004954e-04 
3.953229e-05 3.952612e-05 3.950775e-05 3.947757e-05 3.943627e-05 3.938476e-05 3.932424e-05 3.925613e-05 3.918211e-05 3.910406e-05 3.902408e-05 3.894447e-05 3.886770e-05 3.879641e-05 3.873336e-05 3.868145e-05 3.864366e-05 3.862307e-05 3.862279e-05 3.864597e-05 3.869576e-05 3.877529e-05 3.888766e-05 3.903587e-05 3.922286e-05 3.945143e-05 3.972425e-05 4.004384e-05 4.041249e-05 4.083234e-05 4.130526e-05 4.183290e-05 4.241664e-05 4.305758e-05 4.375653e-05 4.451400e-05 4.533017e-05 4.620492e-05 4.713779e-05 4.812798e-05 4.917434e-05 5.027541e-05 5.142937e-05 5.263409e-05 5.388707e-05 5.518554e-05 5.652638e-05 5.790618e-05 5.932126e-05 6.076765e-05 6.224114e-05 6.373727e-05 6.525137e-05 6.677859e-05 6.831390e-05 6.985211e-05 7.138794e-05 7.291598e-05 7.443079e-05 7.592686e-05 7.739869e-05 7.884077e-05 8.024766e-05 8.161398e-05 8.293445e-05 8.420393e-05 8.541743e-05 8.657015e-05 8.765747e-05 8.867503e-05 8.961873e-05 9.048472e-05 9.126949e-05 9.196981e-05 9.258280e-05 9.310594e-05 9.353706e-05 9.387438e-05 9.411650e-05 9.426242e-05 9.431156e-05 
4.430856e-05 4.429885e-05 4.426985e-05 4.422198e-05 4.415592e-05 4.407262e-05 4.397329e-05 4.385938e-05 4.373261e-05 4.359491e-05 4.344841e-05 4.329547e-05 4.313863e-05 4.298057e-05 4.282415e-05 4.267233e-05 4.252820e-05 4.239491e-05 4.227568e-05 4.217378e-05 4.209246e-05 4.203500e-05 4.200461e-05 4.200446e-05 4.203763e-05 4.210708e-05 4.221566e-05 4.236606e-05 4.256079e-05 4.280216e-05 4.309227e-05 4.343300e-05 4.382595e-05 4.427246e-05 4.477362e-05 4.533017e-05 4.594260e-05 4.661105e-05 4.733536e-05 4.811502e-05 4.894922e-05 4.983681e-05 5.077629e-05 5.176586e-05 5.280340e-05 5.388645e-05 5.501226e-05 5.617779e-05 5.737972e-05 5.861445e-05 5.987813e-05 6.116670e-05 6.247585e-05 6.380110e-05 6.513780e-05 6.648115e-05 6.782621e-05 6.916797e-05 7.050134e-05 7.182116e-05 7.312228e-05 7.439954e-05 7.564784e-05 7.686212e-05 7.803741e-05 7.916888e-05 8.025181e-05 8.128169e-05 8.225416e-05 8.316512e-05 8.401067e-05 8.478719e-05 8.549136e-05 8.612012e-05 8.667076e-05 8.714089e-05 8.752846e-05 8.783177e-05 8.804951e-05 8.818074e-05 8.822491e-05 
