1.344118e-04 1.343021e-04 1.339732e-04 1.334256e-04 1.326601e-04 1.316778e-04 1.304802e-04 1.290690e-04 1.274463e-04 1.256145e-04 1.235762e-04 1.213344e-04 1.188923e-04 1.162536e-04 1.134220e-04 1.104016e-04 1.071968e-04 1.038121e-04 1.002524e-04 9.652285e-05 9.262865e-05 8.857536e-05 8.436874e-05 8.001474e-05 7.551947e-05 7.088928e-05 6.613066e-05 6.125027e-05 5.625494e-05 5.115163e-05 4.594745e-05 4.064962e-05 3.526551e-05 2.980257e-05 2.426836e-05 1.867055e-05 1.301688e-05 7.315170e-06 1.573311e-06 4.200734e-06 9.998941e-06 1.581323e-05 2.163546e-05 2.745744e-05 3.327095e-05 3.906767e-05 4.483929e-05 5.057741e-05 5.627360e-05 6.191938e-05 6.750622e-05 7.302556e-05 7.846877e-05 8.382721e-05 8.909219e-05 9.425501e-05 9.930694e-05 1.042392e-04 1.090432e-04 1.137102e-04 1.182314e-04 1.225984e-04 1.268027e-04 1.308359e-04 1.346898e-04 1.383563e-04 1.418278e-04 1.450966e-04 1.481555e-04 1.509975e-04 1.536163e-04 1.560055e-04 1.581596e-04 1.600734e-04 1.617422e-04 1.631618e-04 1.643288e-04 1.652403e-04 1.658938e-04 1.662879e-04 1.664212e-04 
1.343021e-04 1.341925e-04 1.338639e-04 1.333167e-04 1.325518e-04 1.315703e-04 1.303737e-04 1.289636e-04 1.273421e-04 1.255117e-04 1.234750e-04 1.212350e-04 1.187949e-04 1.161583e-04 1.133289e-04 1.103109e-04 1.071086e-04 1.037266e-04 1.001697e-04 9.644300e-05 9.255185e-05 8.850174e-05 8.429841e-05 7.994781e-05 7.545606e-05 7.082949e-05 6.607458e-05 6.119800e-05 5.620657e-05 5.110724e-05 4.590711e-05 4.061341e-05 3.523349e-05 2.977480e-05 2.424491e-05 1.865145e-05 1.300218e-05 7.304911e-06 1.567525e-06 4.202020e-06 9.995705e-06 1.580545e-05 2.162314e-05 2.744057e-05 3.324951e-05 3.904169e-05 4.480877e-05 5.054237e-05 5.623406e-05 6.187537e-05 6.745778e-05 7.297272e-05 7.841158e-05 8.376573e-05 8.902647e-05 9.418512e-05 9.923295e-05 1.041612e-04 1.089613e-04 1.136244e-04 1.181419e-04 1.225053e-04 1.267061e-04 1.307359e-04 1.345865e-04 1.382500e-04 1.417185e-04 1.449845e-04 1.480408e-04 1.508804e-04 1.534969e-04 1.558841e-04 1.580363e-04 1.599484e-04 1.616157e-04 1.630341e-04 1.642001e-04 1.651107e-04 1.657638e-04 1.661574e-04 1.662906e-04 
1.339732e-04 1.338639e-04 1.335361e-04 1.329902e-04 1.322271e-04 1.312479e-04 1.300541e-04 1.286474e-04 1.270298e-04 1.252037e-04 1.231718e-04 1.209371e-04 1.185028e-04 1.158723e-04 1.130497e-04 1.100388e-04 1.068440e-04 1.034700e-04 9.992146e-05 9.620356e-05 9.232156e-05 8.828097e-05 8.408752e-05 7.974713e-05 7.526592e-05 7.065019e-05 6.590642e-05 6.104127e-05 5.606151e-05 5.097411e-05 4.578614e-05 4.050481e-05 3.513746e-05 2.969153e-05 2.417455e-05 1.859417e-05 1.295810e-05 7.274137e-06 1.550162e-06 4.205890e-06 9.986017e-06 1.578216e-05 2.158620e-05 2.738998e-05 3.318527e-05 3.896381e-05 4.471729e-05 5.043734e-05 5.611554e-05 6.174345e-05 6.731256e-05 7.281432e-05 7.824015e-05 8.358141e-05 8.882945e-05 9.397559e-05 9.901114e-05 1.039274e-04 1.087156e-04 1.133672e-04 1.178736e-04 1.222261e-04 1.264164e-04 1.304361e-04 1.342770e-04 1.379312e-04 1.413909e-04 1.446485e-04 1.476970e-04 1.505293e-04 1.531390e-04 1.555200e-04 1.576666e-04 1.595737e-04 1.612367e-04 1.626514e-04 1.638143e-04 1.647225e-04 1.653738e-04 1.657665e-04 1.658993e-04 
1.334256e-04 1.333167e-04 1.329902e-04 1.324465e-04 1.316864e-04 1.307111e-04 1.295220e-04 1.281208e-04 1.265096e-04 1.246908e-04 1.226670e-04 1.204410e-04 1.180163e-04 1.153963e-04 1.125847e-04 1.095857e-04 1.064035e-04 1.030427e-04 9.950817e-05 9.580487e-05 9.193811e-05 8.791337e-05 8.373635e-05 7.941297e-05 7.494930e-05 7.035163e-05 6.562641e-05 6.078026e-05 5.581996e-05 5.075242e-05 4.558469e-05 4.032397e-05 3.497755e-05 2.955285e-05 2.405738e-05 1.849875e-05 1.288465e-05 7.222853e-06 1.521204e-06 4.212385e-06 9.969941e-06 1.574343e-05 2.152477e-05 2.730581e-05 3.307838e-05 3.883422e-05 4.456505e-05 5.026253e-05 5.591829e-05 6.152390e-05 6.707087e-05 7.255070e-05 7.795483e-05 8.327466e-05 8.850156e-05 9.362690e-05 9.864200e-05 1.035382e-04 1.083068e-04 1.129393e-04 1.174271e-04 1.217615e-04 1.259343e-04 1.299372e-04 1.337620e-04 1.374007e-04 1.408457e-04 1.440895e-04 1.471249e-04 1.499450e-04 1.525435e-04 1.549142e-04 1.570515e-04 1.589504e-04 1.606060e-04 1.620146e-04 1.631724e-04 1.640767e-04 1.647251e-04 1.651160e-04 1.652483e-04 
1.326601e-04 1.325518e-04 1.322271e-04 1.316864e-04 1.309306e-04 1.299607e-04 1.287782e-04 1.273848e-04 1.257826e-04 1.239738e-04 1.219612e-04 1.197476e-04 1.173363e-04 1.147307e-04 1.119347e-04 1.089523e-04 1.057877e-04 1.024454e-04 9.893039e-05 9.524750e-05 9.140204e-05 8.739945e-05 8.324541e-05 7.894579e-05 7.450664e-05 6.993421e-05 6.523492e-05 6.041535e-05 5.548223e-05 5.044245e-05 4.530302e-05 4.007109e-05 3.475393e-05 2.935891e-05 2.389350e-05 1.836528e-05 1.278189e-05 7.151069e-06 1.480625e-06 4.221569e-06 9.947579e-06 1.568941e-05 2.143902e-05 2.718829e-05 3.292909e-05 3.865321e-05 4.435239e-05 5.001836e-05 5.564275e-05 6.121719e-05 6.673325e-05 7.218243e-05 7.755625e-05 8.284613e-05 8.804351e-05 9.313978e-05 9.812633e-05 1.029945e-04 1.077358e-04 1.123416e-04 1.168033e-04 1.211126e-04 1.252610e-04 1.292404e-04 1.330426e-04 1.366598e-04 1.400843e-04 1.433087e-04 1.463259e-04 1.491291e-04 1.517119e-04 1.540682e-04 1.561925e-04 1.580798e-04 1.597254e-04 1.611252e-04 1.622760e-04 1.631747e-04 1.638191e-04 1.642077e-04 1.643391e-04 
1.316778e-04 1.315703e-04 1.312479e-04 1.307111e-04 1.299607e-04 1.289978e-04 1.278237e-04 1.264403e-04 1.248495e-04 1.230537e-04 1.210555e-04 1.188577e-04 1.164637e-04 1.138767e-04 1.111007e-04 1.081395e-04 1.049974e-04 1.016790e-04 9.818893e-05 9.453224e-05 9.071410e-05 8.673994e-05 8.261537e-05 7.834624e-05 7.393855e-05 6.939851e-05 6.473248e-05 5.994700e-05 5.504877e-05 5.004460e-05 4.494148e-05 3.974650e-05 3.446687e-05 2.910993e-05 2.368308e-05 1.819387e-05 1.264988e-05 7.058798e-06 1.428388e-06 4.233532e-06 9.919075e-06 1.562030e-05 2.132920e-05 2.703773e-05 3.273778e-05 3.842121e-05 4.407981e-05 4.970535e-05 5.528952e-05 6.082400e-05 6.630040e-05 7.171031e-05 7.704526e-05 8.229676e-05 8.745629e-05 9.251531e-05 9.746527e-05 1.022976e-04 1.070038e-04 1.115754e-04 1.160038e-04 1.202807e-04 1.243979e-04 1.283472e-04 1.321206e-04 1.357102e-04 1.391084e-04 1.423081e-04 1.453020e-04 1.480834e-04 1.506461e-04 1.529841e-04 1.550918e-04 1.569642e-04 1.585968e-04 1.599857e-04 1.611273e-04 1.620190e-04 1.626583e-04 1.630437e-04 1.631742e-04 
1.304802e-04 1.303737e-04 1.300541e-04 1.295220e-04 1.287782e-04 1.278237e-04 1.266600e-04 1.252888e-04 1.237120e-04 1.219319e-04 1.199512e-04 1.177728e-04 1.153997e-04 1.128354e-04 1.100837e-04 1.071484e-04 1.040338e-04 1.007444e-04 9.728487e-05 9.366009e-05 8.987526e-05 8.593575e-05 8.184712e-05 7.761516e-05 7.324582e-05 6.874525e-05 6.411977e-05 5.937586e-05 5.452014e-05 4.955939e-05 4.450052e-05 3.935058e-05 3.411670e-05 2.880617e-05 2.342634e-05 1.798467e-05 1.248870e-05 6.946061e-06 1.364444e-06 4.248389e-06 9.884612e-06 1.553634e-05 2.119564e-05 2.685451e-05 3.250491e-05 3.813876e-05 4.374792e-05 4.932420e-05 5.485938e-05 6.034517e-05 6.577328e-05 7.113533e-05 7.642295e-05 8.162771e-05 8.674116e-05 9.175482e-05 9.666024e-05 1.014489e-04 1.061124e-04 1.106423e-04 1.150302e-04 1.192679e-04 1.233471e-04 1.272598e-04 1.309980e-04 1.345541e-04 1.379204e-04 1.410899e-04 1.440555e-04 1.468106e-04 1.493488e-04 1.516644e-04 1.537519e-04 1.556064e-04 1.572233e-04 1.585987e-04 1.597293e-04 1.606123e-04 1.612455e-04 1.616272e-04 1.617563e-04 
1.290690e-04 1.289636e-04 1.286474e-04 1.281208e-04 1.273848e-04 1.264403e-04 1.252888e-04 1.239318e-04 1.223715e-04 1.206101e-04 1.186500e-04 1.164943e-04 1.141459e-04 1.116084e-04 1.088853e-04 1.059806e-04 1.028984e-04 9.964312e-05 9.621947e-05 9.263231e-05 8.888672e-05 8.498802e-05 8.094172e-05 7.675355e-05 7.242939e-05 6.797533e-05 6.339762e-05 5.870266e-05 5.389703e-05 4.898743e-05 4.398070e-05 3.888381e-05 3.370384e-05 2.844798e-05 2.312352e-05 1.773786e-05 1.229847e-05 6.812883e-06 1.288738e-06 4.266278e-06 9.844411e-06 1.543785e-05 2.103872e-05 2.663912e-05 3.223106e-05 3.780653e-05 4.335746e-05 4.887575e-05 5.435324e-05 5.978174e-05 6.515299e-05 7.045874e-05 7.569066e-05 8.084042e-05 8.589965e-05 9.085997e-05 9.571299e-05 1.004503e-04 1.050636e-04 1.095446e-04 1.138849e-04 1.180763e-04 1.221109e-04 1.259805e-04 1.296775e-04 1.331942e-04 1.365231e-04 1.396571e-04 1.425895e-04 1.453135e-04 1.478231e-04 1.501125e-04 1.521763e-04 1.540096e-04 1.556081e-04 1.569678e-04 1.580855e-04 1.589583e-04 1.595842e-04 1.599615e-04 1.600892e-04 
1.274463e-04 1.273421e-04 1.270298e-04 1.265096e-04 1.257826e-04 1.248495e-04 1.237120e-04 1.223715e-04 1.208301e-04 1.190900e-04 1.171537e-04 1.150241e-04 1.127042e-04 1.101973e-04 1.075072e-04 1.046375e-04 1.015926e-04 9.837662e-05 9.499426e-05 9.145033e-05 8.774985e-05 8.389807e-05 7.990044e-05 7.576260e-05 7.149038e-05 6.708979e-05 6.256699e-05 5.792832e-05 5.318028e-05 4.832947e-05 4.338268e-05 3.834677e-05 3.322876e-05 2.803575e-05 2.277495e-05 1.745367e-05 1.207930e-05 6.659294e-06 1.201207e-06 4.287357e-06 9.798729e-06 1.532518e-05 2.085892e-05 2.639211e-05 3.191688e-05 3.742527e-05 4.290932e-05 4.836099e-05 5.377223e-05 5.913490e-05 6.444088e-05 6.968196e-05 7.484994e-05 7.993656e-05 8.493356e-05 8.983265e-05 9.462555e-05 9.930399e-05 1.038597e-04 1.082845e-04 1.125702e-04 1.167087e-04 1.206920e-04 1.245124e-04 1.281621e-04 1.316336e-04 1.349196e-04 1.380131e-04 1.409073e-04 1.435959e-04 1.460727e-04 1.483320e-04 1.503687e-04 1.521778e-04 1.537552e-04 1.550969e-04 1.561997e-04 1.570610e-04 1.576785e-04 1.580509e-04 1.581768e-04 
1.256145e-04 1.255117e-04 1.252037e-04 1.246908e-04 1.239738e-04 1.230537e-04 1.219319e-04 1.206101e-04 1.190900e-04 1.173740e-04 1.154645e-04 1.133644e-04 1.110766e-04 1.086044e-04 1.059513e-04 1.031213e-04 1.001184e-04 9.694674e-05 9.361098e-05 9.011584e-05 8.646627e-05 8.266744e-05 7.872473e-05 7.464370e-05 7.043009e-05 6.608983e-05 6.162901e-05 5.705387e-05 5.237080e-05 4.758636e-05 4.270719e-05 3.774011e-05 3.269202e-05 2.756993e-05 2.238097e-05 1.713234e-05 1.183134e-05 6.485336e-06 1.101783e-06 4.311807e-06 9.747857e-06 1.519873e-05 2.065674e-05 2.611413e-05 3.156313e-05 3.699587e-05 4.240449e-05 4.778105e-05 5.311757e-05 5.840605e-05 6.363844e-05 6.880665e-05 7.390256e-05 7.891804e-05 8.384493e-05 8.867506e-05 9.340026e-05 9.801236e-05 1.025032e-04 1.068648e-04 1.110890e-04 1.151680e-04 1.190937e-04 1.228587e-04 1.264552e-04 1.298759e-04 1.331136e-04 1.361616e-04 1.390130e-04 1.416617e-04 1.441016e-04 1.463272e-04 1.483334e-04 1.501154e-04 1.516690e-04 1.529905e-04 1.540767e-04 1.549250e-04 1.555332e-04 1.558999e-04 1.560239e-04 
1.235762e-04 1.234750e-04 1.231718e-04 1.226670e-04 1.219612e-04 1.210555e-04 1.199512e-04 1.186500e-04 1.171537e-04 1.154645e-04 1.135849e-04 1.115175e-04 1.092654e-04 1.068317e-04 1.042200e-04 1.014341e-04 9.847782e-05 9.535551e-05 9.207159e-05 8.863071e-05 8.503777e-05 8.129784e-05 7.741623e-05 7.339838e-05 6.924998e-05 6.497683e-05 6.058495e-05 5.608046e-05 5.146968e-05 4.675904e-05 4.195511e-05 3.706458e-05 3.209426e-05 2.705106e-05 2.194199e-05 1.677416e-05 1.155476e-05 6.291056e-06 9.903904e-07 4.339826e-06 9.692121e-06 1.505896e-05 2.043277e-05 2.580589e-05 3.117065e-05 3.651931e-05 4.184409e-05 4.713717e-05 5.239068e-05 5.759673e-05 6.274736e-05 6.783462e-05 7.285051e-05 7.778700e-05 8.263606e-05 8.738964e-05 9.203969e-05 9.657821e-05 1.009972e-04 1.052886e-04 1.094447e-04 1.134576e-04 1.173195e-04 1.210230e-04 1.245606e-04 1.279250e-04 1.311094e-04 1.341068e-04 1.369109e-04 1.395154e-04 1.419145e-04 1.441028e-04 1.460753e-04 1.478272e-04 1.493546e-04 1.506537e-04 1.517215e-04 1.525554e-04 1.531533e-04 1.535137e-04 1.536357e-04 
1.213344e-04 1.212350e-04 1.209371e-04 1.204410e-04 1.197476e-04 1.188577e-04 1.177728e-04 1.164943e-04 1.150241e-04 1.133644e-04 1.115175e-04 1.094862e-04 1.072732e-04 1.048819e-04 1.023157e-04 9.957818e-05 9.667330e-05 9.360520e-05 9.037826e-05 8.699705e-05 8.346636e-05 7.979120e-05 7.597675e-05 7.202838e-05 6.795166e-05 6.375230e-05 5.943620e-05 5.500941e-05 5.047810e-05 4.584860e-05 4.112738e-05 3.632101e-05 3.143619e-05 2.647971e-05 2.145847e-05 1.637946e-05 1.124976e-05 6.076513e-06 8.669531e-07 4.371629e-06 9.631875e-06 1.490637e-05 2.018765e-05 2.546818e-05 3.074039e-05 3.599668e-05 4.122937e-05 4.643076e-05 5.159310e-05 5.670863e-05 6.176952e-05 6.676792e-05 7.169598e-05 7.654579e-05 8.130946e-05 8.597907e-05 9.054673e-05 9.500455e-05 9.934467e-05 1.035593e-04 1.076407e-04 1.115812e-04 1.153732e-04 1.190094e-04 1.224825e-04 1.257854e-04 1.289113e-04 1.318535e-04 1.346057e-04 1.371619e-04 1.395165e-04 1.416640e-04 1.435995e-04 1.453187e-04 1.468174e-04 1.480921e-04 1.491397e-04 1.499579e-04 1.505445e-04 1.508981e-04 1.510178e-04 
1.188923e-04 1.187949e-04 1.185028e-04 1.180163e-04 1.173363e-04 1.164637e-04 1.153997e-04 1.141459e-04 1.127042e-04 1.110766e-04 1.092654e-04 1.072732e-04 1.051030e-04 1.027579e-04 1.002411e-04 9.755631e-05 9.470736e-05 9.169830e-05 8.853340e-05 8.521716e-05 8.175426e-05 7.814961e-05 7.440830e-05 7.053558e-05 6.653691e-05 6.241791e-05 5.818433e-05 5.384213e-05 4.939735e-05 4.485621e-05 4.022505e-05 3.551031e-05 3.071858e-05 2.585652e-05 2.093090e-05 1.594860e-05 1.091655e-05 5.841778e-06 7.313927e-07 4.407444e-06 9.567501e-06 1.474149e-05 1.992207e-05 2.510184e-05 3.027336e-05 3.542914e-05 4.056165e-05 4.566332e-05 5.072652e-05 5.574362e-05 6.070693e-05 6.560875e-05 7.044135e-05 7.519697e-05 7.986787e-05 8.444629e-05 8.892446e-05 9.329468e-05 9.754923e-05 1.016805e-04 1.056808e-04 1.095428e-04 1.132591e-04 1.168224e-04 1.202255e-04 1.234617e-04 1.265242e-04 1.294066e-04 1.321027e-04 1.346067e-04 1.369129e-04 1.390162e-04 1.409119e-04 1.425955e-04 1.440632e-04 1.453114e-04 1.463373e-04 1.471385e-04 1.477129e-04 1.480592e-04 1.481764e-04 
1.162536e-04 1.161583e-04 1.158723e-04 1.153963e-04 1.147307e-04 1.138767e-04 1.128354e-04 1.116084e-04 1.101973e-04 1.086044e-04 1.068317e-04 1.048819e-04 1.027579e-04 1.004625e-04 9.799917e-05 9.537135e-05 9.258281e-05 8.963751e-05 8.653962e-05 8.329355e-05 7.990387e-05 7.637538e-05 7.271306e-05 6.892205e-05 6.500769e-05 6.097547e-05 5.683103e-05 5.258018e-05 4.822886e-05 4.378315e-05 3.924926e-05 3.463349e-05 2.994229e-05 2.518220e-05 2.035985e-05 1.548197e-05 1.055537e-05 5.586935e-06 5.836313e-07 4.447513e-06 9.499406e-06 1.456490e-05 1.963678e-05 2.470780e-05 2.977065e-05 3.481798e-05 3.984240e-05 4.483648e-05 4.979274e-05 5.470369e-05 5.956179e-05 6.435948e-05 6.908918e-05 7.374331e-05 7.831426e-05 8.279444e-05 8.717625e-05 9.145214e-05 9.561458e-05 9.965610e-05 1.035693e-04 1.073469e-04 1.109816e-04 1.144664e-04 1.177945e-04 1.209590e-04 1.239535e-04 1.267716e-04 1.294074e-04 1.318552e-04 1.341096e-04 1.361655e-04 1.380184e-04 1.396639e-04 1.410983e-04 1.423182e-04 1.433208e-04 1.441037e-04 1.446650e-04 1.450034e-04 1.451179e-04 
1.134220e-04 1.133289e-04 1.130497e-04 1.125847e-04 1.119347e-04 1.111007e-04 1.100837e-04 1.088853e-04 1.075072e-04 1.059513e-04 1.042200e-04 1.023157e-04 1.002411e-04 9.799917e-05 9.559313e-05 9.302641e-05 9.030266e-05 8.742574e-05 8.439973e-05 8.122892e-05 7.791778e-05 7.447098e-05 7.089339e-05 6.719002e-05 6.336609e-05 5.942694e-05 5.537811e-05 5.122526e-05 4.697419e-05 4.263083e-05 3.820125e-05 3.369163e-05 2.910825e-05 2.445752e-05 1.974592e-05 1.498002e-05 1.016649e-05 5.312082e-06 4.235939e-07 4.492088e-06 9.428021e-06 1.437720e-05 1.933258e-05 2.428704e-05 2.923343e-05 3.416455e-05 3.907317e-05 4.395199e-05 4.879371e-05 5.359098e-05 5.833643e-05 6.302265e-05 6.764223e-05 7.218775e-05 7.665178e-05 8.102688e-05 8.530565e-05 8.948070e-05 9.354470e-05 9.749035e-05 1.013104e-04 1.049978e-04 1.085456e-04 1.119467e-04 1.151946e-04 1.182826e-04 1.212045e-04 1.239541e-04 1.265257e-04 1.289137e-04 1.311128e-04 1.331183e-04 1.349255e-04 1.365304e-04 1.379294e-04 1.391191e-04 1.400969e-04 1.408604e-04 1.414078e-04 1.417378e-04 1.418494e-04 
1.104016e-04 1.103109e-04 1.100388e-04 1.095857e-04 1.089523e-04 1.081395e-04 1.071484e-04 1.059806e-04 1.046375e-04 1.031213e-04 1.014341e-04 9.957818e-05 9.755631e-05 9.537135e-05 9.302641e-05 9.052483e-05 8.787015e-05 8.506613e-05 8.211676e-05 7.902618e-05 7.579877e-05 7.243907e-05 6.895181e-05 6.534188e-05 6.161436e-05 5.777445e-05 5.382755e-05 4.977917e-05 4.563497e-05 4.140073e-05 3.708236e-05 3.268590e-05 2.821747e-05 2.368331e-05 1.908975e-05 1.444322e-05 9.750222e-06 5.017333e-06 2.512094e-07 4.541427e-06 9.353794e-06 1.417905e-05 1.901029e-05 2.384059e-05 2.866293e-05 3.347029e-05 3.825558e-05 4.301169e-05 4.773148e-05 5.240776e-05 5.703332e-05 6.160095e-05 6.610340e-05 7.053342e-05 7.488375e-05 7.914717e-05 8.331644e-05 8.738436e-05 9.134380e-05 9.518765e-05 9.890890e-05 1.025006e-04 1.059560e-04 1.092684e-04 1.124312e-04 1.154382e-04 1.182832e-04 1.209602e-04 1.234637e-04 1.257883e-04 1.279290e-04 1.298810e-04 1.316400e-04 1.332020e-04 1.345634e-04 1.357212e-04 1.366727e-04 1.374157e-04 1.379483e-04 1.382694e-04 1.383781e-04 
1.071968e-04 1.071086e-04 1.068440e-04 1.064035e-04 1.057877e-04 1.049974e-04 1.040338e-04 1.028984e-04 1.015926e-04 1.001184e-04 9.847782e-05 9.667330e-05 9.470736e-05 9.258281e-05 9.030266e-05 8.787015e-05 8.528872e-05 8.256202e-05 7.969391e-05 7.668843e-05 7.354982e-05 7.028248e-05 6.689102e-05 6.338019e-05 5.975490e-05 5.602025e-05 5.218144e-05 4.824385e-05 4.421298e-05 4.009446e-05 3.589403e-05 3.161755e-05 2.727101e-05 2.286046e-05 1.839207e-05 1.387210e-05 9.306878e-06 4.702822e-06 6.641395e-08 4.595795e-06 9.277191e-06 1.397110e-05 1.867081e-05 2.336953e-05 2.806045e-05 3.273670e-05 3.739137e-05 4.201754e-05 4.660821e-05 5.115641e-05 5.565509e-05 6.009722e-05 6.447574e-05 6.878359e-05 7.301370e-05 7.715904e-05 8.121258e-05 8.516731e-05 8.901630e-05 9.275264e-05 9.636954e-05 9.986028e-05 1.032182e-04 1.064370e-04 1.095102e-04 1.124317e-04 1.151956e-04 1.177962e-04 1.202280e-04 1.224859e-04 1.245649e-04 1.264607e-04 1.281688e-04 1.296856e-04 1.310076e-04 1.321319e-04 1.330557e-04 1.337771e-04 1.342942e-04 1.346060e-04 1.347115e-04 
1.038121e-04 1.037266e-04 1.034700e-04 1.030427e-04 1.024454e-04 1.016790e-04 1.007444e-04 9.964312e-05 9.837662e-05 9.694674e-05 9.535551e-05 9.360520e-05 9.169830e-05 8.963751e-05 8.742574e-05 8.506613e-05 8.256202e-05 7.991694e-05 7.713461e-05 7.421895e-05 7.117406e-05 6.800423e-05 6.471388e-05 6.130765e-05 5.779028e-05 5.416672e-05 5.044201e-05 4.662136e-05 4.271011e-05 3.871372e-05 3.463776e-05 3.048793e-05 2.627002e-05 2.198992e-05 1.765362e-05 1.326720e-05 8.836819e-06 4.368700e-06 1.308479e-07 4.655455e-06 9.198690e-06 1.375406e-05 1.831503e-05 2.287500e-05 2.742734e-05 3.196536e-05 3.648235e-05 4.097155e-05 4.542618e-05 4.983942e-05 5.420445e-05 5.851441e-05 6.276245e-05 6.694169e-05 7.104530e-05 7.506641e-05 7.899821e-05 8.283392e-05 8.656680e-05 9.019017e-05 9.369743e-05 9.708210e-05 1.003378e-04 1.034582e-04 1.064373e-04 1.092692e-04 1.119481e-04 1.144685e-04 1.168251e-04 1.190131e-04 1.210276e-04 1.228644e-04 1.245194e-04 1.259889e-04 1.272696e-04 1.283586e-04 1.292535e-04 1.299523e-04 1.304532e-04 1.307552e-04 1.308574e-04 
1.002524e-04 1.001697e-04 9.992146e-05 9.950817e-05 9.893039e-05 9.818893e-05 9.728487e-05 9.621947e-05 9.499426e-05 9.361098e-05 9.207159e-05 9.037826e-05 8.853340e-05 8.653962e-05 8.439973e-05 8.211676e-05 7.969391e-05 7.713461e-05 7.444244e-05 7.162119e-05 6.867483e-05 6.560747e-05 6.242342e-05 5.912712e-05 5.572319e-05 5.221639e-05 4.861161e-05 4.491387e-05 4.112835e-05 3.726032e-05 3.331519e-05 2.929845e-05 2.521572e-05 2.107271e-05 1.687523e-05 1.262914e-05 8.340435e-06 4.015142e-06 3.406206e-07 4.720675e-06 9.118782e-06 1.352864e-05 1.794391e-05 2.235818e-05 2.676501e-05 3.115793e-05 3.553039e-05 3.987585e-05 4.418772e-05 4.845940e-05 5.268424e-05 5.685561e-05 6.096685e-05 6.501132e-05 6.898235e-05 7.287333e-05 7.667764e-05 8.038873e-05 8.400008e-05 8.750524e-05 9.089782e-05 9.417157e-05 9.732032e-05 1.003380e-04 1.032189e-04 1.059571e-04 1.085471e-04 1.109838e-04 1.132621e-04 1.153771e-04 1.173243e-04 1.190996e-04 1.206991e-04 1.221192e-04 1.233569e-04 1.244093e-04 1.252741e-04 1.259493e-04 1.264333e-04 1.267251e-04 1.268239e-04 
9.652285e-05 9.644300e-05 9.620356e-05 9.580487e-05 9.524750e-05 9.453224e-05 9.366009e-05 9.263231e-05 9.145033e-05 9.011584e-05 8.863071e-05 8.699705e-05 8.521716e-05 8.329355e-05 8.122892e-05 7.902618e-05 7.668843e-05 7.421895e-05 7.162119e-05 6.889881e-05 6.605560e-05 6.309555e-05 6.002280e-05 5.684162e-05 5.355647e-05 5.017193e-05 4.669272e-05 4.312368e-05 3.946980e-05 3.573617e-05 3.192800e-05 2.805061e-05 2.410941e-05 2.010992e-05 1.605774e-05 1.195856e-05 7.818148e-06 3.642345e-06 5.629354e-07 4.791717e-06 9.037962e-06 1.329557e-05 1.755841e-05 2.182027e-05 2.607492e-05 3.031608e-05 3.453744e-05 3.873263e-05 4.289530e-05 4.701903e-05 5.109741e-05 5.512402e-05 5.909241e-05 6.299615e-05 6.682881e-05 7.058399e-05 7.425532e-05 7.783645e-05 8.132109e-05 8.470303e-05 8.797613e-05 9.113434e-05 9.417174e-05 9.708252e-05 9.986104e-05 1.025018e-04 1.049996e-04 1.073492e-04 1.095459e-04 1.115851e-04 1.134624e-04 1.151738e-04 1.167157e-04 1.180846e-04 1.192776e-04 1.202919e-04 1.211254e-04 1.217762e-04 1.222427e-04 1.225239e-04 1.226191e-04 
9.262865e-05 9.255185e-05 9.232156e-05 9.193811e-05 9.140204e-05 9.071410e-05 8.987526e-05 8.888672e-05 8.774985e-05 8.646627e-05 8.503777e-05 8.346636e-05 8.175426e-05 7.990387e-05 7.791778e-05 7.579877e-05 7.354982e-05 7.117406e-05 6.867483e-05 6.605560e-05 6.332004e-05 6.047197e-05 5.751535e-05 5.445430e-05 5.129310e-05 4.803613e-05 4.468794e-05 4.125319e-05 3.773667e-05 3.414327e-05 3.047801e-05 2.674600e-05 2.295245e-05 1.910268e-05 1.520209e-05 1.125615e-05 7.270417e-06 3.250531e-06 7.978082e-07 4.868837e-06 8.956729e-06 1.305560e-05 1.715953e-05 2.126252e-05 2.535857e-05 2.944159e-05 3.350550e-05 3.754416e-05 4.155142e-05 4.552110e-05 4.944700e-05 5.332293e-05 5.714266e-05 6.090000e-05 6.458875e-05 6.820274e-05 7.173582e-05 7.518189e-05 7.853491e-05 8.178888e-05 8.493792e-05 8.797621e-05 9.089807e-05 9.369793e-05 9.637037e-05 9.891014e-05 1.013122e-04 1.035717e-04 1.056839e-04 1.076445e-04 1.094495e-04 1.110948e-04 1.125770e-04 1.138930e-04 1.150397e-04 1.160147e-04 1.168158e-04 1.174413e-04 1.178897e-04 1.181600e-04 1.182515e-04 
8.857536e-05 8.850174e-05 8.828097e-05 8.791337e-05 8.739945e-05 8.673994e-05 8.593575e-05 8.498802e-05 8.389807e-05 8.266744e-05 8.129784e-05 7.979120e-05 7.814961e-05 7.637538e-05 7.447098e-05 7.243907e-05 7.028248e-05 6.800423e-05 6.560747e-05 6.309555e-05 6.047197e-05 5.774037e-05 5.490455e-05 5.196846e-05 4.893617e-05 4.581190e-05 4.260000e-05 3.930492e-05 3.593126e-05 3.248371e-05 2.896708e-05 2.538626e-05 2.174627e-05 1.805220e-05 1.430924e-05 1.052263e-05 6.697732e-06 2.839949e-06 1.045238e-06 4.952283e-06 8.875585e-06 1.280949e-05 1.674828e-05 2.068621e-05 2.461747e-05 2.853624e-05 3.243663e-05 3.631275e-05 4.015868e-05 4.396845e-05 4.773613e-05 5.145572e-05 5.512126e-05 5.872679e-05 6.226634e-05 6.573399e-05 6.912384e-05 7.243002e-05 7.564673e-05 7.876824e-05 8.178889e-05 8.470312e-05 8.750548e-05 9.019064e-05 9.275344e-05 9.518885e-05 9.749204e-05 9.965837e-05 1.016834e-04 1.035630e-04 1.052932e-04 1.068704e-04 1.082911e-04 1.095524e-04 1.106514e-04 1.115858e-04 1.123536e-04 1.129530e-04 1.133827e-04 1.136417e-04 1.137294e-04 
8.436874e-05 8.429841e-05 8.408752e-05 8.373635e-05 8.324541e-05 8.261537e-05 8.184712e-05 8.094172e-05 7.990044e-05 7.872473e-05 7.741623e-05 7.597675e-05 7.440830e-05 7.271306e-05 7.089339e-05 6.895181e-05 6.689102e-05 6.471388e-05 6.242342e-05 6.002280e-05 5.751535e-05 5.490455e-05 5.219403e-05 4.938753e-05 4.648895e-05 4.350230e-05 4.043173e-05 3.728151e-05 3.405600e-05 3.075970e-05 2.739719e-05 2.397315e-05 2.049239e-05 1.695975e-05 1.338021e-05 9.758796e-06 6.100623e-06 2.410874e-06 1.305202e-06 5.042293e-06 8.795029e-06 1.255798e-05 1.632569e-05 2.009261e-05 2.385320e-05 2.760185e-05 3.133294e-05 3.504079e-05 3.871972e-05 4.236402e-05 4.596798e-05 4.952587e-05 5.303195e-05 5.648052e-05 5.986587e-05 6.318230e-05 6.642418e-05 6.958589e-05 7.266188e-05 7.564666e-05 7.853484e-05 8.132110e-05 8.400024e-05 8.656718e-05 8.901698e-05 9.134486e-05 9.354623e-05 9.561666e-05 9.755195e-05 9.934813e-05 1.010015e-04 1.025085e-04 1.038659e-04 1.050710e-04 1.061210e-04 1.070137e-04 1.077472e-04 1.083198e-04 1.087303e-04 1.089778e-04 1.090616e-04 
8.001474e-05 7.994781e-05 7.974713e-05 7.941297e-05 7.894579e-05 7.834624e-05 7.761516e-05 7.675355e-05 7.576260e-05 7.464370e-05 7.339838e-05 7.202838e-05 7.053558e-05 6.892205e-05 6.719002e-05 6.534188e-05 6.338019e-05 6.130765e-05 5.912712e-05 5.684162e-05 5.445430e-05 5.196846e-05 4.938753e-05 4.671507e-05 4.395478e-05 4.111048e-05 3.818609e-05 3.518568e-05 3.211340e-05 2.897351e-05 2.577038e-05 2.250848e-05 1.919236e-05 1.582665e-05 1.241609e-05 8.965464e-06 5.479658e-06 1.963614e-06 1.577660e-06 5.139091e-06 8.715552e-06 1.230186e-05 1.589279e-05 1.948306e-05 2.306735e-05 2.664031e-05 3.019656e-05 3.373069e-05 3.723724e-05 4.071077e-05 4.414582e-05 4.753690e-05 5.087855e-05 5.416529e-05 5.739168e-05 6.055229e-05 6.364173e-05 6.665465e-05 6.958575e-05 7.242981e-05 7.518168e-05 7.783630e-05 8.038872e-05 8.283412e-05 8.516779e-05 8.738521e-05 8.948199e-05 9.145394e-05 9.329709e-05 9.500766e-05 9.658210e-05 9.801714e-05 9.930974e-05 1.004572e-04 1.014569e-04 1.023069e-04 1.030052e-04 1.035504e-04 1.039412e-04 1.041768e-04 1.042565e-04 
7.551947e-05 7.545606e-05 7.526592e-05 7.494930e-05 7.450664e-05 7.393855e-05 7.324582e-05 7.242939e-05 7.149038e-05 7.043009e-05 6.924998e-05 6.795166e-05 6.653691e-05 6.500769e-05 6.336609e-05 6.161436e-05 5.975490e-05 5.779028e-05 5.572319e-05 5.355647e-05 5.129310e-05 4.893617e-05 4.648895e-05 4.395478e-05 4.133717e-05 3.863972e-05 3.586614e-05 3.302028e-05 3.010606e-05 2.712752e-05 2.408881e-05 2.099414e-05 1.784784e-05 1.465430e-05 1.141800e-05 8.143507e-06 4.835443e-06 1.498506e-06 1.862543e-06 5.242884e-06 8.637639e-06 1.204188e-05 1.545063e-05 1.885886e-05 2.226152e-05 2.565351e-05 2.902969e-05 3.238492e-05 3.571400e-05 3.901175e-05 4.227296e-05 4.549242e-05 4.866491e-05 5.178524e-05 5.484820e-05 5.784865e-05 6.078146e-05 6.364153e-05 6.642384e-05 6.912343e-05 7.173539e-05 7.425495e-05 7.667739e-05 7.899815e-05 8.121278e-05 8.331697e-05 8.530660e-05 8.717769e-05 8.892647e-05 9.054939e-05 9.204310e-05 9.340449e-05 9.463071e-05 9.571916e-05 9.666752e-05 9.747376e-05 9.813615e-05 9.865325e-05 9.902394e-05 9.924739e-05 9.932305e-05 
7.088928e-05 7.082949e-05 7.065019e-05 7.035163e-05 6.993421e-05 6.939851e-05 6.874525e-05 6.797533e-05 6.708979e-05 6.608983e-05 6.497683e-05 6.375230e-05 6.241791e-05 6.097547e-05 5.942694e-05 5.777445e-05 5.602025e-05 5.416672e-05 5.221639e-05 5.017193e-05 4.803613e-05 4.581190e-05 4.350230e-05 4.111048e-05 3.863972e-05 3.609340e-05 3.347504e-05 3.078823e-05 2.803669e-05 2.522420e-05 2.235468e-05 1.943210e-05 1.646053e-05 1.344414e-05 1.038714e-05 7.293842e-06 4.168622e-06 1.015920e-06 2.159762e-06 5.353862e-06 8.561764e-06 1.177880e-05 1.500025e-05 1.822137e-05 2.143735e-05 2.464335e-05 2.783453e-05 3.100597e-05 3.415279e-05 3.727003e-05 4.035278e-05 4.339608e-05 4.639499e-05 4.934458e-05 5.223993e-05 5.507616e-05 5.784840e-05 6.055183e-05 6.318170e-05 6.573331e-05 6.820203e-05 7.058332e-05 7.287276e-05 7.506601e-05 7.715888e-05 7.914731e-05 8.102740e-05 8.279542e-05 8.444780e-05 8.598120e-05 8.739246e-05 8.867866e-05 8.983712e-05 9.086539e-05 9.176129e-05 9.252292e-05 9.314864e-05 9.363710e-05 9.398726e-05 9.419834e-05 9.426981e-05 
6.613066e-05 6.607458e-05 6.590642e-05 6.562641e-05 6.523492e-05 6.473248e-05 6.411977e-05 6.339762e-05 6.256699e-05 6.162901e-05 6.058495e-05 5.943620e-05 5.818433e-05 5.683103e-05 5.537811e-05 5.382755e-05 5.218144e-05 5.044201e-05 4.861161e-05 4.669272e-05 4.468794e-05 4.260000e-05 4.043173e-05 3.818609e-05 3.586614e-05 3.347504e-05 3.101607e-05 2.849259e-05 2.590808e-05 2.326610e-05 2.057029e-05 1.782439e-05 1.503222e-05 1.219768e-05 9.324738e-06 6.417434e-06 3.479884e-06 5.162615e-07 2.469196e-06 5.472194e-06 8.488385e-06 1.151337e-05 1.454271e-05 1.757191e-05 2.059646e-05 2.361178e-05 2.661330e-05 2.959639e-05 3.255641e-05 3.548873e-05 3.838867e-05 4.125157e-05 4.407276e-05 4.684759e-05 4.957142e-05 5.223963e-05 5.484764e-05 5.739090e-05 5.986494e-05 6.226532e-05 6.458769e-05 6.682777e-05 6.898139e-05 7.104449e-05 7.301310e-05 7.488343e-05 7.665180e-05 7.831470e-05 7.986880e-05 8.131095e-05 8.263820e-05 8.384780e-05 8.493723e-05 8.590421e-05 8.674670e-05 8.746290e-05 8.805129e-05 8.851062e-05 8.883988e-05 8.903836e-05 8.910557e-05 
6.125027e-05 6.119800e-05 6.104127e-05 6.078026e-05 6.041535e-05 5.994700e-05 5.937586e-05 5.870266e-05 5.792832e-05 5.705387e-05 5.608046e-05 5.500941e-05 5.384213e-05 5.258018e-05 5.122526e-05 4.977917e-05 4.824385e-05 4.662136e-05 4.491387e-05 4.312368e-05 4.125319e-05 3.930492e-05 3.728151e-05 3.518568e-05 3.302028e-05 3.078823e-05 2.849259e-05 2.613649e-05 2.372313e-05 2.125584e-05 1.873802e-05 1.617314e-05 1.356476e-05 1.091651e-05 8.232095e-06 5.515298e-06 2.769955e-06 3.074177e-11 2.790697e-06 5.598025e-06 8.417945e-06 1.124634e-05 1.407904e-05 1.691184e-05 1.974050e-05 2.256073e-05 2.536824e-05 2.815869e-05 3.092773e-05 3.367098e-05 3.638407e-05 3.906262e-05 4.170224e-05 4.429856e-05 4.684723e-05 4.934391e-05 5.178430e-05 5.416414e-05 5.647921e-05 5.872537e-05 6.089852e-05 6.299467e-05 6.500990e-05 6.694040e-05 6.878247e-05 7.053254e-05 7.218719e-05 7.374312e-05 7.519723e-05 7.654657e-05 7.778837e-05 7.892008e-05 7.993935e-05 8.084403e-05 8.163223e-05 8.230228e-05 8.285274e-05 8.328245e-05 8.359048e-05 8.377616e-05 8.383904e-05 
5.625494e-05 5.620657e-05 5.606151e-05 5.581996e-05 5.548223e-05 5.504877e-05 5.452014e-05 5.389703e-05 5.318028e-05 5.237080e-05 5.146968e-05 5.047810e-05 4.939735e-05 4.822886e-05 4.697419e-05 4.563497e-05 4.421298e-05 4.271011e-05 4.112835e-05 3.946980e-05 3.773667e-05 3.593126e-05 3.405600e-05 3.211340e-05 3.010606e-05 2.803669e-05 2.590808e-05 2.372313e-05 2.148480e-05 1.919615e-05 1.686032e-05 1.448052e-05 1.206004e-05 9.602239e-06 7.110559e-06 4.588494e-06 2.039606e-06 5.324806e-07 3.124087e-06 5.731477e-06 8.350867e-06 1.097842e-05 1.361027e-05 1.624248e-05 1.887111e-05 2.149217e-05 2.410163e-05 2.669546e-05 2.926959e-05 3.181995e-05 3.434245e-05 3.683298e-05 3.928747e-05 4.170184e-05 4.407200e-05 4.639391e-05 4.866356e-05 5.087697e-05 5.303020e-05 5.511938e-05 5.714070e-05 5.909043e-05 6.096491e-05 6.276059e-05 6.447403e-05 6.610190e-05 6.764101e-05 6.908829e-05 7.044085e-05 7.169595e-05 7.285102e-05 7.390368e-05 7.485175e-05 7.569323e-05 7.642635e-05 7.704958e-05 7.756157e-05 7.796125e-05 7.824775e-05 7.842046e-05 7.847895e-05 
5.115163e-05 5.110724e-05 5.097411e-05 5.075242e-05 5.044245e-05 5.004460e-05 4.955939e-05 4.898743e-05 4.832947e-05 4.758636e-05 4.675904e-05 4.584860e-05 4.485621e-05 4.378315e-05 4.263083e-05 4.140073e-05 4.009446e-05 3.871372e-05 3.726032e-05 3.573617e-05 3.414327e-05 3.248371e-05 3.075970e-05 2.897351e-05 2.712752e-05 2.522420e-05 2.326610e-05 2.125584e-05 1.919615e-05 1.708982e-05 1.493972e-05 1.274878e-05 1.052004e-05 8.256572e-06 5.961530e-06 3.638130e-06 1.289650e-06 1.080575e-06 3.469154e-06 5.872645e-06 8.287553e-06 1.071034e-05 1.313742e-05 1.556517e-05 1.798994e-05 2.040803e-05 2.281571e-05 2.520925e-05 2.758488e-05 2.993882e-05 3.226727e-05 3.456645e-05 3.683254e-05 3.906177e-05 4.125035e-05 4.339454e-05 4.549060e-05 4.753484e-05 4.952361e-05 5.145332e-05 5.332043e-05 5.512148e-05 5.685307e-05 5.851193e-05 6.009485e-05 6.159876e-05 6.302068e-05 6.435780e-05 6.560742e-05 6.676701e-05 6.783419e-05 6.880676e-05 6.968270e-05 7.046016e-05 7.113752e-05 7.171334e-05 7.218638e-05 7.255565e-05 7.282036e-05 7.297993e-05 7.303397e-05 
4.594745e-05 4.590711e-05 4.578614e-05 4.558469e-05 4.530302e-05 4.494148e-05 4.450052e-05 4.398070e-05 4.338268e-05 4.270719e-05 4.195511e-05 4.112738e-05 4.022505e-05 3.924926e-05 3.820125e-05 3.708236e-05 3.589403e-05 3.463776e-05 3.331519e-05 3.192800e-05 3.047801e-05 2.896708e-05 2.739719e-05 2.577038e-05 2.408881e-05 2.235468e-05 2.057029e-05 1.873802e-05 1.686032e-05 1.493972e-05 1.297880e-05 1.098025e-05 8.946803e-06 6.881251e-06 4.786463e-06 2.665365e-06 5.209435e-07 1.643762e-06 3.825656e-06 6.021594e-06 8.228380e-06 1.044278e-05 1.266150e-05 1.488124e-05 1.709862e-05 1.931027e-05 2.151276e-05 2.370265e-05 2.587649e-05 2.803078e-05 3.016205e-05 3.226679e-05 3.434152e-05 3.638273e-05 3.838696e-05 4.035073e-05 4.227062e-05 4.414322e-05 4.596517e-05 4.773315e-05 4.944391e-05 5.109425e-05 5.268105e-05 5.420128e-05 5.565199e-05 5.703036e-05 5.833365e-05 5.955925e-05 6.070469e-05 6.176764e-05 6.274590e-05 6.363747e-05 6.444046e-05 6.515319e-05 6.577416e-05 6.630204e-05 6.673572e-05 6.707426e-05 6.731693e-05 6.746322e-05 6.751277e-05 
4.064962e-05 4.061341e-05 4.050481e-05 4.032397e-05 4.007109e-05 3.974650e-05 3.935058e-05 3.888381e-05 3.834677e-05 3.774011e-05 3.706458e-05 3.632101e-05 3.551031e-05 3.463349e-05 3.369163e-05 3.268590e-05 3.161755e-05 3.048793e-05 2.929845e-05 2.805061e-05 2.674600e-05 2.538626e-05 2.397315e-05 2.250848e-05 2.099414e-05 1.943210e-05 1.782439e-05 1.617314e-05 1.448052e-05 1.274878e-05 1.098025e-05 9.177318e-06 7.342423e-06 5.478081e-06 3.586865e-06 1.671404e-06 2.656150e-07 2.221451e-06 4.193313e-06 6.178359e-06 8.173701e-06 1.017641e-05 1.218350e-05 1.419197e-05 1.619877e-05 1.820083e-05 2.019502e-05 2.217822e-05 2.414728e-05 2.609902e-05 2.803027e-05 2.993782e-05 3.181850e-05 3.366911e-05 3.548648e-05 3.726744e-05 3.900885e-05 4.070759e-05 4.236061e-05 4.396485e-05 4.551735e-05 4.701518e-05 4.845548e-05 4.983549e-05 5.115252e-05 5.240396e-05 5.358732e-05 5.470022e-05 5.574039e-05 5.670570e-05 5.759416e-05 5.840391e-05 5.913324e-05 5.978062e-05 6.034466e-05 6.082416e-05 6.121810e-05 6.152562e-05 6.174606e-05 6.187895e-05 6.192397e-05 
3.526551e-05 3.523349e-05 3.513746e-05 3.497755e-05 3.475393e-05 3.446687e-05 3.411670e-05 3.370384e-05 3.322876e-05 3.269202e-05 3.209426e-05 3.143619e-05 3.071858e-05 2.994229e-05 2.910825e-05 2.821747e-05 2.727101e-05 2.627002e-05 2.521572e-05 2.410941e-05 2.295245e-05 2.174627e-05 2.049239e-05 1.919236e-05 1.784784e-05 1.646053e-05 1.503222e-05 1.356476e-05 1.206004e-05 1.052004e-05 8.946803e-06 7.342423e-06 5.709058e-06 4.048924e-06 2.364295e-06 6.574989e-07 1.069082e-06 2.813013e-06 4.571812e-06 6.342946e-06 8.123839e-06 9.911871e-06 1.170438e-05 1.349868e-05 1.529202e-05 1.708164e-05 1.886475e-05 2.063854e-05 2.240015e-05 2.414674e-05 2.587542e-05 2.758334e-05 2.926759e-05 3.092529e-05 3.255358e-05 3.414959e-05 3.571048e-05 3.723343e-05 3.871565e-05 4.015439e-05 4.154696e-05 4.289070e-05 4.418303e-05 4.542143e-05 4.660347e-05 4.772678e-05 4.878910e-05 4.978827e-05 5.072223e-05 5.158906e-05 5.238694e-05 5.311418e-05 5.376924e-05 5.435072e-05 5.485738e-05 5.528812e-05 5.564200e-05 5.591826e-05 5.611630e-05 5.623567e-05 5.627613e-05 
2.980257e-05 2.977480e-05 2.969153e-05 2.955285e-05 2.935891e-05 2.910993e-05 2.880617e-05 2.844798e-05 2.803575e-05 2.756993e-05 2.705106e-05 2.647971e-05 2.585652e-05 2.518220e-05 2.445752e-05 2.368331e-05 2.286046e-05 2.198992e-05 2.107271e-05 2.010992e-05 1.910268e-05 1.805220e-05 1.695975e-05 1.582665e-05 1.465430e-05 1.344414e-05 1.219768e-05 1.091651e-05 9.602239e-06 8.256572e-06 6.881251e-06 5.478081e-06 4.048924e-06 2.595695e-06 1.120364e-06 3.750490e-07 1.888470e-06 3.417777e-06 4.960801e-06 6.515325e-06 8.079089e-06 9.649793e-06 1.122509e-05 1.280261e-05 1.437994e-05 1.595462e-05 1.752419e-05 1.908615e-05 2.063797e-05 2.217711e-05 2.370101e-05 2.520712e-05 2.669286e-05 2.815565e-05 2.959293e-05 3.100214e-05 3.238074e-05 3.372619e-05 3.503601e-05 3.630773e-05 3.753893e-05 3.872724e-05 3.987032e-05 4.096593e-05 4.201187e-05 4.300602e-05 4.394636e-05 4.483093e-05 4.565790e-05 4.642552e-05 4.713217e-05 4.777633e-05 4.835661e-05 4.887176e-05 4.932065e-05 4.970230e-05 5.001587e-05 5.026066e-05 5.043615e-05 5.054193e-05 5.057778e-05 
2.426836e-05 2.424491e-05 2.417455e-05 2.405738e-05 2.389350e-05 2.368308e-05 2.342634e-05 2.312352e-05 2.277495e-05 2.238097e-05 2.194199e-05 2.145847e-05 2.093090e-05 2.035985e-05 1.974592e-05 1.908975e-05 1.839207e-05 1.765362e-05 1.687523e-05 1.605774e-05 1.520209e-05 1.430924e-05 1.338021e-05 1.241609e-05 1.141800e-05 1.038714e-05 9.324738e-06 8.232095e-06 7.110559e-06 5.961530e-06 4.786463e-06 3.586865e-06 2.364295e-06 1.120364e-06 1.432689e-07 1.424892e-06 2.722749e-06 4.035033e-06 5.359893e-06 6.695433e-06 8.039716e-06 9.390762e-06 1.074655e-05 1.210503e-05 1.346411e-05 1.482167e-05 1.617556e-05 1.752360e-05 1.886359e-05 2.019331e-05 2.151051e-05 2.281297e-05 2.409840e-05 2.536456e-05 2.660919e-05 2.783002e-05 2.902481e-05 3.019135e-05 3.132741e-05 3.243083e-05 3.349946e-05 3.453119e-05 3.552397e-05 3.647580e-05 3.738473e-05 3.824888e-05 3.906645e-05 3.983572e-05 4.055504e-05 4.122287e-05 4.183776e-05 4.239837e-05 4.290346e-05 4.335191e-05 4.374273e-05 4.407504e-05 4.434808e-05 4.456126e-05 4.471407e-05 4.480619e-05 4.483743e-05 
1.867055e-05 1.865145e-05 1.859417e-05 1.849875e-05 1.836528e-05 1.819387e-05 1.798467e-05 1.773786e-05 1.745367e-05 1.713234e-05 1.677416e-05 1.637946e-05 1.594860e-05 1.548197e-05 1.498002e-05 1.444322e-05 1.387210e-05 1.326720e-05 1.262914e-05 1.195856e-05 1.125615e-05 1.052263e-05 9.758796e-06 8.965464e-06 8.143507e-06 7.293842e-06 6.417434e-06 5.515298e-06 4.588494e-06 3.638130e-06 2.665365e-06 1.671404e-06 6.574989e-07 3.750490e-07 1.424892e-06 2.490637e-06 3.570844e-06 4.664029e-06 5.768662e-06 6.883173e-06 8.005950e-06 9.135339e-06 1.026965e-05 1.140716e-05 1.254610e-05 1.368467e-05 1.482106e-05 1.595342e-05 1.707986e-05 1.819849e-05 1.930739e-05 2.040463e-05 2.148828e-05 2.255638e-05 2.360698e-05 2.463813e-05 2.564789e-05 2.663433e-05 2.759553e-05 2.852960e-05 2.943468e-05 3.030893e-05 3.115056e-05 3.195782e-05 3.272901e-05 3.346250e-05 3.415670e-05 3.481010e-05 3.542127e-05 3.598885e-05 3.651158e-05 3.698828e-05 3.741786e-05 3.779935e-05 3.813186e-05 3.841463e-05 3.864700e-05 3.882842e-05 3.895849e-05 3.903690e-05 3.906349e-05 
1.301688e-05 1.300218e-05 1.295810e-05 1.288465e-05 1.278189e-05 1.264988e-05 1.248870e-05 1.229847e-05 1.207930e-05 1.183134e-05 1.155476e-05 1.124976e-05 1.091655e-05 1.055537e-05 1.016649e-05 9.750222e-06 9.306878e-06 8.836819e-06 8.340435e-06 7.818148e-06 7.270417e-06 6.697732e-06 6.100623e-06 5.479658e-06 4.835443e-06 4.168622e-06 3.479884e-06 2.769955e-06 2.039606e-06 1.289650e-06 5.209435e-07 2.656150e-07 1.069082e-06 1.888470e-06 2.722749e-06 3.570844e-06 4.431639e-06 5.303974e-06 6.186646e-06 7.078412e-06 7.977990e-06 8.884056e-06 9.795250e-06 1.071018e-05 1.162740e-05 1.254547e-05 1.346287e-05 1.437810e-05 1.528959e-05 1.619578e-05 1.709508e-05 1.798587e-05 1.886653e-05 1.973543e-05 2.059092e-05 2.143137e-05 2.225512e-05 2.306055e-05 2.384604e-05 2.460996e-05 2.535074e-05 2.606682e-05 2.675665e-05 2.741876e-05 2.805167e-05 2.865399e-05 2.922437e-05 2.976150e-05 3.026416e-05 3.073118e-05 3.116146e-05 3.155400e-05 3.190785e-05 3.222218e-05 3.249622e-05 3.272932e-05 3.292090e-05 3.307051e-05 3.317776e-05 3.324242e-05 3.326436e-05 
