1.715736e-03 1.692341e-03 1.622370e-03 1.506482e-03 1.345828e-03 1.142137e-03 8.978336e-04 6.161696e-04 3.013542e-04 4.134362e-05 4.055317e-04 7.836691e-04 1.167070e-03 1.545941e-03 1.909471e-03 2.246043e-03 2.543620e-03 2.790375e-03 2.975555e-03 3.090469e-03 3.129440e-03 
1.692341e-03 1.669227e-03 1.600099e-03 1.485605e-03 1.326886e-03 1.125651e-03 8.843015e-04 6.060558e-04 2.950815e-04 4.340576e-05 4.030785e-04 7.764722e-04 1.154991e-03 1.528949e-03 1.887663e-03 2.219670e-03 2.513112e-03 2.756361e-03 2.938858e-03 3.052084e-03 3.090479e-03 
1.622370e-03 1.600099e-03 1.533489e-03 1.423166e-03 1.270228e-03 1.076332e-03 8.438002e-04 5.757529e-04 2.762280e-04 4.972094e-05 3.959628e-04 7.552650e-04 1.119304e-03 1.478712e-03 1.823192e-03 2.141734e-03 2.423007e-03 2.655954e-03 2.830583e-03 2.938865e-03 2.975572e-03 
1.506482e-03 1.485605e-03 1.423166e-03 1.319746e-03 1.176374e-03 9.946060e-04 7.766310e-04 5.253931e-04 2.447060e-04 6.065459e-05 3.848915e-04 7.211647e-04 1.061607e-03 1.397386e-03 1.718833e-03 2.015672e-03 2.277407e-03 2.493875e-03 2.655958e-03 2.756372e-03 2.790396e-03 
1.345828e-03 1.326886e-03 1.270228e-03 1.176374e-03 1.046244e-03 8.812412e-04 6.833500e-04 4.552512e-04 2.004276e-04 7.674884e-05 3.709607e-04 6.759265e-04 9.844240e-04 1.288364e-03 1.578936e-03 1.846844e-03 2.082678e-03 2.277409e-03 2.423013e-03 2.513125e-03 2.543641e-03 
1.142137e-03 1.125651e-03 1.076332e-03 9.946060e-04 8.812412e-04 7.374213e-04 5.648429e-04 3.658201e-04 1.433850e-04 9.863082e-05 3.555430e-04 6.217986e-04 8.910051e-04 1.156014e-03 1.409074e-03 1.642066e-03 1.846845e-03 2.015675e-03 2.141741e-03 2.219682e-03 2.246063e-03 
8.978336e-04 8.843015e-04 8.438002e-04 7.766310e-04 6.833500e-04 5.648429e-04 4.224173e-04 2.579034e-04 7.374932e-05 1.268999e-04 3.401504e-04 5.613450e-04 7.850946e-04 1.005364e-03 1.215625e-03 1.409073e-03 1.578936e-03 1.718835e-03 1.823197e-03 1.887673e-03 1.909487e-03 
6.161696e-04 6.060558e-04 5.757529e-04 5.253931e-04 4.552512e-04 3.658201e-04 2.579034e-04 1.327153e-04 8.023483e-06 1.620060e-04 3.262848e-04 4.972553e-04 6.706828e-04 8.417838e-04 1.005363e-03 1.156012e-03 1.288363e-03 1.397386e-03 1.478714e-03 1.528954e-03 1.545950e-03 
3.013542e-04 2.950815e-04 2.762280e-04 2.447060e-04 2.004276e-04 1.433850e-04 7.374932e-05 8.023483e-06 1.010899e-04 2.041316e-04 3.152941e-04 4.321607e-04 5.517698e-04 6.706808e-04 7.850910e-04 8.910005e-04 9.844191e-04 1.061603e-03 1.119301e-03 1.154990e-03 1.167072e-03 
4.134362e-05 4.340576e-05 4.972094e-05 6.065459e-05 7.674884e-05 9.863082e-05 1.268999e-04 1.620060e-04 2.041316e-04 2.530889e-04 3.082431e-04 3.684704e-04 4.321583e-04 4.972507e-04 5.613385e-04 6.217907e-04 6.759176e-04 7.211553e-04 7.552557e-04 7.764637e-04 7.836624e-04 
4.055317e-04 4.030785e-04 3.959628e-04 3.848915e-04 3.709607e-04 3.555430e-04 3.401504e-04 3.262848e-04 3.152941e-04 3.082431e-04 3.058136e-04 3.082404e-04 3.152889e-04 3.262771e-04 3.401404e-04 3.555310e-04 3.709469e-04 3.848763e-04 3.959464e-04 4.030614e-04 4.055150e-04 
7.836691e-04 7.764722e-04 7.552650e-04 7.211647e-04 6.759265e-04 6.217986e-04 5.613450e-04 4.972553e-04 4.321607e-04 3.684704e-04 3.082404e-04 2.530834e-04 2.041233e-04 1.619948e-04 1.268859e-04 9.861408e-05 7.672944e-05 6.063264e-05 4.969657e-05 4.337925e-05 4.131582e-05 
1.167070e-03 1.154991e-03 1.119304e-03 1.061607e-03 9.844240e-04 8.910051e-04 7.850946e-04 6.706828e-04 5.517698e-04 4.321583e-04 3.152889e-04 2.041233e-04 1.010783e-04 8.008531e-06 7.376776e-05 1.434070e-04 2.004532e-04 2.447353e-04 2.762610e-04 2.951181e-04 3.013937e-04 
1.545941e-03 1.528949e-03 1.478712e-03 1.397386e-03 1.288364e-03 1.156014e-03 1.005364e-03 8.417838e-04 6.706808e-04 4.972507e-04 3.262771e-04 1.619948e-04 8.008531e-06 1.327343e-04 2.579266e-04 3.658478e-04 4.552835e-04 5.254302e-04 5.757951e-04 6.061031e-04 6.162211e-04 
1.909471e-03 1.887663e-03 1.823192e-03 1.718833e-03 1.578936e-03 1.409074e-03 1.215625e-03 1.005363e-03 7.850910e-04 5.613385e-04 3.401404e-04 1.268859e-04 7.376776e-05 2.579266e-04 4.224456e-04 5.648766e-04 6.833894e-04 7.766763e-04 8.438518e-04 8.843597e-04 8.978974e-04 
2.246043e-03 2.219670e-03 2.141734e-03 2.015672e-03 1.846844e-03 1.642066e-03 1.409073e-03 1.156012e-03 8.910005e-04 6.217907e-04 3.555310e-04 9.861408e-05 1.434070e-04 3.658478e-04 5.648766e-04 7.374614e-04 8.812880e-04 9.946599e-04 1.076393e-03 1.125721e-03 1.142213e-03 
2.543620e-03 2.513112e-03 2.423007e-03 2.277407e-03 2.082678e-03 1.846845e-03 1.578936e-03 1.288363e-03 9.844191e-04 6.759176e-04 3.709469e-04 7.672944e-05 2.004532e-04 4.552835e-04 6.833894e-04 8.812880e-04 1.046299e-03 1.176437e-03 1.270300e-03 1.326966e-03 1.345916e-03 
2.790375e-03 2.756361e-03 2.655954e-03 2.493875e-03 2.277409e-03 2.015675e-03 1.718835e-03 1.397386e-03 1.061603e-03 7.211553e-04 3.848763e-04 6.063264e-05 2.447353e-04 5.254302e-04 7.766763e-04 9.946599e-04 1.176437e-03 1.319818e-03 1.423248e-03 1.485697e-03 1.506582e-03 
2.975555e-03 2.938858e-03 2.830583e-03 2.655958e-03 2.423013e-03 2.141741e-03 1.823197e-03 1.478714e-03 1.119301e-03 7.552557e-04 3.959464e-04 4.969657e-05 2.762610e-04 5.757951e-04 8.438518e-04 1.076393e-03 1.270300e-03 1.423248e-03 1.533581e-03 1.600202e-03 1.622483e-03 
3.090469e-03 3.052084e-03 2.938865e-03 2.756372e-03 2.513125e-03 2.219682e-03 1.887673e-03 1.528954e-03 1.154990e-03 7.764637e-04 4.030614e-04 4.337925e-05 2.951181e-04 6.061031e-04 8.843597e-04 1.125721e-03 1.326966e-03 1.485697e-03 1.600202e-03 1.669343e-03 1.692466e-03 
3.129440e-03 3.090479e-03 2.975572e-03 2.790396e-03 2.543641e-03 2.246063e-03 1.909487e-03 1.545950e-03 1.167072e-03 7.836624e-04 4.055150e-04 4.131582e-05 3.013937e-04 6.162211e-04 8.978974e-04 1.142213e-03 1.345916e-03 1.506582e-03 1.622483e-03 1.692466e-03 1.715871e-03 
