6.167498e-04 6.158302e-04 6.130707e-04 6.084702e-04 6.020266e-04 5.937368e-04 5.835970e-04 5.716024e-04 5.577473e-04 5.420249e-04 5.244275e-04 5.049465e-04 4.835719e-04 4.602928e-04 4.350967e-04 4.079703e-04 3.788987e-04 3.478654e-04 3.148527e-04 2.798410e-04 2.428092e-04 2.037343e-04 1.625912e-04 1.193530e-04 7.399045e-05 2.647192e-05 2.323669e-05 7.517217e-05 1.293742e-04 1.858855e-04 2.447522e-04 3.060239e-04 3.697539e-04 4.359997e-04 5.048230e-04 5.762905e-04 6.504735e-04 7.274491e-04 8.072999e-04 8.901148e-04 9.759893e-04 1.065026e-03 1.157335e-03 1.253036e-03 1.352254e-03 1.455127e-03 1.561802e-03 1.672435e-03 1.787195e-03 1.906262e-03 2.029831e-03 2.158107e-03 2.291315e-03 2.429689e-03 2.573485e-03 2.722973e-03 2.878441e-03 3.040198e-03 3.208572e-03 3.383912e-03 3.566589e-03 3.756998e-03 3.955560e-03 4.162723e-03 4.378963e-03 4.604787e-03 4.840735e-03 5.087378e-03 5.345317e-03 5.615178e-03 5.897605e-03 6.193253e-03 6.502786e-03 6.826896e-03 7.166359e-03 7.522152e-03 7.895607e-03 8.288539e-03 8.702948e-03 9.139350e-03 9.591373e-03 1.003136e-02 
6.158302e-04 6.149116e-04 6.121554e-04 6.075604e-04 6.011244e-04 5.928444e-04 5.827166e-04 5.707361e-04 5.568973e-04 5.411934e-04 5.236167e-04 5.041585e-04 4.828089e-04 4.595569e-04 4.343902e-04 4.072953e-04 3.782572e-04 3.472597e-04 3.142849e-04 2.793132e-04 2.423236e-04 2.032929e-04 1.621963e-04 1.190066e-04 7.369464e-05 2.622883e-05 2.342496e-05 7.530353e-05 1.294466e-04 1.858968e-04 2.447004e-04 3.059068e-04 3.695695e-04 4.357458e-04 5.044978e-04 5.758917e-04 6.499991e-04 7.268970e-04 8.066680e-04 8.894009e-04 9.751913e-04 1.064142e-03 1.156363e-03 1.251973e-03 1.351098e-03 1.453876e-03 1.560453e-03 1.670986e-03 1.785644e-03 1.904606e-03 2.028067e-03 2.156233e-03 2.289327e-03 2.427586e-03 2.571262e-03 2.720627e-03 2.875969e-03 3.037596e-03 3.205836e-03 3.381037e-03 3.563571e-03 3.753834e-03 3.952244e-03 4.159249e-03 4.375325e-03 4.600980e-03 4.836752e-03 5.083211e-03 5.340959e-03 5.610621e-03 5.892840e-03 6.188270e-03 6.497575e-03 6.821447e-03 7.160661e-03 7.516191e-03 7.889371e-03 8.282012e-03 8.696111e-03 9.132186e-03 9.583870e-03 1.002353e-02 
6.130707e-04 6.121554e-04 6.094090e-04 6.048304e-04 5.984172e-04 5.901667e-04 5.800748e-04 5.681368e-04 5.543469e-04 5.386985e-04 5.211838e-04 5.017941e-04 4.805195e-04 4.573489e-04 4.322701e-04 4.052696e-04 3.763324e-04 3.454421e-04 3.125809e-04 2.777294e-04 2.408662e-04 2.019684e-04 1.610109e-04 1.179668e-04 7.280669e-05 2.549904e-05 2.399029e-05 7.569813e-05 1.296642e-04 1.859312e-04 2.445453e-04 3.055560e-04 3.690167e-04 4.349850e-04 5.035225e-04 5.746958e-04 6.485764e-04 7.252412e-04 8.047727e-04 8.872599e-04 9.727982e-04 1.061490e-03 1.153446e-03 1.248784e-03 1.347631e-03 1.450123e-03 1.556408e-03 1.666641e-03 1.780991e-03 1.899638e-03 2.022776e-03 2.150611e-03 2.283365e-03 2.421275e-03 2.564592e-03 2.713589e-03 2.868552e-03 3.029789e-03 3.197627e-03 3.372414e-03 3.554520e-03 3.744341e-03 3.942294e-03 4.148826e-03 4.364412e-03 4.589557e-03 4.824800e-03 5.070709e-03 5.327884e-03 5.596948e-03 5.878543e-03 6.173321e-03 6.481944e-03 6.805101e-03 7.143566e-03 7.498310e-03 7.870663e-03 8.262430e-03 8.675603e-03 9.110697e-03 9.561362e-03 1.000004e-02 
6.084702e-04 6.075604e-04 6.048304e-04 6.002789e-04 5.939039e-04 5.857023e-04 5.756703e-04 5.638031e-04 5.500948e-04 5.345389e-04 5.171275e-04 4.978520e-04 4.767023e-04 4.536675e-04 4.287352e-04 4.018919e-04 3.731227e-04 3.424112e-04 3.097395e-04 2.750880e-04 2.384356e-04 1.997592e-04 1.590337e-04 1.162321e-04 7.132506e-05 2.428101e-05 2.493426e-05 7.635758e-05 1.300287e-04 1.859903e-04 2.442886e-04 3.049732e-04 3.680974e-04 4.337188e-04 5.018991e-04 5.727047e-04 6.462072e-04 7.224835e-04 8.016160e-04 8.836935e-04 9.688115e-04 1.057072e-03 1.148586e-03 1.243471e-03 1.341853e-03 1.443870e-03 1.549667e-03 1.659400e-03 1.773238e-03 1.891360e-03 2.013960e-03 2.141243e-03 2.273430e-03 2.410758e-03 2.553478e-03 2.701860e-03 2.856191e-03 3.016778e-03 3.183946e-03 3.358042e-03 3.539436e-03 3.728519e-03 3.925711e-03 4.131454e-03 4.346223e-03 4.570520e-03 4.804881e-03 5.049873e-03 5.306093e-03 5.574161e-03 5.854716e-03 6.148407e-03 6.455893e-03 6.777860e-03 7.115078e-03 7.468512e-03 7.839487e-03 8.229798e-03 8.641428e-03 9.074889e-03 9.523858e-03 9.960907e-03 
6.020266e-04 6.011244e-04 5.984172e-04 5.939039e-04 5.875823e-04 5.794493e-04 5.695011e-04 5.577329e-04 5.441389e-04 5.287124e-04 5.114457e-04 4.923299e-04 4.713551e-04 4.485103e-04 4.237831e-04 3.971600e-04 3.686260e-04 3.381647e-04 3.057582e-04 2.713868e-04 2.350294e-04 1.966628e-04 1.562621e-04 1.138000e-04 6.924721e-05 2.257212e-05 2.625950e-05 7.728453e-05 1.305427e-04 1.860769e-04 2.439332e-04 3.041612e-04 3.668143e-04 4.319501e-04 4.996302e-04 5.699212e-04 6.428945e-04 7.186268e-04 7.972006e-04 8.787047e-04 9.632342e-04 1.050891e-03 1.141786e-03 1.236037e-03 1.333769e-03 1.435120e-03 1.540233e-03 1.649267e-03 1.762387e-03 1.879775e-03 2.001620e-03 2.128130e-03 2.259523e-03 2.396036e-03 2.537920e-03 2.685442e-03 2.838888e-03 2.998564e-03 3.164794e-03 3.337923e-03 3.518319e-03 3.706371e-03 3.902496e-03 4.107135e-03 4.320759e-03 4.543869e-03 4.776996e-03 5.020704e-03 5.275587e-03 5.542260e-03 5.821360e-03 6.113530e-03 6.419425e-03 6.739727e-03 7.075199e-03 7.426802e-03 7.795849e-03 8.184125e-03 8.593597e-03 9.024773e-03 9.471372e-03 9.906141e-03 
5.937368e-04 5.928444e-04 5.901667e-04 5.857023e-04 5.794493e-04 5.714045e-04 5.615641e-04 5.499232e-04 5.364761e-04 5.212160e-04 5.041351e-04 4.852247e-04 4.644748e-04 4.418742e-04 4.174107e-04 3.910706e-04 3.628390e-04 3.326993e-04 3.006336e-04 2.666224e-04 2.306442e-04 1.926760e-04 1.526926e-04 1.106669e-04 6.656953e-05 2.036874e-05 2.796971e-05 7.848276e-05 1.312102e-04 1.861948e-04 2.434829e-04 3.031240e-04 3.651715e-04 4.296830e-04 4.967201e-04 5.663494e-04 6.386422e-04 7.136752e-04 7.915308e-04 8.722975e-04 9.560705e-04 1.042952e-03 1.133051e-03 1.226486e-03 1.323382e-03 1.423875e-03 1.528111e-03 1.636245e-03 1.748443e-03 1.864884e-03 1.985760e-03 2.111275e-03 2.241649e-03 2.377114e-03 2.517921e-03 2.664337e-03 2.816646e-03 2.975150e-03 3.140174e-03 3.312059e-03 3.491171e-03 3.677897e-03 3.872650e-03 4.075869e-03 4.288022e-03 4.509604e-03 4.741145e-03 4.983203e-03 5.236367e-03 5.501249e-03 5.778478e-03 6.068694e-03 6.372545e-03 6.690707e-03 7.023938e-03 7.373188e-03 7.739759e-03 8.125421e-03 8.532123e-03 8.960367e-03 9.403923e-03 9.835767e-03 
5.835970e-04 5.827166e-04 5.800748e-04 5.756703e-04 5.695011e-04 5.615641e-04 5.518554e-04 5.403700e-04 5.271024e-04 5.120456e-04 4.951919e-04 4.765325e-04 4.560573e-04 4.337552e-04 4.096139e-04 3.836196e-04 3.557574e-04 3.260107e-04 2.943616e-04 2.607903e-04 2.252755e-04 1.877940e-04 1.483207e-04 1.068283e-04 6.328737e-05 1.766614e-05 3.006969e-05 7.995710e-05 1.320359e-04 1.863491e-04 2.429427e-04 3.018666e-04 3.631741e-04 4.269226e-04 4.931740e-04 5.619946e-04 6.334558e-04 7.076341e-04 7.846118e-04 8.644774e-04 9.473256e-04 1.033258e-03 1.122385e-03 1.214822e-03 1.310697e-03 1.410143e-03 1.513305e-03 1.620338e-03 1.731409e-03 1.846694e-03 1.966385e-03 2.090684e-03 2.219809e-03 2.353994e-03 2.493485e-03 2.638548e-03 2.789466e-03 2.946539e-03 3.110087e-03 3.280451e-03 3.457993e-03 3.643098e-03 3.836175e-03 4.037659e-03 4.248012e-03 4.467729e-03 4.697331e-03 4.937373e-03 5.188437e-03 5.451129e-03 5.726073e-03 6.013902e-03 6.315257e-03 6.630806e-03 6.961301e-03 7.307679e-03 7.671230e-03 8.053702e-03 8.457024e-03 8.881691e-03 9.321538e-03 9.749816e-03 
5.716024e-04 5.707361e-04 5.681368e-04 5.638031e-04 5.577329e-04 5.499232e-04 5.403700e-04 5.290686e-04 5.160130e-04 5.011964e-04 4.846111e-04 4.662482e-04 4.460976e-04 4.241481e-04 4.003875e-04 3.748018e-04 3.473761e-04 3.180937e-04 2.869367e-04 2.538852e-04 2.189179e-04 1.820115e-04 1.431408e-04 1.022785e-04 5.939497e-05 1.445850e-05 3.256532e-05 8.171353e-05 1.330260e-04 1.865458e-04 2.423190e-04 3.003953e-04 3.608283e-04 4.236754e-04 4.889983e-04 5.568633e-04 6.273417e-04 7.005100e-04 7.764503e-04 8.552508e-04 9.370061e-04 1.021818e-03 1.109795e-03 1.201054e-03 1.295720e-03 1.393928e-03 1.495821e-03 1.601554e-03 1.711291e-03 1.825210e-03 1.943499e-03 2.066361e-03 2.194011e-03 2.326680e-03 2.464616e-03 2.608080e-03 2.757353e-03 2.912733e-03 3.074537e-03 3.243104e-03 3.418790e-03 3.601979e-03 3.793074e-03 3.992506e-03 4.200734e-03 4.418245e-03 4.645556e-03 4.883215e-03 5.131799e-03 5.391906e-03 5.664151e-03 5.949161e-03 6.247569e-03 6.560035e-03 6.887299e-03 7.230289e-03 7.590277e-03 7.968986e-03 8.368323e-03 8.788774e-03 9.224247e-03 9.648326e-03 
5.577473e-04 5.568973e-04 5.543469e-04 5.500948e-04 5.441389e-04 5.364761e-04 5.271024e-04 5.160130e-04 5.032019e-04 4.886625e-04 4.723868e-04 4.543659e-04 4.345897e-04 4.130470e-04 3.897254e-04 3.646110e-04 3.376888e-04 3.089420e-04 2.783526e-04 2.459008e-04 2.115650e-04 1.753219e-04 1.371463e-04 9.701067e-05 5.488552e-05 1.073890e-05 3.546362e-05 8.375917e-05 1.341877e-04 1.867922e-04 2.416190e-04 2.987177e-04 3.581419e-04 4.199490e-04 4.842007e-04 5.509633e-04 6.203079e-04 6.923108e-04 7.670541e-04 8.446257e-04 9.251199e-04 1.008638e-03 1.095288e-03 1.185187e-03 1.278459e-03 1.375238e-03 1.475667e-03 1.579898e-03 1.688097e-03 1.800438e-03 1.917109e-03 2.038312e-03 2.164259e-03 2.295180e-03 2.431319e-03 2.572938e-03 2.720312e-03 2.873738e-03 3.033529e-03 3.200020e-03 3.373565e-03 3.554541e-03 3.743349e-03 3.940414e-03 4.146189e-03 4.361156e-03 4.585824e-03 4.820736e-03 5.066459e-03 5.323584e-03 5.592718e-03 5.874479e-03 6.169491e-03 6.478404e-03 6.801948e-03 7.141036e-03 7.496920e-03 7.871299e-03 8.266049e-03 8.681648e-03 9.112091e-03 9.531344e-03 
5.420249e-04 5.411934e-04 5.386985e-04 5.345389e-04 5.287124e-04 5.212160e-04 5.120456e-04 5.011964e-04 4.886625e-04 4.744370e-04 4.585120e-04 4.408786e-04 4.215266e-04 4.004448e-04 3.776206e-04 3.530401e-04 3.266883e-04 2.985483e-04 2.686020e-04 2.368294e-04 2.032091e-04 1.677175e-04 1.303293e-04 9.101704e-05 4.975103e-05 6.499255e-06 3.877279e-05 8.610230e-05 1.355293e-04 1.870969e-04 2.408513e-04 2.968424e-04 3.551235e-04 4.157523e-04 4.787902e-04 5.443035e-04 6.123632e-04 6.830456e-04 7.564323e-04 8.326111e-04 9.116760e-04 9.937277e-04 1.078874e-03 1.167231e-03 1.258923e-03 1.354082e-03 1.452850e-03 1.555380e-03 1.661834e-03 1.772387e-03 1.887224e-03 2.006544e-03 2.130561e-03 2.259499e-03 2.393602e-03 2.533127e-03 2.678349e-03 2.829559e-03 2.987068e-03 3.151206e-03 3.322323e-03 3.500791e-03 3.687007e-03 3.881389e-03 4.084384e-03 4.296467e-03 4.518141e-03 4.749940e-03 4.992422e-03 5.246171e-03 5.511783e-03 5.789866e-03 6.081035e-03 6.385928e-03 6.705264e-03 7.039938e-03 7.391183e-03 7.760668e-03 8.150235e-03 8.560353e-03 8.985116e-03 9.398923e-03 
5.244275e-04 5.236167e-04 5.211838e-04 5.171275e-04 5.114457e-04 5.041351e-04 4.951919e-04 4.846111e-04 4.723868e-04 4.585120e-04 4.429789e-04 4.257784e-04 4.069003e-04 3.863333e-04 3.640648e-04 3.400809e-04 3.143662e-04 2.869041e-04 2.576762e-04 2.266626e-04 1.938415e-04 1.591894e-04 1.226810e-04 8.428854e-05 4.398235e-05 1.730303e-06 4.250221e-05 8.875244e-05 1.370605e-04 1.874695e-04 2.400258e-04 2.947793e-04 3.517833e-04 4.110953e-04 4.727769e-04 5.368943e-04 6.035182e-04 6.727247e-04 7.445954e-04 8.192176e-04 8.966850e-04 9.770978e-04 1.060563e-03 1.147197e-03 1.237122e-03 1.330470e-03 1.427382e-03 1.528009e-03 1.632513e-03 1.741065e-03 1.853852e-03 1.971068e-03 2.092925e-03 2.219647e-03 2.351473e-03 2.488657e-03 2.631471e-03 2.780203e-03 2.935160e-03 3.096667e-03 3.265070e-03 3.440735e-03 3.624053e-03 3.815436e-03 4.015324e-03 4.224185e-03 4.442515e-03 4.670836e-03 4.909700e-03 5.159678e-03 5.421358e-03 5.695337e-03 5.982217e-03 6.282626e-03 6.597268e-03 6.927023e-03 7.273098e-03 7.637129e-03 8.020923e-03 8.424937e-03 8.843378e-03 9.251129e-03 
5.049465e-04 5.041585e-04 5.017941e-04 4.978520e-04 4.923299e-04 4.852247e-04 4.765325e-04 4.662482e-04 4.543659e-04 4.408786e-04 4.257784e-04 4.090561e-04 3.907016e-04 3.707033e-04 3.490488e-04 3.257238e-04 3.007132e-04 2.739999e-04 2.455657e-04 2.153904e-04 1.834523e-04 1.497278e-04 1.141912e-04 7.681496e-05 3.756914e-05 3.578437e-06 4.666247e-05 9.172031e-05 1.387921e-04 1.879211e-04 2.391537e-04 2.925397e-04 3.481325e-04 4.059896e-04 4.661725e-04 5.287472e-04 5.937845e-04 6.613600e-04 7.315552e-04 8.044570e-04 8.801586e-04 9.587599e-04 1.040368e-03 1.125096e-03 1.213068e-03 1.304414e-03 1.399273e-03 1.497797e-03 1.600143e-03 1.706485e-03 1.817003e-03 1.931893e-03 2.051362e-03 2.175632e-03 2.304940e-03 2.439536e-03 2.579688e-03 2.725680e-03 2.877815e-03 3.036413e-03 3.201815e-03 3.374381e-03 3.554495e-03 3.742564e-03 3.939019e-03 4.144320e-03 4.358954e-03 4.583435e-03 4.818302e-03 5.064118e-03 5.321458e-03 5.590907e-03 5.873056e-03 6.168520e-03 6.477988e-03 6.802320e-03 7.142698e-03 7.500722e-03 7.878159e-03 8.275455e-03 8.686939e-03 9.088034e-03 
4.835719e-04 4.828089e-04 4.805195e-04 4.767023e-04 4.713551e-04 4.644748e-04 4.560573e-04 4.460976e-04 4.345897e-04 4.215266e-04 4.069003e-04 3.907016e-04 3.729202e-04 3.535446e-04 3.325621e-04 3.099585e-04 2.857185e-04 2.598250e-04 2.322596e-04 2.030021e-04 1.720306e-04 1.393213e-04 1.048487e-04 6.858481e-05 3.049979e-05 9.438709e-06 5.126547e-05 9.501795e-05 1.407364e-04 1.884640e-04 2.382474e-04 2.901362e-04 3.441840e-04 4.004481e-04 4.589899e-04 5.198754e-04 5.831752e-04 6.489647e-04 7.173249e-04 7.883425e-04 8.621103e-04 9.387273e-04 1.018300e-03 1.100941e-03 1.186773e-03 1.275926e-03 1.368537e-03 1.464755e-03 1.564739e-03 1.668657e-03 1.776690e-03 1.889031e-03 2.005883e-03 2.127467e-03 2.254015e-03 2.385775e-03 2.523010e-03 2.666000e-03 2.815043e-03 2.970454e-03 3.132568e-03 3.301739e-03 3.478345e-03 3.662783e-03 3.855480e-03 4.056884e-03 4.267472e-03 4.487750e-03 4.718245e-03 4.959508e-03 5.212102e-03 5.476599e-03 5.753577e-03 6.043638e-03 6.347454e-03 6.665866e-03 7.000026e-03 7.351496e-03 7.721999e-03 8.111971e-03 8.515874e-03 8.909723e-03 
4.602928e-04 4.595569e-04 4.573489e-04 4.536675e-04 4.485103e-04 4.418742e-04 4.337552e-04 4.241481e-04 4.130470e-04 4.004448e-04 3.863333e-04 3.707033e-04 3.535446e-04 3.348454e-04 3.145930e-04 2.927731e-04 2.693703e-04 2.443674e-04 2.177458e-04 1.894853e-04 1.595638e-04 1.279576e-04 9.464072e-05 5.958535e-05 2.276139e-05 1.586357e-05 5.632442e-05 9.865871e-05 1.429068e-04 1.891119e-04 2.373206e-04 2.875827e-04 3.399516e-04 3.944848e-04 4.512434e-04 5.102933e-04 5.717048e-04 6.355533e-04 7.019193e-04 7.708890e-04 8.425546e-04 9.170148e-04 9.943750e-04 1.074748e-03 1.158254e-03 1.245021e-03 1.335188e-03 1.428900e-03 1.526314e-03 1.627597e-03 1.732928e-03 1.842495e-03 1.956503e-03 2.075165e-03 2.198712e-03 2.327387e-03 2.461450e-03 2.601176e-03 2.746857e-03 2.898803e-03 3.057342e-03 3.222823e-03 3.395615e-03 3.576108e-03 3.764720e-03 3.961890e-03 4.168085e-03 4.383798e-03 4.609547e-03 4.845868e-03 5.093312e-03 5.352438e-03 5.623809e-03 5.908013e-03 6.205704e-03 6.517703e-03 6.845130e-03 7.189507e-03 7.552508e-03 7.934557e-03 8.330265e-03 8.716293e-03 
4.350967e-04 4.343902e-04 4.322701e-04 4.287352e-04 4.237831e-04 4.174107e-04 4.096139e-04 4.003875e-04 3.897254e-04 3.776206e-04 3.640648e-04 3.490488e-04 3.325621e-04 3.145930e-04 2.951286e-04 2.741546e-04 2.516554e-04 2.276138e-04 2.020109e-04 1.748265e-04 1.460385e-04 1.156227e-04 8.355341e-05 4.980246e-05 1.433969e-05 2.286742e-05 6.185389e-05 1.026573e-04 1.453181e-04 1.898797e-04 2.363886e-04 2.848946e-04 3.354511e-04 3.881154e-04 4.429488e-04 5.000168e-04 5.593895e-04 6.211420e-04 6.853544e-04 7.521125e-04 8.215080e-04 8.936388e-04 9.686094e-04 1.046532e-03 1.127525e-03 1.211716e-03 1.299241e-03 1.390246e-03 1.484884e-03 1.583320e-03 1.685731e-03 1.792303e-03 1.903235e-03 2.018741e-03 2.139045e-03 2.264387e-03 2.395023e-03 2.531222e-03 2.673271e-03 2.821473e-03 2.976152e-03 3.137647e-03 3.306321e-03 3.482555e-03 3.666758e-03 3.859358e-03 4.060812e-03 4.271602e-03 4.492231e-03 4.723224e-03 4.965117e-03 5.218455e-03 5.483787e-03 5.761684e-03 6.052784e-03 6.357883e-03 6.678069e-03 7.014819e-03 7.369758e-03 7.743297e-03 8.130208e-03 8.507849e-03 
4.079703e-04 4.072953e-04 4.052696e-04 4.018919e-04 3.971600e-04 3.910706e-04 3.836196e-04 3.748018e-04 3.646110e-04 3.530401e-04 3.400809e-04 3.257238e-04 3.099585e-04 2.927731e-04 2.741546e-04 2.540887e-04 2.325594e-04 2.095495e-04 1.850402e-04 1.590109e-04 1.314394e-04 1.023016e-04 7.157141e-05 3.922065e-05 5.219026e-06 3.046611e-05 6.786987e-05 1.070300e-04 1.479869e-04 1.907841e-04 2.354680e-04 2.820887e-04 3.306993e-04 3.813572e-04 4.341234e-04 4.890632e-04 5.462467e-04 6.057484e-04 6.676481e-04 7.320311e-04 7.989883e-04 8.686171e-04 9.410210e-04 1.016311e-03 1.094605e-03 1.176028e-03 1.260716e-03 1.348811e-03 1.440466e-03 1.535844e-03 1.635117e-03 1.738470e-03 1.846099e-03 1.958212e-03 2.075032e-03 2.196794e-03 2.323746e-03 2.456156e-03 2.594303e-03 2.738484e-03 2.889016e-03 3.046231e-03 3.210483e-03 3.382145e-03 3.561614e-03 3.749310e-03 3.945677e-03 4.151186e-03 4.366325e-03 4.591606e-03 4.827551e-03 5.074688e-03 5.333552e-03 5.604698e-03 5.888744e-03 6.186463e-03 6.498908e-03 6.827507e-03 7.173835e-03 7.538287e-03 7.915810e-03 8.284512e-03 
3.788987e-04 3.782572e-04 3.763324e-04 3.731227e-04 3.686260e-04 3.628390e-04 3.557574e-04 3.473761e-04 3.376888e-04 3.266883e-04 3.143662e-04 3.007132e-04 2.857185e-04 2.693703e-04 2.516554e-04 2.325594e-04 2.120662e-04 1.901586e-04 1.668174e-04 1.420221e-04 1.157503e-04 8.797759e-05 5.867791e-05 2.782295e-05 4.617740e-06 3.867693e-05 7.438984e-05 1.117943e-04 1.509308e-04 1.918429e-04 2.345771e-04 2.791833e-04 3.257148e-04 3.742287e-04 4.247859e-04 4.774517e-04 5.322955e-04 5.893917e-04 6.488196e-04 7.106640e-04 7.750151e-04 8.419694e-04 9.116295e-04 9.841051e-04 1.059513e-03 1.137978e-03 1.219632e-03 1.304616e-03 1.393082e-03 1.485188e-03 1.581106e-03 1.681017e-03 1.785113e-03 1.893599e-03 2.006693e-03 2.124625e-03 2.247641e-03 2.375999e-03 2.509974e-03 2.649857e-03 2.795956e-03 2.948597e-03 3.108123e-03 3.274900e-03 3.449314e-03 3.631773e-03 3.822710e-03 4.022581e-03 4.231863e-03 4.451051e-03 4.680653e-03 4.921181e-03 5.173154e-03 5.437109e-03 5.713646e-03 6.003511e-03 6.307722e-03 6.627656e-03 6.964831e-03 7.319631e-03 7.687188e-03 8.046417e-03 
3.478654e-04 3.472597e-04 3.454421e-04 3.424112e-04 3.381647e-04 3.326993e-04 3.260107e-04 3.180937e-04 3.089420e-04 2.985483e-04 2.869041e-04 2.739999e-04 2.598250e-04 2.443674e-04 2.276138e-04 2.095495e-04 1.901586e-04 1.694234e-04 1.473249e-04 1.238423e-04 9.895291e-05 7.263247e-05 4.485459e-05 1.559087e-05 1.518927e-05 4.751873e-05 8.143283e-05 1.169695e-04 1.541693e-04 1.930758e-04 2.337355e-04 2.761984e-04 3.205177e-04 3.667502e-04 4.149569e-04 4.652026e-04 5.175566e-04 5.720928e-04 6.288901e-04 6.880324e-04 7.496096e-04 8.137169e-04 8.804563e-04 9.499360e-04 1.022272e-03 1.097586e-03 1.176010e-03 1.257682e-03 1.342751e-03 1.431375e-03 1.523721e-03 1.619966e-03 1.720300e-03 1.824924e-03 1.934050e-03 2.047906e-03 2.166729e-03 2.290773e-03 2.420308e-03 2.555616e-03 2.696998e-03 2.844771e-03 2.999270e-03 3.160850e-03 3.329888e-03 3.506779e-03 3.691944e-03 3.885824e-03 4.088884e-03 4.301603e-03 4.524471e-03 4.757985e-03 5.002648e-03 5.258980e-03 5.527559e-03 5.809105e-03 6.104597e-03 6.415361e-03 6.742855e-03 7.087449e-03 7.444478e-03 7.793712e-03 
3.148527e-04 3.142849e-04 3.125809e-04 3.097395e-04 3.057582e-04 3.006336e-04 2.943616e-04 2.869367e-04 2.783526e-04 2.686020e-04 2.576762e-04 2.455657e-04 2.322596e-04 2.177458e-04 2.020109e-04 1.850402e-04 1.668174e-04 1.473249e-04 1.265434e-04 1.044519e-04 8.102783e-05 5.624653e-05 3.008154e-05 2.504326e-06 2.651583e-05 5.701195e-05 8.901946e-05 1.225763e-04 1.577233e-04 1.945039e-04 2.329647e-04 2.731556e-04 3.151296e-04 3.589437e-04 4.046584e-04 4.523383e-04 5.020524e-04 5.538743e-04 6.078821e-04 6.641593e-04 7.227947e-04 7.838829e-04 8.475246e-04 9.138268e-04 9.829037e-04 1.054876e-03 1.129874e-03 1.208033e-03 1.289500e-03 1.374429e-03 1.462984e-03 1.555341e-03 1.651685e-03 1.752211e-03 1.857130e-03 1.966660e-03 2.081037e-03 2.200507e-03 2.325332e-03 2.455789e-03 2.592170e-03 2.734783e-03 2.883955e-03 3.040029e-03 3.203371e-03 3.374365e-03 3.553419e-03 3.740959e-03 3.937435e-03 4.143310e-03 4.359059e-03 4.585161e-03 4.822102e-03 5.070383e-03 5.330562e-03 5.603331e-03 5.889631e-03 6.190730e-03 6.508025e-03 6.841874e-03 7.187824e-03 7.526561e-03 
2.798410e-04 2.793132e-04 2.777294e-04 2.750880e-04 2.713868e-04 2.666224e-04 2.607903e-04 2.538852e-04 2.459008e-04 2.368294e-04 2.266626e-04 2.153904e-04 2.030021e-04 1.894853e-04 1.748265e-04 1.590109e-04 1.420221e-04 1.238423e-04 1.044519e-04 8.383005e-05 6.195375e-05 3.879833e-05 1.433716e-05 1.145846e-05 3.861937e-05 6.717872e-05 9.717203e-05 1.286374e-04 1.616155e-04 1.961501e-04 2.322876e-04 2.700779e-04 3.095740e-04 3.508326e-04 3.939140e-04 4.388827e-04 4.858071e-04 5.347604e-04 5.858201e-04 6.390691e-04 6.945952e-04 7.524922e-04 8.128595e-04 8.758030e-04 9.414350e-04 1.009875e-03 1.081250e-03 1.155695e-03 1.233353e-03 1.314376e-03 1.398924e-03 1.487170e-03 1.579295e-03 1.675490e-03 1.775959e-03 1.880918e-03 1.990594e-03 2.105230e-03 2.225079e-03 2.350410e-03 2.481507e-03 2.618670e-03 2.762215e-03 2.912475e-03 3.069805e-03 3.234576e-03 3.407181e-03 3.588035e-03 3.777570e-03 3.976232e-03 4.184480e-03 4.402777e-03 4.631589e-03 4.871400e-03 5.122745e-03 5.386290e-03 5.662932e-03 5.953883e-03 6.260475e-03 6.583053e-03 6.917391e-03 7.245142e-03 
2.428092e-04 2.423236e-04 2.408662e-04 2.384356e-04 2.350294e-04 2.306442e-04 2.252755e-04 2.189179e-04 2.115650e-04 2.032091e-04 1.938415e-04 1.834523e-04 1.720306e-04 1.595638e-04 1.460385e-04 1.314394e-04 1.157503e-04 9.895291e-05 8.102783e-05 6.195375e-05 4.170766e-05 2.026471e-05 2.401890e-06 2.632099e-05 5.152357e-05 7.804289e-05 1.059146e-04 1.351768e-04 1.658704e-04 1.980390e-04 2.317291e-04 2.669905e-04 3.038760e-04 3.424423e-04 3.827495e-04 4.248615e-04 4.688466e-04 5.147772e-04 5.627304e-04 6.127883e-04 6.650379e-04 7.195718e-04 7.764882e-04 8.358917e-04 8.978929e-04 9.626097e-04 1.030167e-03 1.100696e-03 1.174340e-03 1.251245e-03 1.331570e-03 1.415483e-03 1.503160e-03 1.594790e-03 1.690570e-03 1.790711e-03 1.895435e-03 2.004976e-03 2.119582e-03 2.239514e-03 2.365046e-03 2.496470e-03 2.634091e-03 2.778233e-03 2.929236e-03 3.087460e-03 3.253286e-03 3.427110e-03 3.609349e-03 3.800435e-03 4.000807e-03 4.210910e-03 4.431194e-03 4.662123e-03 4.904211e-03 5.158091e-03 5.424622e-03 5.704954e-03 6.000351e-03 6.311148e-03 6.633357e-03 6.949651e-03 
2.037343e-04 2.032929e-04 2.019684e-04 1.997592e-04 1.966628e-04 1.926760e-04 1.877940e-04 1.820115e-04 1.753219e-04 1.677175e-04 1.591894e-04 1.497278e-04 1.393213e-04 1.279576e-04 1.156227e-04 1.023016e-04 8.797759e-05 7.263247e-05 5.624653e-05 3.879833e-05 2.026471e-05 6.206564e-07 2.016079e-05 4.210862e-05 6.525395e-05 8.963016e-05 1.152730e-04 1.422207e-04 1.705142e-04 2.001970e-04 2.313157e-04 2.639200e-04 2.980627e-04 3.338000e-04 3.711920e-04 4.103022e-04 4.511984e-04 4.939526e-04 5.386412e-04 5.853454e-04 6.341513e-04 6.851504e-04 7.384397e-04 7.941222e-04 8.523071e-04 9.131100e-04 9.766536e-04 1.043068e-03 1.112491e-03 1.185068e-03 1.260953e-03 1.340311e-03 1.423314e-03 1.510145e-03 1.600998e-03 1.696076e-03 1.795596e-03 1.899785e-03 2.008883e-03 2.123143e-03 2.242832e-03 2.368230e-03 2.499633e-03 2.637353e-03 2.781718e-03 2.933076e-03 3.091792e-03 3.258247e-03 3.432844e-03 3.615994e-03 3.808120e-03 4.009650e-03 4.221014e-03 4.442657e-03 4.675071e-03 4.918860e-03 5.174837e-03 5.444091e-03 5.727817e-03 6.026336e-03 6.335916e-03 6.640304e-03 
1.625912e-04 1.621963e-04 1.610109e-04 1.590337e-04 1.562621e-04 1.526926e-04 1.483207e-04 1.431408e-04 1.371463e-04 1.303293e-04 1.226810e-04 1.141912e-04 1.048487e-04 9.464072e-05 8.355341e-05 7.157141e-05 5.867791e-05 4.485459e-05 3.008154e-05 1.433716e-05 2.401890e-06 2.016079e-05 3.896666e-05 5.884862e-05 7.983795e-05 1.019681e-04 1.252750e-04 1.497970e-04 1.755749e-04 2.026523e-04 2.310759e-04 2.608951e-04 2.921627e-04 3.249347e-04 3.592708e-04 3.952343e-04 4.328924e-04 4.723165e-04 5.135824e-04 5.567705e-04 6.019658e-04 6.492588e-04 6.987451e-04 7.505261e-04 8.047093e-04 8.614083e-04 9.207435e-04 9.828425e-04 1.047840e-03 1.115879e-03 1.187109e-03 1.261692e-03 1.339794e-03 1.421594e-03 1.507281e-03 1.597053e-03 1.691118e-03 1.789699e-03 1.893026e-03 2.001344e-03 2.114912e-03 2.234000e-03 2.358893e-03 2.489891e-03 2.627312e-03 2.771487e-03 2.922768e-03 3.081522e-03 3.248132e-03 3.422993e-03 3.606511e-03 3.799094e-03 4.001155e-03 4.213118e-03 4.435453e-03 4.668733e-03 4.913726e-03 5.171457e-03 5.443049e-03 5.728812e-03 6.025281e-03 6.317330e-03 
1.193530e-04 1.190066e-04 1.179668e-04 1.162321e-04 1.138000e-04 1.106669e-04 1.068283e-04 1.022785e-04 9.701067e-05 9.101704e-05 8.428854e-05 7.681496e-05 6.858481e-05 5.958535e-05 4.980246e-05 3.922065e-05 2.782295e-05 1.559087e-05 2.504326e-06 1.145846e-05 2.632099e-05 4.210862e-05 5.884862e-05 7.657028e-05 9.530501e-05 1.150864e-04 1.359505e-04 1.579355e-04 1.810826e-04 2.054353e-04 2.310400e-04 2.579464e-04 2.862068e-04 3.158773e-04 3.470170e-04 3.796889e-04 4.139599e-04 4.499006e-04 4.875861e-04 5.270959e-04 5.685141e-04 6.119299e-04 6.574375e-04 7.051369e-04 7.551335e-04 8.075390e-04 8.624715e-04 9.200557e-04 9.804236e-04 1.043715e-03 1.110076e-03 1.179662e-03 1.252639e-03 1.329178e-03 1.409462e-03 1.493685e-03 1.582047e-03 1.674764e-03 1.772059e-03 1.874168e-03 1.981341e-03 2.093837e-03 2.211931e-03 2.335913e-03 2.466084e-03 2.602766e-03 2.746292e-03 2.897015e-03 3.055302e-03 3.221529e-03 3.396083e-03 3.579354e-03 3.771736e-03 3.973635e-03 4.185496e-03 4.407861e-03 4.641454e-03 4.887230e-03 5.146242e-03 5.418787e-03 5.701681e-03 5.980979e-03 
7.399045e-05 7.369464e-05 7.280669e-05 7.132506e-05 6.924721e-05 6.656953e-05 6.328737e-05 5.939497e-05 5.488552e-05 4.975103e-05 4.398235e-05 3.756914e-05 3.049979e-05 2.276139e-05 1.433969e-05 5.219026e-06 4.617740e-06 1.518927e-05 2.651583e-05 3.861937e-05 5.152357e-05 6.525395e-05 7.983795e-05 9.530501e-05 1.116867e-04 1.290167e-04 1.473311e-04 1.666684e-04 1.870695e-04 2.085781e-04 2.312406e-04 2.551064e-04 2.802279e-04 3.066606e-04 3.344637e-04 3.636995e-04 3.944345e-04 4.267386e-04 4.606862e-04 4.963559e-04 5.338307e-04 5.731986e-04 6.145524e-04 6.579903e-04 7.036160e-04 7.515389e-04 8.018748e-04 8.547458e-04 9.102806e-04 9.686153e-04 1.029893e-03 1.094266e-03 1.161892e-03 1.232940e-03 1.307587e-03 1.386019e-03 1.468433e-03 1.555033e-03 1.646037e-03 1.741672e-03 1.842178e-03 1.947804e-03 2.058815e-03 2.175487e-03 2.298111e-03 2.426991e-03 2.562449e-03 2.704819e-03 2.854451e-03 3.011705e-03 3.176947e-03 3.350550e-03 3.532889e-03 3.724349e-03 3.925352e-03 4.136411e-03 4.358199e-03 4.591606e-03 4.837607e-03 5.096491e-03 5.365366e-03 5.631521e-03 
2.647192e-05 2.622883e-05 2.549904e-05 2.428101e-05 2.257212e-05 2.036874e-05 1.766614e-05 1.445850e-05 1.073890e-05 6.499255e-06 1.730303e-06 3.578437e-06 9.438709e-06 1.586357e-05 2.286742e-05 3.046611e-05 3.867693e-05 4.751873e-05 5.701195e-05 6.717872e-05 7.804289e-05 8.963016e-05 1.019681e-04 1.150864e-04 1.290167e-04 1.437928e-04 1.594509e-04 1.760295e-04 1.935697e-04 2.121151e-04 2.317121e-04 2.524098e-04 2.742606e-04 2.973198e-04 3.216460e-04 3.473014e-04 3.743517e-04 4.028663e-04 4.329188e-04 4.645868e-04 4.979524e-04 5.331020e-04 5.701272e-04 6.091244e-04 6.501953e-04 6.934473e-04 7.389936e-04 7.869534e-04 8.374526e-04 8.906235e-04 9.466058e-04 1.005546e-03 1.067600e-03 1.132929e-03 1.201706e-03 1.274109e-03 1.350328e-03 1.430562e-03 1.515020e-03 1.603919e-03 1.697489e-03 1.795972e-03 1.899618e-03 2.008693e-03 2.123474e-03 2.244252e-03 2.371332e-03 2.505034e-03 2.645688e-03 2.793637e-03 2.949229e-03 3.112817e-03 3.284757e-03 3.465415e-03 3.655190e-03 3.854562e-03 4.064157e-03 4.284795e-03 4.517372e-03 4.762169e-03 5.016602e-03 5.269243e-03 
2.323669e-05 2.342496e-05 2.399029e-05 2.493426e-05 2.625950e-05 2.796971e-05 3.006969e-05 3.256532e-05 3.546362e-05 3.877279e-05 4.250221e-05 4.666247e-05 5.126547e-05 5.632442e-05 6.185389e-05 6.786987e-05 7.438984e-05 8.143283e-05 8.901946e-05 9.717203e-05 1.059146e-04 1.152730e-04 1.252750e-04 1.359505e-04 1.473311e-04 1.594509e-04 1.723462e-04 1.860555e-04 2.006198e-04 2.160829e-04 2.324911e-04 2.498934e-04 2.683419e-04 2.878917e-04 3.086011e-04 3.305319e-04 3.537491e-04 3.783216e-04 4.043220e-04 4.318272e-04 4.609178e-04 4.916793e-04 5.242016e-04 5.585793e-04 5.949123e-04 6.333057e-04 6.738701e-04 7.167219e-04 7.619838e-04 8.097848e-04 8.602603e-04 9.135530e-04 9.698128e-04 1.029197e-03 1.091871e-03 1.158009e-03 1.227793e-03 1.301414e-03 1.379071e-03 1.460976e-03 1.547347e-03 1.638415e-03 1.734420e-03 1.835615e-03 1.942265e-03 2.054645e-03 2.173046e-03 2.297770e-03 2.429131e-03 2.567452e-03 2.713064e-03 2.866300e-03 3.027497e-03 3.197003e-03 3.375192e-03 3.562512e-03 3.759539e-03 3.967024e-03 4.185783e-03 4.416087e-03 4.655675e-03 4.894452e-03 
7.517217e-05 7.530353e-05 7.569813e-05 7.635758e-05 7.728453e-05 7.848276e-05 7.995710e-05 8.171353e-05 8.375917e-05 8.610230e-05 8.875244e-05 9.172031e-05 9.501795e-05 9.865871e-05 1.026573e-04 1.070300e-04 1.117943e-04 1.169695e-04 1.225763e-04 1.286374e-04 1.351768e-04 1.422207e-04 1.497970e-04 1.579355e-04 1.666684e-04 1.760295e-04 1.860555e-04 1.967847e-04 2.082585e-04 2.205203e-04 2.336165e-04 2.475961e-04 2.625108e-04 2.784156e-04 2.953684e-04 3.134305e-04 3.326664e-04 3.531443e-04 3.749361e-04 3.981174e-04 4.227681e-04 4.489720e-04 4.768175e-04 5.063977e-04 5.378103e-04 5.711581e-04 6.065492e-04 6.440972e-04 6.839215e-04 7.261474e-04 7.709065e-04 8.183370e-04 8.685838e-04 9.217992e-04 9.781426e-04 1.037781e-03 1.100890e-03 1.167653e-03 1.238262e-03 1.312917e-03 1.391828e-03 1.475216e-03 1.563308e-03 1.656347e-03 1.754582e-03 1.858276e-03 1.967703e-03 2.083148e-03 2.204909e-03 2.333289e-03 2.468600e-03 2.611158e-03 2.761281e-03 2.919295e-03 3.085553e-03 3.260470e-03 3.444572e-03 3.638538e-03 3.843103e-03 4.058530e-03 4.282890e-03 4.507476e-03 
1.293742e-04 1.294466e-04 1.296642e-04 1.300287e-04 1.305427e-04 1.312102e-04 1.320359e-04 1.330260e-04 1.341877e-04 1.355293e-04 1.370605e-04 1.387921e-04 1.407364e-04 1.429068e-04 1.453181e-04 1.479869e-04 1.509308e-04 1.541693e-04 1.577233e-04 1.616155e-04 1.658704e-04 1.705142e-04 1.755749e-04 1.810826e-04 1.870695e-04 1.935697e-04 2.006198e-04 2.082585e-04 2.165268e-04 2.254685e-04 2.351297e-04 2.455592e-04 2.568088e-04 2.689330e-04 2.819895e-04 2.960390e-04 3.111456e-04 3.273767e-04 3.448034e-04 3.635003e-04 3.835461e-04 4.050235e-04 4.280191e-04 4.526243e-04 4.789347e-04 5.070509e-04 5.370785e-04 5.691280e-04 6.033155e-04 6.397628e-04 6.785975e-04 7.199532e-04 7.639701e-04 8.107949e-04 8.605810e-04 9.134893e-04 9.696878e-04 1.029352e-03 1.092666e-03 1.159821e-03 1.231017e-03 1.306463e-03 1.386378e-03 1.470989e-03 1.560533e-03 1.655258e-03 1.755424e-03 1.861298e-03 1.973160e-03 2.091296e-03 2.215998e-03 2.347563e-03 2.486290e-03 2.632488e-03 2.786485e-03 2.948664e-03 3.119501e-03 3.299600e-03 3.489613e-03 3.689798e-03 3.898572e-03 4.108661e-03 
1.858855e-04 1.858968e-04 1.859312e-04 1.859903e-04 1.860769e-04 1.861948e-04 1.863491e-04 1.865458e-04 1.867922e-04 1.870969e-04 1.874695e-04 1.879211e-04 1.884640e-04 1.891119e-04 1.898797e-04 1.907841e-04 1.918429e-04 1.930758e-04 1.945039e-04 1.961501e-04 1.980390e-04 2.001970e-04 2.026523e-04 2.054353e-04 2.085781e-04 2.121151e-04 2.160829e-04 2.205203e-04 2.254685e-04 2.309710e-04 2.370740e-04 2.438263e-04 2.512794e-04 2.594876e-04 2.685081e-04 2.784013e-04 2.892306e-04 3.010630e-04 3.139684e-04 3.280207e-04 3.432974e-04 3.598797e-04 3.778528e-04 3.973062e-04 4.183335e-04 4.410331e-04 4.655078e-04 4.918653e-04 5.202184e-04 5.506853e-04 5.833894e-04 6.184600e-04 6.560321e-04 6.962471e-04 7.392525e-04 7.852025e-04 8.342580e-04 8.865870e-04 9.423646e-04 1.001773e-03 1.065004e-03 1.132254e-03 1.203731e-03 1.279649e-03 1.360233e-03 1.445716e-03 1.536341e-03 1.632361e-03 1.734035e-03 1.841633e-03 1.955428e-03 2.075698e-03 2.202724e-03 2.336794e-03 2.478215e-03 2.627336e-03 2.784584e-03 2.950486e-03 3.125611e-03 3.310212e-03 3.503064e-03 3.698372e-03 
2.447522e-04 2.447004e-04 2.445453e-04 2.442886e-04 2.439332e-04 2.434829e-04 2.429427e-04 2.423190e-04 2.416190e-04 2.408513e-04 2.400258e-04 2.391537e-04 2.382474e-04 2.373206e-04 2.363886e-04 2.354680e-04 2.345771e-04 2.337355e-04 2.329647e-04 2.322876e-04 2.317291e-04 2.313157e-04 2.310759e-04 2.310400e-04 2.312406e-04 2.317121e-04 2.324911e-04 2.336165e-04 2.351297e-04 2.370740e-04 2.394958e-04 2.424436e-04 2.459688e-04 2.501253e-04 2.549703e-04 2.605635e-04 2.669679e-04 2.742496e-04 2.824780e-04 2.917258e-04 3.020693e-04 3.135885e-04 3.263671e-04 3.404927e-04 3.560569e-04 3.731558e-04 3.918895e-04 4.123630e-04 4.346856e-04 4.589719e-04 4.853413e-04 5.139185e-04 5.448336e-04 5.782225e-04 6.142268e-04 6.529941e-04 6.946781e-04 7.394390e-04 7.874436e-04 8.388654e-04 8.938848e-04 9.526895e-04 1.015475e-03 1.082443e-03 1.153805e-03 1.229780e-03 1.310595e-03 1.396486e-03 1.487695e-03 1.584473e-03 1.687075e-03 1.795760e-03 1.910791e-03 2.032437e-03 2.160983e-03 2.296745e-03 2.440098e-03 2.591493e-03 2.751415e-03 2.920110e-03 3.096727e-03 3.276996e-03 
3.060239e-04 3.059068e-04 3.055560e-04 3.049732e-04 3.041612e-04 3.031240e-04 3.018666e-04 3.003953e-04 2.987177e-04 2.968424e-04 2.947793e-04 2.925397e-04 2.901362e-04 2.875827e-04 2.848946e-04 2.820887e-04 2.791833e-04 2.761984e-04 2.731556e-04 2.700779e-04 2.669905e-04 2.639200e-04 2.608951e-04 2.579464e-04 2.551064e-04 2.524098e-04 2.498934e-04 2.475961e-04 2.455592e-04 2.438263e-04 2.424436e-04 2.414595e-04 2.409253e-04 2.408948e-04 2.414247e-04 2.425743e-04 2.444060e-04 2.469855e-04 2.503811e-04 2.546648e-04 2.599116e-04 2.662003e-04 2.736130e-04 2.822355e-04 2.921575e-04 3.034726e-04 3.162786e-04 3.306774e-04 3.467751e-04 3.646826e-04 3.845152e-04 4.063932e-04 4.304419e-04 4.567914e-04 4.855776e-04 5.169413e-04 5.510293e-04 5.879941e-04 6.279939e-04 6.711931e-04 7.177624e-04 7.678788e-04 8.217259e-04 8.794942e-04 9.413810e-04 1.007591e-03 1.078335e-03 1.153834e-03 1.234311e-03 1.319999e-03 1.411134e-03 1.507958e-03 1.610716e-03 1.719658e-03 1.835045e-03 1.957163e-03 2.086334e-03 2.222934e-03 2.367357e-03 2.519850e-03 2.679943e-03 2.844934e-03 
3.697539e-04 3.695695e-04 3.690167e-04 3.680974e-04 3.668143e-04 3.651715e-04 3.631741e-04 3.608283e-04 3.581419e-04 3.551235e-04 3.517833e-04 3.481325e-04 3.441840e-04 3.399516e-04 3.354511e-04 3.306993e-04 3.257148e-04 3.205177e-04 3.151296e-04 3.095740e-04 3.038760e-04 2.980627e-04 2.921627e-04 2.862068e-04 2.802279e-04 2.742606e-04 2.683419e-04 2.625108e-04 2.568088e-04 2.512794e-04 2.459688e-04 2.409253e-04 2.362002e-04 2.318470e-04 2.279220e-04 2.244843e-04 2.215959e-04 2.193215e-04 2.177289e-04 2.168892e-04 2.168762e-04 2.177673e-04 2.196433e-04 2.225883e-04 2.266899e-04 2.320395e-04 2.387323e-04 2.468672e-04 2.565474e-04 2.678799e-04 2.809761e-04 2.959518e-04 3.129273e-04 3.320275e-04 3.533821e-04 3.771256e-04 4.033977e-04 4.323429e-04 4.641113e-04 4.988582e-04 5.367445e-04 5.779367e-04 6.226069e-04 6.709334e-04 7.231000e-04 7.792971e-04 8.397208e-04 9.045733e-04 9.740628e-04 1.048403e-03 1.127812e-03 1.212513e-03 1.302734e-03 1.398707e-03 1.500671e-03 1.608879e-03 1.723601e-03 1.845134e-03 1.973788e-03 2.109804e-03 2.253108e-03 2.402610e-03 
4.359997e-04 4.357458e-04 4.349850e-04 4.337188e-04 4.319501e-04 4.296830e-04 4.269226e-04 4.236754e-04 4.199490e-04 4.157523e-04 4.110953e-04 4.059896e-04 4.004481e-04 3.944848e-04 3.881154e-04 3.813572e-04 3.742287e-04 3.667502e-04 3.589437e-04 3.508326e-04 3.424423e-04 3.338000e-04 3.249347e-04 3.158773e-04 3.066606e-04 2.973198e-04 2.878917e-04 2.784156e-04 2.689330e-04 2.594876e-04 2.501253e-04 2.408948e-04 2.318470e-04 2.230352e-04 2.145157e-04 2.063470e-04 1.985907e-04 1.913110e-04 1.845750e-04 1.784526e-04 1.730170e-04 1.683442e-04 1.645134e-04 1.616072e-04 1.597112e-04 1.589146e-04 1.593101e-04 1.609938e-04 1.640655e-04 1.686290e-04 1.747915e-04 1.826646e-04 1.923635e-04 2.040078e-04 2.177213e-04 2.336322e-04 2.518729e-04 2.725805e-04 2.958966e-04 3.219677e-04 3.509449e-04 3.829842e-04 4.182466e-04 4.568978e-04 4.991087e-04 5.450553e-04 5.949185e-04 6.488840e-04 7.071426e-04 7.698901e-04 8.373271e-04 9.096588e-04 9.870954e-04 1.069851e-03 1.158144e-03 1.252194e-03 1.352220e-03 1.458439e-03 1.571073e-03 1.690363e-03 1.816639e-03 1.950462e-03 
5.048230e-04 5.044978e-04 5.035225e-04 5.018991e-04 4.996302e-04 4.967201e-04 4.931740e-04 4.889983e-04 4.842007e-04 4.787902e-04 4.727769e-04 4.661725e-04 4.589899e-04 4.512434e-04 4.429488e-04 4.341234e-04 4.247859e-04 4.149569e-04 4.046584e-04 3.939140e-04 3.827495e-04 3.711920e-04 3.592708e-04 3.470170e-04 3.344637e-04 3.216460e-04 3.086011e-04 2.953684e-04 2.819895e-04 2.685081e-04 2.549703e-04 2.414247e-04 2.279220e-04 2.145157e-04 2.012615e-04 1.882180e-04 1.754461e-04 1.630096e-04 1.509749e-04 1.394111e-04 1.283904e-04 1.179876e-04 1.082806e-04 9.935022e-05 9.128041e-05 8.415815e-05 7.807366e-05 7.312035e-05 6.939498e-05 6.699763e-05 6.603187e-05 6.660472e-05 6.882681e-05 7.281240e-05 7.867944e-05 8.654970e-05 9.654874e-05 1.088061e-04 1.234552e-04 1.406335e-04 1.604826e-04 1.831482e-04 2.087799e-04 2.375315e-04 2.695609e-04 3.050298e-04 3.441040e-04 3.869529e-04 4.337504e-04 4.846743e-04 5.399076e-04 5.996382e-04 6.640593e-04 7.333679e-04 8.077604e-04 8.874245e-04 9.725273e-04 1.063207e-03 1.159594e-03 1.261933e-03 1.370967e-03 1.488946e-03 
5.762905e-04 5.758917e-04 5.746958e-04 5.727047e-04 5.699212e-04 5.663494e-04 5.619946e-04 5.568633e-04 5.509633e-04 5.443035e-04 5.368943e-04 5.287472e-04 5.198754e-04 5.102933e-04 5.000168e-04 4.890632e-04 4.774517e-04 4.652026e-04 4.523383e-04 4.388827e-04 4.248615e-04 4.103022e-04 3.952343e-04 3.796889e-04 3.636995e-04 3.473014e-04 3.305319e-04 3.134305e-04 2.960390e-04 2.784013e-04 2.605635e-04 2.425743e-04 2.244843e-04 2.063470e-04 1.882180e-04 1.701555e-04 1.522202e-04 1.344753e-04 1.169866e-04 9.982270e-05 8.305465e-05 6.675629e-05 5.100416e-05 3.587761e-05 2.145876e-05 7.832583e-06 4.913057e-06 1.668739e-05 2.739669e-05 3.694424e-05 4.523029e-05 5.215201e-05 5.760348e-05 6.147563e-05 6.365619e-05 6.402967e-05 6.247732e-05 5.887709e-05 5.310360e-05 4.502812e-05 3.451856e-05 2.143952e-05 5.652315e-06 1.298491e-05 3.461708e-05 5.939201e-05 8.746039e-05 1.189758e-04 1.540950e-04 1.929786e-04 2.357919e-04 2.827059e-04 3.338974e-04 3.895462e-04 4.498278e-04 5.148984e-04 5.848727e-04 6.598087e-04 7.397472e-04 8.249344e-04 9.165376e-04 1.018532e-03 
6.504735e-04 6.499991e-04 6.485764e-04 6.462072e-04 6.428945e-04 6.386422e-04 6.334558e-04 6.273417e-04 6.203079e-04 6.123632e-04 6.035182e-04 5.937845e-04 5.831752e-04 5.717048e-04 5.593895e-04 5.462467e-04 5.322955e-04 5.175566e-04 5.020524e-04 4.858071e-04 4.688466e-04 4.511984e-04 4.328924e-04 4.139599e-04 3.944345e-04 3.743517e-04 3.537491e-04 3.326664e-04 3.111456e-04 2.892306e-04 2.669679e-04 2.444060e-04 2.215959e-04 1.985907e-04 1.754461e-04 1.522202e-04 1.289732e-04 1.057682e-04 8.267038e-05 5.974764e-05 3.707028e-05 1.471113e-05 7.254446e-06 2.874853e-05 4.969066e-05 6.999778e-05 8.958425e-05 1.083619e-04 1.262398e-04 1.431245e-04 1.589200e-04 1.735275e-04 1.868457e-04 1.987706e-04 2.091954e-04 2.180107e-04 2.251046e-04 2.303623e-04 2.336663e-04 2.348965e-04 2.339302e-04 2.306419e-04 2.249039e-04 2.165861e-04 2.055562e-04 1.916801e-04 1.748221e-04 1.548442e-04 1.316064e-04 1.049652e-04 7.477246e-05 4.087383e-05 3.108674e-06 3.868636e-05 8.466638e-05 1.349561e-04 1.896180e-04 2.486295e-04 3.119409e-04 3.798018e-04 4.538124e-04 5.397044e-04 
