1.000000e+00 9.992290e-01 9.969173e-01 9.930685e-01 9.876883e-01 9.807853e-01 9.723699e-01 9.624552e-01 9.510565e-01 9.381913e-01 9.238795e-01 9.081432e-01 8.910065e-01 8.724960e-01 8.526402e-01 8.314696e-01 8.090170e-01 7.853169e-01 7.604060e-01 7.343225e-01 7.071068e-01 6.788007e-01 6.494480e-01 6.190939e-01 5.877853e-01 5.555702e-01 5.224986e-01 4.886212e-01 4.539905e-01 4.186597e-01 3.826834e-01 3.461171e-01 3.090170e-01 2.714404e-01 2.334454e-01 1.950903e-01 1.564345e-01 1.175374e-01 7.845910e-02 3.925982e-02 6.123234e-17 -3.925982e-02 -7.845910e-02 -1.175374e-01 -1.564345e-01 -1.950903e-01 -2.334454e-01 -2.714404e-01 -3.090170e-01 -3.461171e-01 -3.826834e-01 -4.186597e-01 -4.539905e-01 -4.886212e-01 -5.224986e-01 -5.555702e-01 -5.877853e-01 -6.190939e-01 -6.494480e-01 -6.788007e-01 -7.071068e-01 -7.343225e-01 -7.604060e-01 -7.853169e-01 -8.090170e-01 -8.314696e-01 -8.526402e-01 -8.724960e-01 -8.910065e-01 -9.081432e-01 -9.238795e-01 -9.381913e-01 -9.510565e-01 -9.624552e-01 -9.723699e-01 -9.807853e-01 -9.876883e-01 -9.930685e-01 -9.969173e-01 -9.992290e-01 -1.000000e+00 
9.992290e-01 9.984587e-01 9.961487e-01 9.923028e-01 9.869269e-01 9.800291e-01 9.716203e-01 9.617132e-01 9.503233e-01 9.374680e-01 9.231673e-01 9.074430e-01 8.903196e-01 8.718233e-01 8.519828e-01 8.308286e-01 8.083933e-01 7.847115e-01 7.598197e-01 7.337564e-01 7.065616e-01 6.782774e-01 6.489473e-01 6.186167e-01 5.873321e-01 5.551419e-01 5.220957e-01 4.882445e-01 4.536405e-01 4.183370e-01 3.823884e-01 3.458502e-01 3.087788e-01 2.712312e-01 2.332654e-01 1.949399e-01 1.563139e-01 1.174468e-01 7.839861e-02 3.922955e-02 6.118513e-17 -3.922955e-02 -7.839861e-02 -1.174468e-01 -1.563139e-01 -1.949399e-01 -2.332654e-01 -2.712312e-01 -3.087788e-01 -3.458502e-01 -3.823884e-01 -4.183370e-01 -4.536405e-01 -4.882445e-01 -5.220957e-01 -5.551419e-01 -5.873321e-01 -6.186167e-01 -6.489473e-01 -6.782774e-01 -7.065616e-01 -7.337564e-01 -7.598197e-01 -7.847115e-01 -8.083933e-01 -8.308286e-01 -8.519828e-01 -8.718233e-01 -8.903196e-01 -9.074430e-01 -9.231673e-01 -9.374680e-01 -9.503233e-01 -9.617132e-01 -9.716203e-01 -9.800291e-01 -9.869269e-01 -9.923028e-01 -9.961487e-01 -9.984587e-01 -9.992290e-01 
9.969173e-01 9.961487e-01 9.938442e-01 9.900072e-01 9.846436e-01 9.777618e-01 9.693724e-01 9.594883e-01 9.481247e-01 9.352992e-01 9.210315e-01 9.053437e-01 8.882598e-01 8.698064e-01 8.500118e-01 8.289065e-01 8.065231e-01 7.828961e-01 7.580619e-01 7.320588e-01 7.049270e-01 6.767082e-01 6.474460e-01 6.171855e-01 5.859733e-01 5.538576e-01 5.208879e-01 4.871150e-01 4.525910e-01 4.173691e-01 3.815037e-01 3.450501e-01 3.080644e-01 2.706037e-01 2.327257e-01 1.944889e-01 1.559522e-01 1.171751e-01 7.821723e-02 3.913879e-02 6.104358e-17 -3.913879e-02 -7.821723e-02 -1.171751e-01 -1.559522e-01 -1.944889e-01 -2.327257e-01 -2.706037e-01 -3.080644e-01 -3.450501e-01 -3.815037e-01 -4.173691e-01 -4.525910e-01 -4.871150e-01 -5.208879e-01 -5.538576e-01 -5.859733e-01 -6.171855e-01 -6.474460e-01 -6.767082e-01 -7.049270e-01 -7.320588e-01 -7.580619e-01 -7.828961e-01 -8.065231e-01 -8.289065e-01 -8.500118e-01 -8.698064e-01 -8.882598e-01 -9.053437e-01 -9.210315e-01 -9.352992e-01 -9.481247e-01 -9.594883e-01 -9.693724e-01 -9.777618e-01 -9.846436e-01 -9.900072e-01 -9.938442e-01 -9.961487e-01 -9.969173e-01 
9.930685e-01 9.923028e-01 9.900072e-01 9.861850e-01 9.808421e-01 9.739869e-01 9.656299e-01 9.557839e-01 9.444642e-01 9.316882e-01 9.174756e-01 9.018483e-01 8.848305e-01 8.664483e-01 8.467301e-01 8.257062e-01 8.034093e-01 7.798735e-01 7.551352e-01 7.292325e-01 7.022054e-01 6.740956e-01 6.449464e-01 6.148027e-01 5.837110e-01 5.517193e-01 5.188768e-01 4.852343e-01 4.508436e-01 4.157578e-01 3.800308e-01 3.437179e-01 3.068750e-01 2.695589e-01 2.318272e-01 1.937380e-01 1.553501e-01 1.167227e-01 7.791525e-02 3.898768e-02 6.080791e-17 -3.898768e-02 -7.791525e-02 -1.167227e-01 -1.553501e-01 -1.937380e-01 -2.318272e-01 -2.695589e-01 -3.068750e-01 -3.437179e-01 -3.800308e-01 -4.157578e-01 -4.508436e-01 -4.852343e-01 -5.188768e-01 -5.517193e-01 -5.837110e-01 -6.148027e-01 -6.449464e-01 -6.740956e-01 -7.022054e-01 -7.292325e-01 -7.551352e-01 -7.798735e-01 -8.034093e-01 -8.257062e-01 -8.467301e-01 -8.664483e-01 -8.848305e-01 -9.018483e-01 -9.174756e-01 -9.316882e-01 -9.444642e-01 -9.557839e-01 -9.656299e-01 -9.739869e-01 -9.808421e-01 -9.861850e-01 -9.900072e-01 -9.923028e-01 -9.930685e-01 
9.876883e-01 9.869269e-01 9.846436e-01 9.808421e-01 9.755283e-01 9.687102e-01 9.603984e-01 9.506058e-01 9.393474e-01 9.266406e-01 9.125050e-01 8.969624e-01 8.800368e-01 8.617541e-01 8.421427e-01 8.212328e-01 7.990567e-01 7.756484e-01 7.510441e-01 7.252818e-01 6.984011e-01 6.704436e-01 6.414523e-01 6.114719e-01 5.805486e-01 5.487302e-01 5.160657e-01 4.826055e-01 4.484011e-01 4.135053e-01 3.779720e-01 3.418558e-01 3.052125e-01 2.680986e-01 2.305713e-01 1.926884e-01 1.545085e-01 1.160903e-01 7.749313e-02 3.877646e-02 6.047847e-17 -3.877646e-02 -7.749313e-02 -1.160903e-01 -1.545085e-01 -1.926884e-01 -2.305713e-01 -2.680986e-01 -3.052125e-01 -3.418558e-01 -3.779720e-01 -4.135053e-01 -4.484011e-01 -4.826055e-01 -5.160657e-01 -5.487302e-01 -5.805486e-01 -6.114719e-01 -6.414523e-01 -6.704436e-01 -6.984011e-01 -7.252818e-01 -7.510441e-01 -7.756484e-01 -7.990567e-01 -8.212328e-01 -8.421427e-01 -8.617541e-01 -8.800368e-01 -8.969624e-01 -9.125050e-01 -9.266406e-01 -9.393474e-01 -9.506058e-01 -9.603984e-01 -9.687102e-01 -9.755283e-01 -9.808421e-01 -9.846436e-01 -9.869269e-01 -9.876883e-01 
9.807853e-01 9.800291e-01 9.777618e-01 9.739869e-01 9.687102e-01 9.619398e-01 9.536861e-01 9.439619e-01 9.327822e-01 9.201643e-01 9.061274e-01 8.906935e-01 8.738861e-01 8.557312e-01 8.362569e-01 8.154932e-01 7.934720e-01 7.702273e-01 7.457950e-01 7.202127e-01 6.935199e-01 6.657578e-01 6.369691e-01 6.071982e-01 5.764911e-01 5.448951e-01 5.124589e-01 4.792325e-01 4.452672e-01 4.106153e-01 3.753303e-01 3.394665e-01 3.030793e-01 2.662248e-01 2.289598e-01 1.913417e-01 1.534286e-01 1.152789e-01 7.695153e-02 3.850545e-02 6.005578e-17 -3.850545e-02 -7.695153e-02 -1.152789e-01 -1.534286e-01 -1.913417e-01 -2.289598e-01 -2.662248e-01 -3.030793e-01 -3.394665e-01 -3.753303e-01 -4.106153e-01 -4.452672e-01 -4.792325e-01 -5.124589e-01 -5.448951e-01 -5.764911e-01 -6.071982e-01 -6.369691e-01 -6.657578e-01 -6.935199e-01 -7.202127e-01 -7.457950e-01 -7.702273e-01 -7.934720e-01 -8.154932e-01 -8.362569e-01 -8.557312e-01 -8.738861e-01 -8.906935e-01 -9.061274e-01 -9.201643e-01 -9.327822e-01 -9.439619e-01 -9.536861e-01 -9.619398e-01 -9.687102e-01 -9.739869e-01 -9.777618e-01 -9.800291e-01 -9.807853e-01 
9.723699e-01 9.716203e-01 9.693724e-01 9.656299e-01 9.603984e-01 9.536861e-01 9.455033e-01 9.358625e-01 9.247787e-01 9.122690e-01 8.983527e-01 8.830511e-01 8.663879e-01 8.483889e-01 8.290816e-01 8.084960e-01 7.866638e-01 7.636186e-01 7.393959e-01 7.140331e-01 6.875694e-01 6.600454e-01 6.315037e-01 6.019883e-01 5.715447e-01 5.402198e-01 5.080619e-01 4.751206e-01 4.414467e-01 4.070921e-01 3.721099e-01 3.365538e-01 3.004788e-01 2.639405e-01 2.269952e-01 1.897000e-01 1.521122e-01 1.142898e-01 7.629126e-02 3.817506e-02 5.954049e-17 -3.817506e-02 -7.629126e-02 -1.142898e-01 -1.521122e-01 -1.897000e-01 -2.269952e-01 -2.639405e-01 -3.004788e-01 -3.365538e-01 -3.721099e-01 -4.070921e-01 -4.414467e-01 -4.751206e-01 -5.080619e-01 -5.402198e-01 -5.715447e-01 -6.019883e-01 -6.315037e-01 -6.600454e-01 -6.875694e-01 -7.140331e-01 -7.393959e-01 -7.636186e-01 -7.866638e-01 -8.084960e-01 -8.290816e-01 -8.483889e-01 -8.663879e-01 -8.830511e-01 -8.983527e-01 -9.122690e-01 -9.247787e-01 -9.358625e-01 -9.455033e-01 -9.536861e-01 -9.603984e-01 -9.656299e-01 -9.693724e-01 -9.716203e-01 -9.723699e-01 
9.624552e-01 9.617132e-01 9.594883e-01 9.557839e-01 9.506058e-01 9.439619e-01 9.358625e-01 9.263201e-01 9.153493e-01 9.029672e-01 8.891927e-01 8.740472e-01 8.575539e-01 8.397384e-01 8.206280e-01 8.002523e-01 7.786426e-01 7.558324e-01 7.318567e-01 7.067525e-01 6.805586e-01 6.533153e-01 6.250647e-01 5.958502e-01 5.657170e-01 5.347115e-01 5.028815e-01 4.702761e-01 4.369455e-01 4.029413e-01 3.683157e-01 3.331222e-01 2.974150e-01 2.612493e-01 2.246807e-01 1.877657e-01 1.505612e-01 1.131245e-01 7.551337e-02 3.778582e-02 5.893339e-17 -3.778582e-02 -7.551337e-02 -1.131245e-01 -1.505612e-01 -1.877657e-01 -2.246807e-01 -2.612493e-01 -2.974150e-01 -3.331222e-01 -3.683157e-01 -4.029413e-01 -4.369455e-01 -4.702761e-01 -5.028815e-01 -5.347115e-01 -5.657170e-01 -5.958502e-01 -6.250647e-01 -6.533153e-01 -6.805586e-01 -7.067525e-01 -7.318567e-01 -7.558324e-01 -7.786426e-01 -8.002523e-01 -8.206280e-01 -8.397384e-01 -8.575539e-01 -8.740472e-01 -8.891927e-01 -9.029672e-01 -9.153493e-01 -9.263201e-01 -9.358625e-01 -9.439619e-01 -9.506058e-01 -9.557839e-01 -9.594883e-01 -9.617132e-01 -9.624552e-01 
9.510565e-01 9.503233e-01 9.481247e-01 9.444642e-01 9.393474e-01 9.327822e-01 9.247787e-01 9.153493e-01 9.045085e-01 8.922730e-01 8.786616e-01 8.636955e-01 8.473976e-01 8.297930e-01 8.109090e-01 7.907746e-01 7.694209e-01 7.468808e-01 7.231890e-01 6.983822e-01 6.724985e-01 6.455779e-01 6.176618e-01 5.887933e-01 5.590170e-01 5.283787e-01 4.969257e-01 4.647064e-01 4.317706e-01 3.981691e-01 3.639536e-01 3.291769e-01 2.938926e-01 2.581552e-01 2.220197e-01 1.855419e-01 1.487780e-01 1.117847e-01 7.461903e-02 3.733830e-02 5.823542e-17 -3.733830e-02 -7.461903e-02 -1.117847e-01 -1.487780e-01 -1.855419e-01 -2.220197e-01 -2.581552e-01 -2.938926e-01 -3.291769e-01 -3.639536e-01 -3.981691e-01 -4.317706e-01 -4.647064e-01 -4.969257e-01 -5.283787e-01 -5.590170e-01 -5.887933e-01 -6.176618e-01 -6.455779e-01 -6.724985e-01 -6.983822e-01 -7.231890e-01 -7.468808e-01 -7.694209e-01 -7.907746e-01 -8.109090e-01 -8.297930e-01 -8.473976e-01 -8.636955e-01 -8.786616e-01 -8.922730e-01 -9.045085e-01 -9.153493e-01 -9.247787e-01 -9.327822e-01 -9.393474e-01 -9.444642e-01 -9.481247e-01 -9.503233e-01 -9.510565e-01 
9.381913e-01 9.374680e-01 9.352992e-01 9.316882e-01 9.266406e-01 9.201643e-01 9.122690e-01 9.029672e-01 8.922730e-01 8.802030e-01 8.667758e-01 8.520121e-01 8.359346e-01 8.185682e-01 7.999396e-01 7.800776e-01 7.590127e-01 7.367775e-01 7.134063e-01 6.889350e-01 6.634015e-01 6.368450e-01 6.093065e-01 5.808286e-01 5.514550e-01 5.212312e-01 4.902036e-01 4.584202e-01 4.259300e-01 3.927829e-01 3.590303e-01 3.247240e-01 2.899171e-01 2.546631e-01 2.190164e-01 1.830320e-01 1.467655e-01 1.102726e-01 7.360964e-02 3.683322e-02 5.744765e-17 -3.683322e-02 -7.360964e-02 -1.102726e-01 -1.467655e-01 -1.830320e-01 -2.190164e-01 -2.546631e-01 -2.899171e-01 -3.247240e-01 -3.590303e-01 -3.927829e-01 -4.259300e-01 -4.584202e-01 -4.902036e-01 -5.212312e-01 -5.514550e-01 -5.808286e-01 -6.093065e-01 -6.368450e-01 -6.634015e-01 -6.889350e-01 -7.134063e-01 -7.367775e-01 -7.590127e-01 -7.800776e-01 -7.999396e-01 -8.185682e-01 -8.359346e-01 -8.520121e-01 -8.667758e-01 -8.802030e-01 -8.922730e-01 -9.029672e-01 -9.122690e-01 -9.201643e-01 -9.266406e-01 -9.316882e-01 -9.352992e-01 -9.374680e-01 -9.381913e-01 
9.238795e-01 9.231673e-01 9.210315e-01 9.174756e-01 9.125050e-01 9.061274e-01 8.983527e-01 8.891927e-01 8.786616e-01 8.667758e-01 8.535534e-01 8.390149e-01 8.231827e-01 8.060812e-01 7.877368e-01 7.681778e-01 7.474342e-01 7.255382e-01 7.025235e-01 6.784255e-01 6.532815e-01 6.271301e-01 6.000118e-01 5.719682e-01 5.430428e-01 5.132800e-01 4.827257e-01 4.514272e-01 4.194325e-01 3.867912e-01 3.535534e-01 3.197705e-01 2.854945e-01 2.507783e-01 2.156754e-01 1.802400e-01 1.445266e-01 1.085904e-01 7.248675e-02 3.627134e-02 5.657131e-17 -3.627134e-02 -7.248675e-02 -1.085904e-01 -1.445266e-01 -1.802400e-01 -2.156754e-01 -2.507783e-01 -2.854945e-01 -3.197705e-01 -3.535534e-01 -3.867912e-01 -4.194325e-01 -4.514272e-01 -4.827257e-01 -5.132800e-01 -5.430428e-01 -5.719682e-01 -6.000118e-01 -6.271301e-01 -6.532815e-01 -6.784255e-01 -7.025235e-01 -7.255382e-01 -7.474342e-01 -7.681778e-01 -7.877368e-01 -8.060812e-01 -8.231827e-01 -8.390149e-01 -8.535534e-01 -8.667758e-01 -8.786616e-01 -8.891927e-01 -8.983527e-01 -9.061274e-01 -9.125050e-01 -9.174756e-01 -9.210315e-01 -9.231673e-01 -9.238795e-01 
9.081432e-01 9.074430e-01 9.053437e-01 9.018483e-01 8.969624e-01 8.906935e-01 8.830511e-01 8.740472e-01 8.636955e-01 8.520121e-01 8.390149e-01 8.247240e-01 8.091615e-01 7.923513e-01 7.743193e-01 7.550935e-01 7.347033e-01 7.131802e-01 6.905575e-01 6.668700e-01 6.421542e-01 6.164483e-01 5.897918e-01 5.622259e-01 5.337932e-01 5.045373e-01 4.745035e-01 4.437380e-01 4.122884e-01 3.802030e-01 3.475313e-01 3.143238e-01 2.806317e-01 2.465068e-01 2.120018e-01 1.771699e-01 1.420649e-01 1.067408e-01 7.125209e-02 3.565353e-02 5.560773e-17 -3.565353e-02 -7.125209e-02 -1.067408e-01 -1.420649e-01 -1.771699e-01 -2.120018e-01 -2.465068e-01 -2.806317e-01 -3.143238e-01 -3.475313e-01 -3.802030e-01 -4.122884e-01 -4.437380e-01 -4.745035e-01 -5.045373e-01 -5.337932e-01 -5.622259e-01 -5.897918e-01 -6.164483e-01 -6.421542e-01 -6.668700e-01 -6.905575e-01 -7.131802e-01 -7.347033e-01 -7.550935e-01 -7.743193e-01 -7.923513e-01 -8.091615e-01 -8.247240e-01 -8.390149e-01 -8.520121e-01 -8.636955e-01 -8.740472e-01 -8.830511e-01 -8.906935e-01 -8.969624e-01 -9.018483e-01 -9.053437e-01 -9.074430e-01 -9.081432e-01 
8.910065e-01 8.903196e-01 8.882598e-01 8.848305e-01 8.800368e-01 8.738861e-01 8.663879e-01 8.575539e-01 8.473976e-01 8.359346e-01 8.231827e-01 8.091615e-01 7.938926e-01 7.773996e-01 7.597079e-01 7.408448e-01 7.208394e-01 6.997225e-01 6.775267e-01 6.542861e-01 6.300368e-01 6.048159e-01 5.786624e-01 5.516167e-01 5.237205e-01 4.950167e-01 4.655496e-01 4.353647e-01 4.045085e-01 3.730286e-01 3.409734e-01 3.083926e-01 2.753362e-01 2.418552e-01 2.080013e-01 1.738267e-01 1.393841e-01 1.047266e-01 6.990757e-02 3.498075e-02 5.455841e-17 -3.498075e-02 -6.990757e-02 -1.047266e-01 -1.393841e-01 -1.738267e-01 -2.080013e-01 -2.418552e-01 -2.753362e-01 -3.083926e-01 -3.409734e-01 -3.730286e-01 -4.045085e-01 -4.353647e-01 -4.655496e-01 -4.950167e-01 -5.237205e-01 -5.516167e-01 -5.786624e-01 -6.048159e-01 -6.300368e-01 -6.542861e-01 -6.775267e-01 -6.997225e-01 -7.208394e-01 -7.408448e-01 -7.597079e-01 -7.773996e-01 -7.938926e-01 -8.091615e-01 -8.231827e-01 -8.359346e-01 -8.473976e-01 -8.575539e-01 -8.663879e-01 -8.738861e-01 -8.800368e-01 -8.848305e-01 -8.882598e-01 -8.903196e-01 -8.910065e-01 
8.724960e-01 8.718233e-01 8.698064e-01 8.664483e-01 8.617541e-01 8.557312e-01 8.483889e-01 8.397384e-01 8.297930e-01 8.185682e-01 8.060812e-01 7.923513e-01 7.773996e-01 7.612493e-01 7.439251e-01 7.254539e-01 7.058641e-01 6.851859e-01 6.634512e-01 6.406935e-01 6.169478e-01 5.922509e-01 5.666408e-01 5.401570e-01 5.128403e-01 4.847328e-01 4.558779e-01 4.263201e-01 3.961049e-01 3.652789e-01 3.338898e-01 3.019858e-01 2.696161e-01 2.368307e-01 2.036801e-01 1.702155e-01 1.364884e-01 1.025509e-01 6.845525e-02 3.425403e-02 5.342497e-17 -3.425403e-02 -6.845525e-02 -1.025509e-01 -1.364884e-01 -1.702155e-01 -2.036801e-01 -2.368307e-01 -2.696161e-01 -3.019858e-01 -3.338898e-01 -3.652789e-01 -3.961049e-01 -4.263201e-01 -4.558779e-01 -4.847328e-01 -5.128403e-01 -5.401570e-01 -5.666408e-01 -5.922509e-01 -6.169478e-01 -6.406935e-01 -6.634512e-01 -6.851859e-01 -7.058641e-01 -7.254539e-01 -7.439251e-01 -7.612493e-01 -7.773996e-01 -7.923513e-01 -8.060812e-01 -8.185682e-01 -8.297930e-01 -8.397384e-01 -8.483889e-01 -8.557312e-01 -8.617541e-01 -8.664483e-01 -8.698064e-01 -8.718233e-01 -8.724960e-01 
8.526402e-01 8.519828e-01 8.500118e-01 8.467301e-01 8.421427e-01 8.362569e-01 8.290816e-01 8.206280e-01 8.109090e-01 7.999396e-01 7.877368e-01 7.743193e-01 7.597079e-01 7.439251e-01 7.269952e-01 7.089444e-01 6.898004e-01 6.695928e-01 6.483527e-01 6.261129e-01 6.029076e-01 5.787728e-01 5.537455e-01 5.278644e-01 5.011693e-01 4.737015e-01 4.455033e-01 4.166181e-01 3.870905e-01 3.569661e-01 3.262913e-01 2.951133e-01 2.634803e-01 2.314410e-01 1.990449e-01 1.663418e-01 1.333823e-01 1.002171e-01 6.689738e-02 3.347450e-02 5.220915e-17 -3.347450e-02 -6.689738e-02 -1.002171e-01 -1.333823e-01 -1.663418e-01 -1.990449e-01 -2.314410e-01 -2.634803e-01 -2.951133e-01 -3.262913e-01 -3.569661e-01 -3.870905e-01 -4.166181e-01 -4.455033e-01 -4.737015e-01 -5.011693e-01 -5.278644e-01 -5.537455e-01 -5.787728e-01 -6.029076e-01 -6.261129e-01 -6.483527e-01 -6.695928e-01 -6.898004e-01 -7.089444e-01 -7.269952e-01 -7.439251e-01 -7.597079e-01 -7.743193e-01 -7.877368e-01 -7.999396e-01 -8.109090e-01 -8.206280e-01 -8.290816e-01 -8.362569e-01 -8.421427e-01 -8.467301e-01 -8.500118e-01 -8.519828e-01 -8.526402e-01 
8.314696e-01 8.308286e-01 8.289065e-01 8.257062e-01 8.212328e-01 8.154932e-01 8.084960e-01 8.002523e-01 7.907746e-01 7.800776e-01 7.681778e-01 7.550935e-01 7.408448e-01 7.254539e-01 7.089444e-01 6.913417e-01 6.726730e-01 6.529672e-01 6.322545e-01 6.105669e-01 5.879378e-01 5.644022e-01 5.399963e-01 5.147578e-01 4.887256e-01 4.619398e-01 4.344417e-01 4.062737e-01 3.774793e-01 3.481028e-01 3.181896e-01 2.877858e-01 2.569382e-01 2.256945e-01 1.941027e-01 1.622117e-01 1.300705e-01 9.772877e-02 6.523635e-02 3.264334e-02 5.091283e-17 -3.264334e-02 -6.523635e-02 -9.772877e-02 -1.300705e-01 -1.622117e-01 -1.941027e-01 -2.256945e-01 -2.569382e-01 -2.877858e-01 -3.181896e-01 -3.481028e-01 -3.774793e-01 -4.062737e-01 -4.344417e-01 -4.619398e-01 -4.887256e-01 -5.147578e-01 -5.399963e-01 -5.644022e-01 -5.879378e-01 -6.105669e-01 -6.322545e-01 -6.529672e-01 -6.726730e-01 -6.913417e-01 -7.089444e-01 -7.254539e-01 -7.408448e-01 -7.550935e-01 -7.681778e-01 -7.800776e-01 -7.907746e-01 -8.002523e-01 -8.084960e-01 -8.154932e-01 -8.212328e-01 -8.257062e-01 -8.289065e-01 -8.308286e-01 -8.314696e-01 
8.090170e-01 8.083933e-01 8.065231e-01 8.034093e-01 7.990567e-01 7.934720e-01 7.866638e-01 7.786426e-01 7.694209e-01 7.590127e-01 7.474342e-01 7.347033e-01 7.208394e-01 7.058641e-01 6.898004e-01 6.726730e-01 6.545085e-01 6.353347e-01 6.151813e-01 5.940794e-01 5.720614e-01 5.491613e-01 5.254145e-01 5.008575e-01 4.755283e-01 4.494658e-01 4.227102e-01 3.953029e-01 3.672860e-01 3.387028e-01 3.095974e-01 2.800146e-01 2.500000e-01 2.195999e-01 1.888613e-01 1.578314e-01 1.265581e-01 9.508975e-02 6.347474e-02 3.176186e-02 4.953800e-17 -3.176186e-02 -6.347474e-02 -9.508975e-02 -1.265581e-01 -1.578314e-01 -1.888613e-01 -2.195999e-01 -2.500000e-01 -2.800146e-01 -3.095974e-01 -3.387028e-01 -3.672860e-01 -3.953029e-01 -4.227102e-01 -4.494658e-01 -4.755283e-01 -5.008575e-01 -5.254145e-01 -5.491613e-01 -5.720614e-01 -5.940794e-01 -6.151813e-01 -6.353347e-01 -6.545085e-01 -6.726730e-01 -6.898004e-01 -7.058641e-01 -7.208394e-01 -7.347033e-01 -7.474342e-01 -7.590127e-01 -7.694209e-01 -7.786426e-01 -7.866638e-01 -7.934720e-01 -7.990567e-01 -8.034093e-01 -8.065231e-01 -8.083933e-01 -8.090170e-01 
7.853169e-01 7.847115e-01 7.828961e-01 7.798735e-01 7.756484e-01 7.702273e-01 7.636186e-01 7.558324e-01 7.468808e-01 7.367775e-01 7.255382e-01 7.131802e-01 6.997225e-01 6.851859e-01 6.695928e-01 6.529672e-01 6.353347e-01 6.167227e-01 5.971597e-01 5.766759e-01 5.553029e-01 5.330737e-01 5.100225e-01 4.861850e-01 4.615977e-01 4.362987e-01 4.103270e-01 3.837225e-01 3.565264e-01 3.287806e-01 3.005278e-01 2.718116e-01 2.426763e-01 2.131668e-01 1.833286e-01 1.532077e-01 1.228506e-01 9.230411e-02 6.161526e-02 3.083140e-02 4.808679e-17 -3.083140e-02 -6.161526e-02 -9.230411e-02 -1.228506e-01 -1.532077e-01 -1.833286e-01 -2.131668e-01 -2.426763e-01 -2.718116e-01 -3.005278e-01 -3.287806e-01 -3.565264e-01 -3.837225e-01 -4.103270e-01 -4.362987e-01 -4.615977e-01 -4.861850e-01 -5.100225e-01 -5.330737e-01 -5.553029e-01 -5.766759e-01 -5.971597e-01 -6.167227e-01 -6.353347e-01 -6.529672e-01 -6.695928e-01 -6.851859e-01 -6.997225e-01 -7.131802e-01 -7.255382e-01 -7.367775e-01 -7.468808e-01 -7.558324e-01 -7.636186e-01 -7.702273e-01 -7.756484e-01 -7.798735e-01 -7.828961e-01 -7.847115e-01 -7.853169e-01 
7.604060e-01 7.598197e-01 7.580619e-01 7.551352e-01 7.510441e-01 7.457950e-01 7.393959e-01 7.318567e-01 7.231890e-01 7.134063e-01 7.025235e-01 6.905575e-01 6.775267e-01 6.634512e-01 6.483527e-01 6.322545e-01 6.151813e-01 5.971597e-01 5.782172e-01 5.583832e-01 5.376882e-01 5.161641e-01 4.938442e-01 4.707627e-01 4.469554e-01 4.224589e-01 3.973110e-01 3.715505e-01 3.452171e-01 3.183514e-01 2.909948e-01 2.631895e-01 2.349784e-01 2.064049e-01 1.775132e-01 1.483478e-01 1.189537e-01 8.937614e-02 5.966076e-02 2.985340e-02 4.656144e-17 -2.985340e-02 -5.966076e-02 -8.937614e-02 -1.189537e-01 -1.483478e-01 -1.775132e-01 -2.064049e-01 -2.349784e-01 -2.631895e-01 -2.909948e-01 -3.183514e-01 -3.452171e-01 -3.715505e-01 -3.973110e-01 -4.224589e-01 -4.469554e-01 -4.707627e-01 -4.938442e-01 -5.161641e-01 -5.376882e-01 -5.583832e-01 -5.782172e-01 -5.971597e-01 -6.151813e-01 -6.322545e-01 -6.483527e-01 -6.634512e-01 -6.775267e-01 -6.905575e-01 -7.025235e-01 -7.134063e-01 -7.231890e-01 -7.318567e-01 -7.393959e-01 -7.457950e-01 -7.510441e-01 -7.551352e-01 -7.580619e-01 -7.598197e-01 -7.604060e-01 
7.343225e-01 7.337564e-01 7.320588e-01 7.292325e-01 7.252818e-01 7.202127e-01 7.140331e-01 7.067525e-01 6.983822e-01 6.889350e-01 6.784255e-01 6.668700e-01 6.542861e-01 6.406935e-01 6.261129e-01 6.105669e-01 5.940794e-01 5.766759e-01 5.583832e-01 5.392295e-01 5.192444e-01 4.984587e-01 4.769043e-01 4.546146e-01 4.316239e-01 4.079677e-01 3.836825e-01 3.588056e-01 3.333754e-01 3.074313e-01 2.810131e-01 2.541615e-01 2.269181e-01 1.993248e-01 1.714242e-01 1.432592e-01 1.148733e-01 8.631036e-02 5.761428e-02 2.882937e-02 4.496429e-17 -2.882937e-02 -5.761428e-02 -8.631036e-02 -1.148733e-01 -1.432592e-01 -1.714242e-01 -1.993248e-01 -2.269181e-01 -2.541615e-01 -2.810131e-01 -3.074313e-01 -3.333754e-01 -3.588056e-01 -3.836825e-01 -4.079677e-01 -4.316239e-01 -4.546146e-01 -4.769043e-01 -4.984587e-01 -5.192444e-01 -5.392295e-01 -5.583832e-01 -5.766759e-01 -5.940794e-01 -6.105669e-01 -6.261129e-01 -6.406935e-01 -6.542861e-01 -6.668700e-01 -6.784255e-01 -6.889350e-01 -6.983822e-01 -7.067525e-01 -7.140331e-01 -7.202127e-01 -7.252818e-01 -7.292325e-01 -7.320588e-01 -7.337564e-01 -7.343225e-01 
7.071068e-01 7.065616e-01 7.049270e-01 7.022054e-01 6.984011e-01 6.935199e-01 6.875694e-01 6.805586e-01 6.724985e-01 6.634015e-01 6.532815e-01 6.421542e-01 6.300368e-01 6.169478e-01 6.029076e-01 5.879378e-01 5.720614e-01 5.553029e-01 5.376882e-01 5.192444e-01 5.000000e-01 4.799846e-01 4.592291e-01 4.377655e-01 4.156269e-01 3.928475e-01 3.694623e-01 3.455074e-01 3.210198e-01 2.960371e-01 2.705981e-01 2.447417e-01 2.185080e-01 1.919374e-01 1.650708e-01 1.379497e-01 1.106159e-01 8.311149e-02 5.547896e-02 2.776088e-02 4.329780e-17 -2.776088e-02 -5.547896e-02 -8.311149e-02 -1.106159e-01 -1.379497e-01 -1.650708e-01 -1.919374e-01 -2.185080e-01 -2.447417e-01 -2.705981e-01 -2.960371e-01 -3.210198e-01 -3.455074e-01 -3.694623e-01 -3.928475e-01 -4.156269e-01 -4.377655e-01 -4.592291e-01 -4.799846e-01 -5.000000e-01 -5.192444e-01 -5.376882e-01 -5.553029e-01 -5.720614e-01 -5.879378e-01 -6.029076e-01 -6.169478e-01 -6.300368e-01 -6.421542e-01 -6.532815e-01 -6.634015e-01 -6.724985e-01 -6.805586e-01 -6.875694e-01 -6.935199e-01 -6.984011e-01 -7.022054e-01 -7.049270e-01 -7.065616e-01 -7.071068e-01 
6.788007e-01 6.782774e-01 6.767082e-01 6.740956e-01 6.704436e-01 6.657578e-01 6.600454e-01 6.533153e-01 6.455779e-01 6.368450e-01 6.271301e-01 6.164483e-01 6.048159e-01 5.922509e-01 5.787728e-01 5.644022e-01 5.491613e-01 5.330737e-01 5.161641e-01 4.984587e-01 4.799846e-01 4.607705e-01 4.408458e-01 4.202414e-01 3.989891e-01 3.771215e-01 3.546724e-01 3.316765e-01 3.081691e-01 2.841865e-01 2.597658e-01 2.349445e-01 2.097610e-01 1.842540e-01 1.584629e-01 1.324275e-01 1.061878e-01 7.978447e-02 5.325809e-02 2.664959e-02 4.156456e-17 -2.664959e-02 -5.325809e-02 -7.978447e-02 -1.061878e-01 -1.324275e-01 -1.584629e-01 -1.842540e-01 -2.097610e-01 -2.349445e-01 -2.597658e-01 -2.841865e-01 -3.081691e-01 -3.316765e-01 -3.546724e-01 -3.771215e-01 -3.989891e-01 -4.202414e-01 -4.408458e-01 -4.607705e-01 -4.799846e-01 -4.984587e-01 -5.161641e-01 -5.330737e-01 -5.491613e-01 -5.644022e-01 -5.787728e-01 -5.922509e-01 -6.048159e-01 -6.164483e-01 -6.271301e-01 -6.368450e-01 -6.455779e-01 -6.533153e-01 -6.600454e-01 -6.657578e-01 -6.704436e-01 -6.740956e-01 -6.767082e-01 -6.782774e-01 -6.788007e-01 
6.494480e-01 6.489473e-01 6.474460e-01 6.449464e-01 6.414523e-01 6.369691e-01 6.315037e-01 6.250647e-01 6.176618e-01 6.093065e-01 6.000118e-01 5.897918e-01 5.786624e-01 5.666408e-01 5.537455e-01 5.399963e-01 5.254145e-01 5.100225e-01 4.938442e-01 4.769043e-01 4.592291e-01 4.408458e-01 4.217828e-01 4.020694e-01 3.817360e-01 3.608140e-01 3.393357e-01 3.173341e-01 2.948432e-01 2.718977e-01 2.485330e-01 2.247850e-01 2.006905e-01 1.762865e-01 1.516106e-01 1.267010e-01 1.015961e-01 7.633443e-02 5.095511e-02 2.549721e-02 3.976722e-17 -2.549721e-02 -5.095511e-02 -7.633443e-02 -1.015961e-01 -1.267010e-01 -1.516106e-01 -1.762865e-01 -2.006905e-01 -2.247850e-01 -2.485330e-01 -2.718977e-01 -2.948432e-01 -3.173341e-01 -3.393357e-01 -3.608140e-01 -3.817360e-01 -4.020694e-01 -4.217828e-01 -4.408458e-01 -4.592291e-01 -4.769043e-01 -4.938442e-01 -5.100225e-01 -5.254145e-01 -5.399963e-01 -5.537455e-01 -5.666408e-01 -5.786624e-01 -5.897918e-01 -6.000118e-01 -6.093065e-01 -6.176618e-01 -6.250647e-01 -6.315037e-01 -6.369691e-01 -6.414523e-01 -6.449464e-01 -6.474460e-01 -6.489473e-01 -6.494480e-01 
6.190939e-01 6.186167e-01 6.171855e-01 6.148027e-01 6.114719e-01 6.071982e-01 6.019883e-01 5.958502e-01 5.887933e-01 5.808286e-01 5.719682e-01 5.622259e-01 5.516167e-01 5.401570e-01 5.278644e-01 5.147578e-01 5.008575e-01 4.861850e-01 4.707627e-01 4.546146e-01 4.377655e-01 4.202414e-01 4.020694e-01 3.832773e-01 3.638943e-01 3.439502e-01 3.234757e-01 3.025025e-01 2.810628e-01 2.591897e-01 2.369170e-01 2.142790e-01 1.913106e-01 1.680471e-01 1.445246e-01 1.207792e-01 9.684763e-02 7.276669e-02 4.857355e-02 2.430551e-02 3.790857e-17 -2.430551e-02 -4.857355e-02 -7.276669e-02 -9.684763e-02 -1.207792e-01 -1.445246e-01 -1.680471e-01 -1.913106e-01 -2.142790e-01 -2.369170e-01 -2.591897e-01 -2.810628e-01 -3.025025e-01 -3.234757e-01 -3.439502e-01 -3.638943e-01 -3.832773e-01 -4.020694e-01 -4.202414e-01 -4.377655e-01 -4.546146e-01 -4.707627e-01 -4.861850e-01 -5.008575e-01 -5.147578e-01 -5.278644e-01 -5.401570e-01 -5.516167e-01 -5.622259e-01 -5.719682e-01 -5.808286e-01 -5.887933e-01 -5.958502e-01 -6.019883e-01 -6.071982e-01 -6.114719e-01 -6.148027e-01 -6.171855e-01 -6.186167e-01 -6.190939e-01 
5.877853e-01 5.873321e-01 5.859733e-01 5.837110e-01 5.805486e-01 5.764911e-01 5.715447e-01 5.657170e-01 5.590170e-01 5.514550e-01 5.430428e-01 5.337932e-01 5.237205e-01 5.128403e-01 5.011693e-01 4.887256e-01 4.755283e-01 4.615977e-01 4.469554e-01 4.316239e-01 4.156269e-01 3.989891e-01 3.817360e-01 3.638943e-01 3.454915e-01 3.265560e-01 3.071170e-01 2.872044e-01 2.668489e-01 2.460820e-01 2.249357e-01 2.034425e-01 1.816356e-01 1.595487e-01 1.372157e-01 1.146712e-01 9.194987e-02 6.908675e-02 4.611710e-02 2.307634e-02 3.599147e-17 -2.307634e-02 -4.611710e-02 -6.908675e-02 -9.194987e-02 -1.146712e-01 -1.372157e-01 -1.595487e-01 -1.816356e-01 -2.034425e-01 -2.249357e-01 -2.460820e-01 -2.668489e-01 -2.872044e-01 -3.071170e-01 -3.265560e-01 -3.454915e-01 -3.638943e-01 -3.817360e-01 -3.989891e-01 -4.156269e-01 -4.316239e-01 -4.469554e-01 -4.615977e-01 -4.755283e-01 -4.887256e-01 -5.011693e-01 -5.128403e-01 -5.237205e-01 -5.337932e-01 -5.430428e-01 -5.514550e-01 -5.590170e-01 -5.657170e-01 -5.715447e-01 -5.764911e-01 -5.805486e-01 -5.837110e-01 -5.859733e-01 -5.873321e-01 -5.877853e-01 
5.555702e-01 5.551419e-01 5.538576e-01 5.517193e-01 5.487302e-01 5.448951e-01 5.402198e-01 5.347115e-01 5.283787e-01 5.212312e-01 5.132800e-01 5.045373e-01 4.950167e-01 4.847328e-01 4.737015e-01 4.619398e-01 4.494658e-01 4.362987e-01 4.224589e-01 4.079677e-01 3.928475e-01 3.771215e-01 3.608140e-01 3.439502e-01 3.265560e-01 3.086583e-01 2.902846e-01 2.714634e-01 2.522236e-01 2.325949e-01 2.126075e-01 1.922923e-01 1.716806e-01 1.508042e-01 1.296953e-01 1.083864e-01 8.691033e-02 6.530028e-02 4.358954e-02 2.181158e-02 3.401887e-17 -2.181158e-02 -4.358954e-02 -6.530028e-02 -8.691033e-02 -1.083864e-01 -1.296953e-01 -1.508042e-01 -1.716806e-01 -1.922923e-01 -2.126075e-01 -2.325949e-01 -2.522236e-01 -2.714634e-01 -2.902846e-01 -3.086583e-01 -3.265560e-01 -3.439502e-01 -3.608140e-01 -3.771215e-01 -3.928475e-01 -4.079677e-01 -4.224589e-01 -4.362987e-01 -4.494658e-01 -4.619398e-01 -4.737015e-01 -4.847328e-01 -4.950167e-01 -5.045373e-01 -5.132800e-01 -5.212312e-01 -5.283787e-01 -5.347115e-01 -5.402198e-01 -5.448951e-01 -5.487302e-01 -5.517193e-01 -5.538576e-01 -5.551419e-01 -5.555702e-01 
5.224986e-01 5.220957e-01 5.208879e-01 5.188768e-01 5.160657e-01 5.124589e-01 5.080619e-01 5.028815e-01 4.969257e-01 4.902036e-01 4.827257e-01 4.745035e-01 4.655496e-01 4.558779e-01 4.455033e-01 4.344417e-01 4.227102e-01 4.103270e-01 3.973110e-01 3.836825e-01 3.694623e-01 3.546724e-01 3.393357e-01 3.234757e-01 3.071170e-01 2.902846e-01 2.730048e-01 2.553039e-01 2.372094e-01 2.187491e-01 1.999515e-01 1.808457e-01 1.614609e-01 1.418272e-01 1.219749e-01 1.019344e-01 8.173678e-02 6.141312e-02 4.099476e-02 2.051320e-02 3.199381e-17 -2.051320e-02 -4.099476e-02 -6.141312e-02 -8.173678e-02 -1.019344e-01 -1.219749e-01 -1.418272e-01 -1.614609e-01 -1.808457e-01 -1.999515e-01 -2.187491e-01 -2.372094e-01 -2.553039e-01 -2.730048e-01 -2.902846e-01 -3.071170e-01 -3.234757e-01 -3.393357e-01 -3.546724e-01 -3.694623e-01 -3.836825e-01 -3.973110e-01 -4.103270e-01 -4.227102e-01 -4.344417e-01 -4.455033e-01 -4.558779e-01 -4.655496e-01 -4.745035e-01 -4.827257e-01 -4.902036e-01 -4.969257e-01 -5.028815e-01 -5.080619e-01 -5.124589e-01 -5.160657e-01 -5.188768e-01 -5.208879e-01 -5.220957e-01 -5.224986e-01 
4.886212e-01 4.882445e-01 4.871150e-01 4.852343e-01 4.826055e-01 4.792325e-01 4.751206e-01 4.702761e-01 4.647064e-01 4.584202e-01 4.514272e-01 4.437380e-01 4.353647e-01 4.263201e-01 4.166181e-01 4.062737e-01 3.953029e-01 3.837225e-01 3.715505e-01 3.588056e-01 3.455074e-01 3.316765e-01 3.173341e-01 3.025025e-01 2.872044e-01 2.714634e-01 2.553039e-01 2.387507e-01 2.218294e-01 2.045660e-01 1.869873e-01 1.691201e-01 1.509923e-01 1.326316e-01 1.140664e-01 9.532528e-02 7.643720e-02 5.743127e-02 3.833678e-02 1.918318e-02 2.991942e-17 -1.918318e-02 -3.833678e-02 -5.743127e-02 -7.643720e-02 -9.532528e-02 -1.140664e-01 -1.326316e-01 -1.509923e-01 -1.691201e-01 -1.869873e-01 -2.045660e-01 -2.218294e-01 -2.387507e-01 -2.553039e-01 -2.714634e-01 -2.872044e-01 -3.025025e-01 -3.173341e-01 -3.316765e-01 -3.455074e-01 -3.588056e-01 -3.715505e-01 -3.837225e-01 -3.953029e-01 -4.062737e-01 -4.166181e-01 -4.263201e-01 -4.353647e-01 -4.437380e-01 -4.514272e-01 -4.584202e-01 -4.647064e-01 -4.702761e-01 -4.751206e-01 -4.792325e-01 -4.826055e-01 -4.852343e-01 -4.871150e-01 -4.882445e-01 -4.886212e-01 
4.539905e-01 4.536405e-01 4.525910e-01 4.508436e-01 4.484011e-01 4.452672e-01 4.414467e-01 4.369455e-01 4.317706e-01 4.259300e-01 4.194325e-01 4.122884e-01 4.045085e-01 3.961049e-01 3.870905e-01 3.774793e-01 3.672860e-01 3.565264e-01 3.452171e-01 3.333754e-01 3.210198e-01 3.081691e-01 2.948432e-01 2.810628e-01 2.668489e-01 2.522236e-01 2.372094e-01 2.218294e-01 2.061074e-01 1.900675e-01 1.737346e-01 1.571339e-01 1.402908e-01 1.232314e-01 1.059820e-01 8.856915e-02 7.101976e-02 5.336086e-02 3.561968e-02 1.782358e-02 2.779890e-17 -1.782358e-02 -3.561968e-02 -5.336086e-02 -7.101976e-02 -8.856915e-02 -1.059820e-01 -1.232314e-01 -1.402908e-01 -1.571339e-01 -1.737346e-01 -1.900675e-01 -2.061074e-01 -2.218294e-01 -2.372094e-01 -2.522236e-01 -2.668489e-01 -2.810628e-01 -2.948432e-01 -3.081691e-01 -3.210198e-01 -3.333754e-01 -3.452171e-01 -3.565264e-01 -3.672860e-01 -3.774793e-01 -3.870905e-01 -3.961049e-01 -4.045085e-01 -4.122884e-01 -4.194325e-01 -4.259300e-01 -4.317706e-01 -4.369455e-01 -4.414467e-01 -4.452672e-01 -4.484011e-01 -4.508436e-01 -4.525910e-01 -4.536405e-01 -4.539905e-01 
4.186597e-01 4.183370e-01 4.173691e-01 4.157578e-01 4.135053e-01 4.106153e-01 4.070921e-01 4.029413e-01 3.981691e-01 3.927829e-01 3.867912e-01 3.802030e-01 3.730286e-01 3.652789e-01 3.569661e-01 3.481028e-01 3.387028e-01 3.287806e-01 3.183514e-01 3.074313e-01 2.960371e-01 2.841865e-01 2.718977e-01 2.591897e-01 2.460820e-01 2.325949e-01 2.187491e-01 2.045660e-01 1.900675e-01 1.752760e-01 1.602141e-01 1.449053e-01 1.293730e-01 1.136412e-01 9.773417e-02 8.167646e-02 6.549281e-02 4.920818e-02 3.284766e-02 1.643650e-02 2.563552e-17 -1.643650e-02 -3.284766e-02 -4.920818e-02 -6.549281e-02 -8.167646e-02 -9.773417e-02 -1.136412e-01 -1.293730e-01 -1.449053e-01 -1.602141e-01 -1.752760e-01 -1.900675e-01 -2.045660e-01 -2.187491e-01 -2.325949e-01 -2.460820e-01 -2.591897e-01 -2.718977e-01 -2.841865e-01 -2.960371e-01 -3.074313e-01 -3.183514e-01 -3.287806e-01 -3.387028e-01 -3.481028e-01 -3.569661e-01 -3.652789e-01 -3.730286e-01 -3.802030e-01 -3.867912e-01 -3.927829e-01 -3.981691e-01 -4.029413e-01 -4.070921e-01 -4.106153e-01 -4.135053e-01 -4.157578e-01 -4.173691e-01 -4.183370e-01 -4.186597e-01 
3.826834e-01 3.823884e-01 3.815037e-01 3.800308e-01 3.779720e-01 3.753303e-01 3.721099e-01 3.683157e-01 3.639536e-01 3.590303e-01 3.535534e-01 3.475313e-01 3.409734e-01 3.338898e-01 3.262913e-01 3.181896e-01 3.095974e-01 3.005278e-01 2.909948e-01 2.810131e-01 2.705981e-01 2.597658e-01 2.485330e-01 2.369170e-01 2.249357e-01 2.126075e-01 1.999515e-01 1.869873e-01 1.737346e-01 1.602141e-01 1.464466e-01 1.324533e-01 1.182557e-01 1.038758e-01 8.933567e-02 7.465783e-02 5.986488e-02 4.497961e-02 3.002500e-02 1.502408e-02 2.343260e-17 -1.502408e-02 -3.002500e-02 -4.497961e-02 -5.986488e-02 -7.465783e-02 -8.933567e-02 -1.038758e-01 -1.182557e-01 -1.324533e-01 -1.464466e-01 -1.602141e-01 -1.737346e-01 -1.869873e-01 -1.999515e-01 -2.126075e-01 -2.249357e-01 -2.369170e-01 -2.485330e-01 -2.597658e-01 -2.705981e-01 -2.810131e-01 -2.909948e-01 -3.005278e-01 -3.095974e-01 -3.181896e-01 -3.262913e-01 -3.338898e-01 -3.409734e-01 -3.475313e-01 -3.535534e-01 -3.590303e-01 -3.639536e-01 -3.683157e-01 -3.721099e-01 -3.753303e-01 -3.779720e-01 -3.800308e-01 -3.815037e-01 -3.823884e-01 -3.826834e-01 
3.461171e-01 3.458502e-01 3.450501e-01 3.437179e-01 3.418558e-01 3.394665e-01 3.365538e-01 3.331222e-01 3.291769e-01 3.247240e-01 3.197705e-01 3.143238e-01 3.083926e-01 3.019858e-01 2.951133e-01 2.877858e-01 2.800146e-01 2.718116e-01 2.631895e-01 2.541615e-01 2.447417e-01 2.349445e-01 2.247850e-01 2.142790e-01 2.034425e-01 1.922923e-01 1.808457e-01 1.691201e-01 1.571339e-01 1.449053e-01 1.324533e-01 1.197970e-01 1.069561e-01 9.395017e-02 8.079942e-02 6.752409e-02 5.414464e-02 4.068170e-02 2.715603e-02 1.358849e-02 2.119356e-17 -1.358849e-02 -2.715603e-02 -4.068170e-02 -5.414464e-02 -6.752409e-02 -8.079942e-02 -9.395017e-02 -1.069561e-01 -1.197970e-01 -1.324533e-01 -1.449053e-01 -1.571339e-01 -1.691201e-01 -1.808457e-01 -1.922923e-01 -2.034425e-01 -2.142790e-01 -2.247850e-01 -2.349445e-01 -2.447417e-01 -2.541615e-01 -2.631895e-01 -2.718116e-01 -2.800146e-01 -2.877858e-01 -2.951133e-01 -3.019858e-01 -3.083926e-01 -3.143238e-01 -3.197705e-01 -3.247240e-01 -3.291769e-01 -3.331222e-01 -3.365538e-01 -3.394665e-01 -3.418558e-01 -3.437179e-01 -3.450501e-01 -3.458502e-01 -3.461171e-01 
3.090170e-01 3.087788e-01 3.080644e-01 3.068750e-01 3.052125e-01 3.030793e-01 3.004788e-01 2.974150e-01 2.938926e-01 2.899171e-01 2.854945e-01 2.806317e-01 2.753362e-01 2.696161e-01 2.634803e-01 2.569382e-01 2.500000e-01 2.426763e-01 2.349784e-01 2.269181e-01 2.185080e-01 2.097610e-01 2.006905e-01 1.913106e-01 1.816356e-01 1.716806e-01 1.614609e-01 1.509923e-01 1.402908e-01 1.293730e-01 1.182557e-01 1.069561e-01 9.549150e-02 8.387971e-02 7.213858e-02 6.028622e-02 4.834091e-02 3.632105e-02 2.424519e-02 1.213195e-02 1.892183e-17 -1.213195e-02 -2.424519e-02 -3.632105e-02 -4.834091e-02 -6.028622e-02 -7.213858e-02 -8.387971e-02 -9.549150e-02 -1.069561e-01 -1.182557e-01 -1.293730e-01 -1.402908e-01 -1.509923e-01 -1.614609e-01 -1.716806e-01 -1.816356e-01 -1.913106e-01 -2.006905e-01 -2.097610e-01 -2.185080e-01 -2.269181e-01 -2.349784e-01 -2.426763e-01 -2.500000e-01 -2.569382e-01 -2.634803e-01 -2.696161e-01 -2.753362e-01 -2.806317e-01 -2.854945e-01 -2.899171e-01 -2.938926e-01 -2.974150e-01 -3.004788e-01 -3.030793e-01 -3.052125e-01 -3.068750e-01 -3.080644e-01 -3.087788e-01 -3.090170e-01 
2.714404e-01 2.712312e-01 2.706037e-01 2.695589e-01 2.680986e-01 2.662248e-01 2.639405e-01 2.612493e-01 2.581552e-01 2.546631e-01 2.507783e-01 2.465068e-01 2.418552e-01 2.368307e-01 2.314410e-01 2.256945e-01 2.195999e-01 2.131668e-01 2.064049e-01 1.993248e-01 1.919374e-01 1.842540e-01 1.762865e-01 1.680471e-01 1.595487e-01 1.508042e-01 1.418272e-01 1.326316e-01 1.232314e-01 1.136412e-01 1.038758e-01 9.395017e-02 8.387971e-02 7.367992e-02 6.336651e-02 5.295540e-02 4.246264e-02 3.190440e-02 2.129697e-02 1.065670e-02 1.662093e-17 -1.065670e-02 -2.129697e-02 -3.190440e-02 -4.246264e-02 -5.295540e-02 -6.336651e-02 -7.367992e-02 -8.387971e-02 -9.395017e-02 -1.038758e-01 -1.136412e-01 -1.232314e-01 -1.326316e-01 -1.418272e-01 -1.508042e-01 -1.595487e-01 -1.680471e-01 -1.762865e-01 -1.842540e-01 -1.919374e-01 -1.993248e-01 -2.064049e-01 -2.131668e-01 -2.195999e-01 -2.256945e-01 -2.314410e-01 -2.368307e-01 -2.418552e-01 -2.465068e-01 -2.507783e-01 -2.546631e-01 -2.581552e-01 -2.612493e-01 -2.639405e-01 -2.662248e-01 -2.680986e-01 -2.695589e-01 -2.706037e-01 -2.712312e-01 -2.714404e-01 
2.334454e-01 2.332654e-01 2.327257e-01 2.318272e-01 2.305713e-01 2.289598e-01 2.269952e-01 2.246807e-01 2.220197e-01 2.190164e-01 2.156754e-01 2.120018e-01 2.080013e-01 2.036801e-01 1.990449e-01 1.941027e-01 1.888613e-01 1.833286e-01 1.775132e-01 1.714242e-01 1.650708e-01 1.584629e-01 1.516106e-01 1.445246e-01 1.372157e-01 1.296953e-01 1.219749e-01 1.140664e-01 1.059820e-01 9.773417e-02 8.933567e-02 8.079942e-02 7.213858e-02 6.336651e-02 5.449674e-02 4.554293e-02 3.651890e-02 2.743856e-02 1.831591e-02 9.165022e-03 1.429441e-17 -9.165022e-03 -1.831591e-02 -2.743856e-02 -3.651890e-02 -4.554293e-02 -5.449674e-02 -6.336651e-02 -7.213858e-02 -8.079942e-02 -8.933567e-02 -9.773417e-02 -1.059820e-01 -1.140664e-01 -1.219749e-01 -1.296953e-01 -1.372157e-01 -1.445246e-01 -1.516106e-01 -1.584629e-01 -1.650708e-01 -1.714242e-01 -1.775132e-01 -1.833286e-01 -1.888613e-01 -1.941027e-01 -1.990449e-01 -2.036801e-01 -2.080013e-01 -2.120018e-01 -2.156754e-01 -2.190164e-01 -2.220197e-01 -2.246807e-01 -2.269952e-01 -2.289598e-01 -2.305713e-01 -2.318272e-01 -2.327257e-01 -2.332654e-01 -2.334454e-01 
1.950903e-01 1.949399e-01 1.944889e-01 1.937380e-01 1.926884e-01 1.913417e-01 1.897000e-01 1.877657e-01 1.855419e-01 1.830320e-01 1.802400e-01 1.771699e-01 1.738267e-01 1.702155e-01 1.663418e-01 1.622117e-01 1.578314e-01 1.532077e-01 1.483478e-01 1.432592e-01 1.379497e-01 1.324275e-01 1.267010e-01 1.207792e-01 1.146712e-01 1.083864e-01 1.019344e-01 9.532528e-02 8.856915e-02 8.167646e-02 7.465783e-02 6.752409e-02 6.028622e-02 5.295540e-02 4.554293e-02 3.806023e-02 3.051885e-02 2.293041e-02 1.530661e-02 7.659210e-03 1.194584e-17 -7.659210e-03 -1.530661e-02 -2.293041e-02 -3.051885e-02 -3.806023e-02 -4.554293e-02 -5.295540e-02 -6.028622e-02 -6.752409e-02 -7.465783e-02 -8.167646e-02 -8.856915e-02 -9.532528e-02 -1.019344e-01 -1.083864e-01 -1.146712e-01 -1.207792e-01 -1.267010e-01 -1.324275e-01 -1.379497e-01 -1.432592e-01 -1.483478e-01 -1.532077e-01 -1.578314e-01 -1.622117e-01 -1.663418e-01 -1.702155e-01 -1.738267e-01 -1.771699e-01 -1.802400e-01 -1.830320e-01 -1.855419e-01 -1.877657e-01 -1.897000e-01 -1.913417e-01 -1.926884e-01 -1.937380e-01 -1.944889e-01 -1.949399e-01 -1.950903e-01 
